x coord, y coord, z coord, scalar
0.047675, 0.105964, 0.074319, 0
0.462530, 0.036182, 0.388089, 1
0.060727, 0.077327, 0.297173, 2
0.435205, 0.470894, 0.474508, 3
0.225903, 0.474410, 0.155596, 4
0.361806, 0.059284, 0.532015, 5
0.458639, 0.344658, 0.447010, 6
0.465570, 0.233407, 0.203301, 7
0.246674, 0.140522, 0.333512, 8
0.112221, 0.467855, 0.065499, 9
0.212608, 0.515530, 0.171464, 10
0.286928, 0.441189, 0.207646, 11
0.138146, 0.501915, 0.284973, 12
0.435319, 0.400250, 0.218996, 13
0.372956, 0.089282, 0.156535, 14
0.528552, 0.451088, 0.215819, 15
0.523696, 0.372856, 0.023607, 16
0.433835, 0.301555, 0.257013, 17
0.100265, 0.011358, 0.397535, 18
0.433777, 0.123580, 0.328519, 19
