x coord, y coord, z coord, scalar
-24.693314, -19.958663, 50.377798, 0
-0.619302, 1.760481, -6.346800, 1
10.035612, -3.697290, -3.237643, 2
-2.017426, -3.474978, -4.040124, 3
2.993339, -0.579344, -13.157555, 4
-2.991580, 1.492541, -13.702494, 5
0.300971, -3.031988, -13.183664, 6
6.559119, 5.505641, -5.614685, 7
0.477023, 2.984762, -4.117608, 8
5.676941, 4.420195, -0.091461, 9
-1.413903, -1.949048, -7.893457, 10
8.998986, -0.677123, -2.529943, 11
4.203380, 4.023345, -0.642070, 12
12.183474, -6.097368, -2.032674, 13
0.263111, 1.380269, -6.877492, 14
5.867077, 4.196018, -6.332736, 15
-2.611366, 9.143532, -4.390914, 16
3.178545, 2.557988, -7.832491, 17
3.022840, 1.962073, -2.720151, 18
-7.416938, 12.997467, 1.564036, 19
