x coord, y coord, z coord, scalar
-17.773230, -14.350000, 36.461483, 0
-0.438022, 1.347684, -4.598152, 1
7.412033, -2.683978, -2.240958, 2
-1.455277, -2.516443, -2.822298, 3
2.227906, -0.385246, -9.519538, 4
-2.162406, 1.134126, -9.912702, 5
0.251763, -2.184983, -9.535853, 6
4.865865, 4.097647, -4.003264, 7
0.382375, 2.293134, -2.983681, 8
4.259450, 3.330958, 0.076117, 9
-1.021165, -1.408197, -5.701811, 10
6.675462, -0.464801, -1.727724, 11
3.192826, 3.066486, -0.341506, 12
8.963946, -4.434647, -1.349313, 13
0.221372, 1.062392, -4.983178, 14
4.361135, 3.135854, -4.539192, 15
-1.896750, 6.772689, -3.093412, 16
2.379409, 1.929061, -5.656330, 17
2.339224, 1.533869, -1.952140, 18
-5.406172, 9.552858, 1.293854, 19
