x coord, y coord, z coord, scalar
-14.631190, -11.803398, 30.142961, 0
-0.355456, 1.160198, -3.803703, 1
6.219731, -2.223273, -1.788280, 2
-1.199564, -2.080608, -2.269199, 3
1.880124, -0.296920, -7.866222, 4
-1.785392, 0.971326, -8.190414, 5
0.229534, -1.799888, -7.878109, 6
4.096387, 3.457798, -3.271127, 7
0.339536, 1.978924, -2.468654, 8
3.615363, 2.836032, 0.151914, 9
-0.842487, -1.162232, -4.706012, 10
5.619544, -0.368161, -1.363438, 11
2.733703, 2.631733, -0.205272, 12
7.500778, -3.678770, -1.039052, 13
0.202567, 0.918045, -4.122509, 14
3.676796, 2.654104, -3.724279, 15
-1.571777, 5.695230, -2.504008, 16
2.016333, 1.643320, -4.667517, 17
2.028695, 1.339393, -1.603436, 18
-4.492044, 7.987403, 1.170637, 19
