x coord, y coord, z coord, scalar
0.148543, 0.170878, 0.434309, 0
0.065084, 0.259891, 0.035613, 1
0.413060, 0.045552, 0.380703, 2
0.042688, 0.011505, 0.301333, 3
0.188750, 0.149210, 0.216780, 4
0.082725, 0.185449, 0.228663, 5
0.138037, 0.103641, 0.220056, 6
0.347461, 0.339742, 0.277282, 7
0.147485, 0.462418, 0.005618, 8
0.500164, 0.442950, 0.480245, 9
0.049970, 0.054623, 0.114253, 10
0.484279, 0.119707, 0.374143, 11
0.519892, 0.532767, 0.419695, 12
0.363724, 0.038584, 0.431200, 13
0.128186, 0.227334, 0.043539, 14
0.344966, 0.310059, 0.228988, 15
0.036758, 0.448096, 0.332629, 16
0.256815, 0.258686, 0.135500, 17
0.534096, 0.406171, 0.061047, 18
0.002843, 0.369464, 0.503997, 19
