x coord, y coord, z coord, scalar
-5.861495, -4.695553, 12.508489, 0
-0.122948, 0.636449, -1.582422, 1
2.883209, -0.932430, -0.523704, 2
-0.482013, -0.859147, -0.724289, 3
0.907488, -0.048807, -3.239594, 4
-0.728823, 0.516414, -3.370808, 5
0.168401, -0.720878, -3.239277, 6
1.943337, 1.667436, -1.223792, 7
0.221040, 1.100488, -1.029766, 8
1.813776, 1.451729, 0.361119, 9
-0.340898, -0.472535, -1.921064, 10
2.664866, -0.096511, -0.346358, 11
1.449954, 1.415916, 0.173074, 12
3.405983, -1.561568, -0.173230, 13
0.151247, 0.515022, -1.715743, 14
1.762114, 1.306360, -1.445226, 15
-0.660657, 2.679966, -0.856678, 16
1.001076, 0.844341, -1.901675, 17
1.160877, 0.796170, -0.630223, 18
-1.931334, 3.606420, 0.822307, 19
