x coord, y coord, z coord, scalar
-24.063902, -19.448531, 49.112037, 0
-0.602837, 1.722940, -6.187797, 1
9.797084, -3.605180, -3.147003, 2
-1.966339, -3.387851, -3.929371, 3
2.923741, -0.561708, -12.826797, 4
-2.916211, 1.459947, -13.357937, 5
0.296485, -2.954996, -12.852013, 6
6.405170, 5.377628, -5.468162, 7
0.468402, 2.921871, -4.014488, 8
5.548058, 4.321157, -0.076192, 9
-1.378214, -1.899891, -7.694180, 10
8.787736, -0.657833, -2.456982, 11
4.111491, 3.936342, -0.614711, 12
11.890767, -5.946220, -1.970518, 13
0.259302, 1.351359, -6.705247, 14
5.730156, 4.099627, -6.169656, 15
-2.546415, 8.927983, -4.272926, 16
3.105881, 2.500800, -7.634626, 17
2.960674, 1.923131, -2.650296, 18
-7.234154, 12.684296, 1.539511, 19
