x coord, y coord, z coord, scalar
-12.747576, -10.276737, 26.355146, 0
-0.305840, 1.047776, -3.327217, 1
5.504460, -1.946800, -1.516840, 2
-1.046047, -1.819042, -1.937554, 3
1.671522, -0.243878, -6.874385, 4
-1.559130, 0.873699, -7.157202, 5
0.216260, -1.568788, -6.883626, 6
3.634786, 3.073959, -2.831998, 7
0.313916, 1.790476, -2.159821, 8
3.229017, 2.539161, 0.197218, 9
-0.735206, -1.014595, -4.108722, 10
4.986102, -0.310115, -1.145035, 11
2.458332, 2.370966, -0.123711, 12
6.622995, -3.225201, -0.853063, 13
0.191360, 0.831503, -3.606286, 14
3.266277, 2.365120, -3.235487, 15
-1.376723, 5.048847, -2.150538, 16
1.798566, 1.471939, -4.074392, 17
1.842473, 1.222783, -1.394397, 18
-3.943501, 7.048260, 1.096517, 19
