x coord, y coord, z coord, scalar
-19.659666, -15.878941, 40.255081, 0
-0.487503, 1.460228, -5.074959, 1
8.127496, -2.960363, -2.512691, 2
-1.608637, -2.777896, -3.154318, 3
2.436624, -0.438207, -10.511643, 4
-2.388573, 1.231847, -10.946196, 5
0.265149, -2.416008, -10.530623, 6
5.327616, 4.481608, -4.442661, 7
0.408143, 2.481718, -3.292836, 8
4.645983, 3.627977, 0.030507, 9
-1.128315, -1.555733, -6.299433, 10
7.309093, -0.522740, -1.946421, 11
3.468377, 3.327403, -0.423382, 12
9.841937, -4.888140, -1.535595, 13
0.232714, 1.149050, -5.499714, 14
4.771801, 3.424954, -5.028257, 15
-2.091683, 7.419234, -3.447184, 16
2.597314, 2.100553, -6.249741, 17
2.525614, 1.650612, -2.161499, 18
-5.954598, 10.492228, 1.367641, 19
