x coord, y coord, z coord, scalar
-18.401955, -14.859577, 37.725837, 0
-0.454520, 1.385194, -4.757078, 1
7.650515, -2.776109, -2.331527, 2
-1.506402, -2.603598, -2.932960, 3
2.297475, -0.402902, -9.850231, 4
-2.237798, 1.166697, -10.257191, 5
0.256222, -2.261994, -9.867434, 6
5.019777, 4.225630, -4.149721, 7
0.390960, 2.355991, -3.086722, 8
4.388289, 3.429960, 0.060923, 9
-1.056886, -1.457379, -5.901008, 10
6.886666, -0.484117, -1.800614, 11
3.284671, 3.153454, -0.368788, 12
9.256603, -4.585813, -1.411398, 13
0.225149, 1.091274, -5.155347, 14
4.498019, 3.232217, -4.702205, 15
-1.961731, 6.988199, -3.211327, 16
2.452040, 1.986221, -5.854125, 17
2.401349, 1.572779, -2.021916, 18
-5.588984, 9.865974, 1.318460, 19
