x coord, y coord, z coord, scalar
-8.360082, -6.720675, 17.532489, 0
-0.189709, 0.785788, -2.216276, 1
3.836015, -1.301459, -0.884276, 2
-0.687419, -1.208417, -1.164738, 3
1.185096, -0.119896, -4.560820, 4
-1.030932, 0.646156, -4.747134, 5
0.185590, -1.029352, -4.563940, 6
2.558120, 2.178663, -1.808081, 7
0.254533, 1.351130, -1.440078, 8
2.328045, 1.846867, 0.302105, 9
-0.484532, -0.669839, -2.715935, 10
3.508582, -0.174390, -0.636220, 11
1.816286, 1.762915, 0.065754, 12
4.575398, -2.166669, -0.419876, 13
0.165576, 0.629883, -2.402610, 14
2.308798, 1.691139, -2.095706, 15
-0.921275, 3.541059, -1.326589, 16
1.290810, 1.072347, -2.691204, 17
1.408408, 0.951049, -0.907495, 18
-2.663253, 4.857546, 0.922668, 19
