x coord, y coord, z coord, scalar
-5.238596, -4.190686, 11.256068, 0
-0.106176, 0.599189, -1.424157, 1
2.645130, -0.840120, -0.433744, 2
-0.430564, -0.771759, -0.614417, 3
0.838158, -0.030986, -2.909454, 4
-0.653239, 0.484036, -3.026902, 5
0.164172, -0.643715, -2.908289, 6
1.789735, 1.539705, -1.077883, 7
0.212756, 1.037912, -0.927386, 8
1.685327, 1.353039, 0.375685, 9
-0.304911, -0.423148, -1.722553, 10
2.454057, -0.076977, -0.274074, 11
1.358484, 1.329262, 0.199712, 12
3.113762, -1.410248, -0.111750, 13
0.147747, 0.486378, -1.544220, 14
1.625534, 1.210237, -1.282774, 15
-0.595429, 2.464795, -0.739388, 16
0.928726, 0.787407, -1.704469, 17
1.099098, 0.757531, -0.561099, 18
-1.748283, 3.293786, 0.797008, 19
