x coord, y coord, z coord, scalar
-22.805239, -18.428398, 46.580843, 0
-0.569899, 1.647866, -5.869808, 1
9.320038, -3.420957, -2.965738, 2
-1.864155, -3.213591, -3.707886, 3
2.784552, -0.526431, -12.165295, 4
-2.765468, 1.394766, -12.668837, 5
0.287519, -2.801008, -12.188727, 6
6.097281, 5.121609, -5.175133, 7
0.451169, 2.796098, -3.808266, 8
5.290302, 4.123089, -0.045673, 9
-1.306829, -1.801571, -7.295645, 10
8.365246, -0.619246, -2.311075, 11
3.927725, 3.762343, -0.560011, 12
11.305364, -5.643920, -1.846222, 13
0.251690, 1.293543, -6.360774, 14
5.456324, 3.906850, -5.843512, 15
-2.416504, 8.496894, -4.036966, 16
2.960561, 2.386432, -7.238913, 17
2.836353, 1.845253, -2.510604, 18
-6.868579, 12.057966, 1.490442, 19
