x coord, y coord, z coord, scalar
-19.030769, -15.369225, 38.990373, 0
-0.471013, 1.422709, -4.916014, 1
7.889003, -2.868237, -2.422105, 2
-1.557522, -2.690749, -3.043633, 3
2.367048, -0.420556, -10.180933, 4
-2.313187, 1.199271, -10.601689, 5
0.260684, -2.339002, -10.199025, 6
5.173694, 4.353617, -4.296187, 7
0.399549, 2.418853, -3.189774, 8
4.517133, 3.528966, 0.045720, 9
-1.092602, -1.506557, -6.100216, 10
7.097877, -0.503430, -1.873513, 11
3.376522, 3.240426, -0.396081, 12
9.549267, -4.736978, -1.473492, 13
0.228930, 1.120161, -5.327526, 14
4.634908, 3.328584, -4.865227, 15
-2.026709, 7.203714, -3.329251, 16
2.524675, 2.043385, -6.051929, 17
2.463479, 1.611693, -2.091703, 18
-5.771793, 10.179098, 1.343056, 19
