x coord, y coord, z coord, scalar
-29.730220, -24.041016, 60.507191, 0
-0.750944, 2.060876, -7.619011, 1
11.943948, -4.434113, -3.962934, 2
-2.426035, -4.171929, -4.926361, 3
3.550187, -0.720387, -15.803777, 4
-3.594477, 1.753344, -16.459119, 5
0.336923, -3.647880, -15.837035, 6
7.790795, 6.529815, -6.787019, 7
0.546075, 3.487962, -4.942754, 8
6.708113, 5.212583, -0.213782, 9
-1.699338, -2.342245, -9.487862, 10
10.689096, -0.831382, -3.113805, 11
4.938588, 4.719459, -0.861122, 12
14.525249, -7.306507, -2.530091, 13
0.293666, 1.611623, -8.255632, 14
6.962522, 4.967217, -7.637532, 15
-3.130909, 10.868016, -5.334992, 16
3.759935, 3.015551, -9.415571, 17
3.520260, 2.273688, -3.279173, 18
-8.879142, 15.502965, 1.760047, 19
