x coord, y coord, z coord, scalar
-26.581839, -21.489291, 54.175675, 0
-0.668683, 1.873116, -6.823844, 1
10.751217, -3.973609, -3.509594, 2
-2.170672, -3.736347, -4.372421, 3
3.202144, -0.632244, -14.149859, 4
-3.217677, 1.590332, -14.736197, 5
0.314440, -3.262956, -14.178646, 6
7.020981, 5.889693, -6.054280, 7
0.502901, 3.173447, -4.427002, 8
6.063610, 4.717324, -0.137297, 9
-1.520956, -2.096508, -8.491322, 10
9.632756, -0.734982, -2.748859, 11
4.479063, 4.284372, -0.724179, 12
13.061617, -6.550804, -2.219173, 13
0.274554, 1.467014, -7.394259, 14
6.277852, 4.485205, -6.822004, 15
-2.806208, 9.790196, -4.744910, 16
3.396551, 2.729562, -8.426114, 17
3.209354, 2.078914, -2.929748, 18
-7.965277, 13.937004, 1.637577, 19
