x coord, y coord, z coord, scalar
-15.887657, -12.821757, 32.669654, 0
-0.388499, 1.235177, -4.121443, 1
6.696628, -2.407566, -1.969314, 2
-1.301868, -2.254956, -2.490392, 3
2.019222, -0.332261, -8.527515, 4
-1.936209, 1.036434, -8.879294, 5
0.238411, -1.953935, -8.541171, 6
4.404159, 3.713722, -3.563949, 7
0.356653, 2.104591, -2.674625, 8
3.872975, 3.033984, 0.121633, 9
-0.913974, -1.260630, -5.104291, 10
6.041888, -0.406830, -1.509116, 11
2.917330, 2.805616, -0.259727, 12
8.086020, -3.981130, -1.163120, 13
0.210072, 0.975769, -4.466738, 14
3.950513, 2.846789, -4.050210, 15
-1.701781, 6.126194, -2.739732, 16
2.161547, 1.757603, -5.063007, 17
2.152886, 1.417167, -1.742878, 18
-4.857709, 8.613557, 1.219965, 19
