x coord, y coord, z coord, scalar
0.464286, 0.187296, 0.606062, 0
-0.273078, 1.528801, -0.881644, 1
0.328688, 0.384305, 0.257391, 2
1.839055, 3.280502, 0.981480, 3
-1.086058, 2.000217, -0.416202, 4
0.564717, 1.607175, -0.872433, 5
-1.179134, 1.019515, -0.641315, 6
0.723114, 1.856648, -0.547829, 7
-0.421203, 1.288685, -0.896518, 8
-0.765332, 1.050055, -1.071736, 9
-1.353938, 0.474210, -0.922824, 10
0.582252, 1.345335, -1.268795, 11
-2.081748, 0.276804, -0.267018, 12
-0.903498, -0.025983, -1.400179, 13
-1.926462, 1.163254, -0.110299, 14
0.645409, 1.607549, -3.872034, 15
0.916487, 0.474039, -1.886343, 16
-0.716254, 0.153740, -1.466238, 17
-0.844391, 3.968030, 0.092609, 18
0.414645, 1.776527, -1.316513, 19
