x coord, y coord, z coord, scalar
0.383641, -0.027861, 0.443900, 0
0.155124, 0.569727, -0.020206, 1
0.271165, 0.239928, 0.138411, 2
0.772612, 0.879896, 0.597406, 3
-0.034749, 0.602708, 0.209142, 4
0.461111, 0.618894, -0.033672, 5
-0.157739, 0.374434, 0.077447, 6
0.517259, 0.693407, 0.099487, 7
0.078656, 0.517141, -0.063354, 8
-0.008376, 0.382041, -0.069694, 9
-0.180919, 0.171719, 0.008159, 10
0.462405, 0.484865, -0.136662, 11
-0.325800, 0.097757, 0.252324, 12
-0.033039, 0.005659, -0.150833, 13
-0.272760, 0.354100, 0.299958, 14
0.459248, 0.462642, -0.708075, 15
0.556729, 0.162149, -0.255724, 16
0.020365, 0.066241, -0.187432, 17
0.066134, 1.079282, 0.357095, 18
0.402913, 0.556628, -0.073062, 19
