x coord, y coord, z coord, scalar
0.356090, -0.110285, 0.396288, 0
-0.037770, 1.001596, -0.407909, 1
0.252889, 0.180685, 0.108345, 2
1.294361, 2.054020, 0.785622, 3
-0.531681, 1.263115, -0.086009, 4
0.507563, 1.060583, -0.408199, 5
-0.620268, 0.666096, -0.247626, 6
0.609961, 1.216197, -0.190894, 7
-0.143066, 0.859048, -0.432539, 8
-0.352023, 0.684837, -0.524225, 9
-0.719150, 0.309928, -0.418666, 10
0.516954, 0.875517, -0.650659, 11
-1.153646, 0.181706, 0.007811, 12
-0.432020, -0.009537, -0.723151, 13
-1.055507, 0.736762, 0.106169, 14
0.551481, 1.029344, -2.274526, 15
0.724687, 0.307221, -1.016480, 16
-0.315777, 0.105483, -0.770647, 17
-0.382840, 2.503758, 0.226943, 18
0.408517, 1.128294, -0.655610, 19
