x coord, y coord, z coord, scalar
0.430268, 0.102342, 0.534092, 0
0.107586, 0.676204, -0.115628, 1
0.303315, 0.329542, 0.202276, 2
0.916890, 1.204387, 0.649620, 3
-0.165326, 0.776232, 0.131805, 4
0.472532, 0.726778, -0.124945, 5
-0.272510, 0.446702, -0.003030, 6
0.540127, 0.821886, 0.028393, 7
0.024990, 0.599873, -0.152575, 8
-0.093934, 0.457324, -0.182700, 9
-0.316750, 0.206426, -0.099391, 10
0.476065, 0.582163, -0.264574, 11
-0.542512, 0.119577, 0.188495, 12
-0.133593, 0.001611, -0.294933, 13
-0.478837, 0.454746, 0.249149, 14
0.485266, 0.622205, -1.149286, 15
0.600152, 0.199451, -0.452021, 16
-0.063875, 0.075869, -0.333455, 17
-0.059538, 1.478063, 0.320806, 18
0.404438, 0.705108, -0.224220, 19
