x coord, y coord, z coord, scalar
0.388315, -0.013019, 0.454042, 0
0.132385, 0.620619, -0.065831, 1
0.274405, 0.250472, 0.145239, 2
0.843986, 1.040383, 0.623262, 3
-0.098320, 0.687154, 0.171520, 4
0.466564, 0.670346, -0.077213, 5
-0.212703, 0.408995, 0.038925, 6
0.528194, 0.754793, 0.065524, 7
0.053105, 0.556487, -0.105816, 8
-0.049389, 0.418078, -0.123845, 9
-0.246241, 0.188355, -0.043545, 10
0.468958, 0.531485, -0.197987, 11
-0.431122, 0.108312, 0.221324, 12
-0.081366, 0.003654, -0.220070, 13
-0.373115, 0.403071, 0.275241, 14
0.472203, 0.542040, -0.927665, 15
0.577750, 0.180155, -0.350732, 16
-0.020064, 0.070803, -0.257493, 17
0.003712, 1.277359, 0.339094, 18
0.403658, 0.628634, -0.146380, 19
