x coord, y coord, z coord, scalar
0.342635, -0.165830, 0.378882, 0
-0.452214, 1.930106, -1.242470, 1
0.245449, 0.138704, 0.101432, 2
2.233239, 4.168197, 1.123106, 3
-1.495388, 2.544476, -0.660195, 4
0.608349, 2.025421, -1.227958, 5
-1.602938, 1.287658, -0.940104, 6
0.809252, 2.344822, -0.820263, 7
-0.635234, 1.619340, -1.253780, 8
-1.078270, 1.326711, -1.486491, 9
-1.831080, 0.597886, -1.301972, 10
0.631596, 1.700975, -1.736844, 11
-2.767787, 0.347239, -0.470334, 12
-1.258054, -0.038108, -1.909479, 13
-2.568883, 1.477924, -0.270151, 14
0.712899, 2.023171, -5.020260, 15
1.059109, 0.598275, -2.533527, 16
-1.018312, 0.190377, -1.991058, 17
-1.176933, 5.022985, -0.004268, 18
0.419136, 2.257597, -1.807127, 19
