x coord, y coord, z coord, scalar
0.415182, 0.053185, 0.512464, 0
-0.186367, 1.334525, -0.707029, 1
0.293455, 0.294920, 0.187930, 2
1.643267, 2.839620, 0.911108, 3
-0.884797, 1.732612, -0.296283, 4
0.543624, 1.405250, -0.700873, 5
-0.973568, 0.889478, -0.496451, 6
0.681414, 1.620490, -0.416135, 7
-0.318179, 1.129521, -0.724605, 8
-0.613422, 0.915780, -0.870452, 9
-1.121441, 0.413987, -0.738127, 10
0.558272, 1.172670, -1.041600, 11
-1.744608, 0.242221, -0.167147, 12
-0.730771, -0.020023, -1.152108, 13
-1.610423, 1.008470, -0.031707, 14
0.611766, 1.400408, -3.299754, 15
0.846607, 0.413213, -1.569350, 16
-0.569327, 0.135970, -1.210999, 17
-0.678853, 3.442867, 0.140811, 18
0.412427, 1.540596, -1.075942, 19
