x coord, y coord, z coord, scalar
0.342541, -0.154285, 0.374193, 0
-0.220787, 1.411579, -0.776337, 1
0.244478, 0.148228, 0.095763, 2
1.721460, 3.015693, 0.939211, 3
-0.964980, 1.839196, -0.344064, 4
0.551978, 1.485300, -0.768937, 5
-1.055167, 0.941050, -0.553963, 6
0.697955, 1.714188, -0.468422, 7
-0.359011, 1.192539, -0.792739, 8
-0.673735, 0.969043, -0.950370, 9
-1.213812, 0.437875, -0.811513, 10
0.567784, 1.241196, -1.131831, 11
-1.878857, 0.255967, -0.206923, 12
-0.799378, -0.022428, -1.250642, 13
-1.736327, 1.070108, -0.063024, 14
0.625212, 1.483193, -3.528484, 15
0.874401, 0.437384, -1.695477, 16
-0.627667, 0.142985, -1.312344, 17
-0.745001, 3.652708, 0.121549, 18
0.413304, 1.634496, -1.171724, 19
