x coord, y coord, z coord, scalar
0.347412, -0.137016, 0.381415, 0
-0.118920, 1.183371, -0.571237, 1
0.247355, 0.161127, 0.099425, 2
1.487528, 2.488940, 0.855108, 3
-0.726114, 1.521607, -0.201771, 4
0.527230, 1.248515, -0.567785, 5
-0.813377, 0.788145, -0.383611, 6
0.648973, 1.436886, -0.313829, 7
-0.238419, 1.006275, -0.591551, 8
-0.494962, 0.811072, -0.713529, 9
-0.939544, 0.366886, -0.593666, 10
0.539551, 1.037997, -0.864452, 11
-1.478901, 0.214977, -0.088470, 12
-0.595658, -0.015336, -0.958090, 13
-1.361122, 0.886374, 0.030251, 14
0.584920, 1.235146, -2.843166, 15
0.791672, 0.365417, -1.320236, 16
-0.454548, 0.122111, -1.011636, 17
-0.546921, 3.024306, 0.179211, 18
0.410668, 1.354977, -0.886717, 19
