x coord, y coord, z coord, scalar
0.441661, 0.116833, 0.565586, 0
-0.379801, 1.767897, -1.096600, 1
0.312703, 0.336513, 0.227774, 2
2.075221, 3.812337, 1.066339, 3
-1.330759, 2.325583, -0.562050, 4
0.590706, 1.856212, -1.084097, 5
-1.431741, 1.179338, -0.819388, 6
0.774435, 2.147450, -0.710087, 7
-0.548558, 1.485442, -1.109085, 8
-0.951889, 1.214981, -1.318976, 9
-1.638624, 0.547993, -1.149027, 10
0.611677, 1.557358, -1.547815, 11
-2.491827, 0.318901, -0.388537, 12
-1.115035, -0.033228, -1.704028, 13
-2.310554, 1.351387, -0.205858, 14
0.685876, 1.856745, -4.560484, 15
1.001685, 0.548244, -2.272917, 16
-0.896408, 0.175581, -1.779241, 17
-1.043722, 4.600391, 0.034545, 18
0.417334, 2.063957, -1.609632, 19
