x coord, y coord, z coord, scalar
0.436473, 0.117721, 0.550253, 0
-0.069711, 1.073234, -0.472190, 1
0.308125, 0.339324, 0.214513, 2
1.371377, 2.227419, 0.813339, 3
-0.608808, 1.365695, -0.131907, 4
0.515319, 1.134536, -0.470904, 5
-0.696403, 0.714267, -0.301208, 6
0.625333, 1.303077, -0.239211, 7
-0.180513, 0.916950, -0.494972, 8
-0.408398, 0.734679, -0.598868, 9
-0.806258, 0.332478, -0.487807, 10
0.525886, 0.939644, -0.734940, 11
-1.282698, 0.194932, -0.030366, 12
-0.496705, -0.011797, -0.816007, 13
-1.176799, 0.796169, 0.076064, 14
0.564841, 1.111551, -2.501654, 15
0.751242, 0.330308, -1.136804, 16
-0.370590, 0.112087, -0.865824, 17
-0.448332, 2.711550, 0.207900, 18
0.409383, 1.218151, -0.747158, 19
