x coord, y coord, z coord, scalar
0.387983, -0.030263, 0.463067, 0
-0.308378, 1.607847, -0.952738, 1
0.275121, 0.236402, 0.154843, 2
1.917652, 3.457495, 1.009722, 3
-1.167297, 2.108218, -0.464623, 4
0.573301, 1.689461, -0.942399, 5
-1.262704, 1.072361, -0.700229, 6
0.740082, 1.952800, -0.601498, 7
-0.463264, 1.353628, -0.966719, 8
-0.827063, 1.104599, -1.153545, 9
-1.448214, 0.498620, -0.997734, 10
0.591984, 1.415477, -1.361137, 11
-2.217844, 0.290760, -0.307350, 12
-0.973539, -0.028405, -1.500783, 13
-2.053980, 1.225698, -0.142027, 14
0.658887, 1.690544, -4.101334, 15
0.944735, 0.498628, -2.014536, 16
-0.775883, 0.160944, -1.569835, 17
-0.910765, 4.178589, 0.073275, 18
0.415534, 1.871870, -1.413763, 19
