x coord, y coord, z coord, scalar
0.382895, -0.040892, 0.452024, 0
-0.238129, 1.450452, -0.811261, 1
0.271459, 0.229375, 0.146687, 2
1.760618, 3.103871, 0.953287, 3
-1.005234, 1.892727, -0.368046, 4
0.556201, 1.525699, -0.803246, 5
-1.096291, 0.967075, -0.582940, 6
0.706298, 1.761428, -0.494755, 7
-0.379618, 1.224391, -0.827124, 8
-0.704125, 0.995916, -0.990634, 9
-1.260328, 0.449933, -0.848463, 10
0.572584, 1.275745, -1.177274, 11
-1.946301, 0.262891, -0.226899, 12
-0.833940, -0.023612, -1.300279, 13
-1.799543, 1.101074, -0.078741, 14
0.631941, 1.524623, -3.642943, 15
0.888384, 0.449559, -1.758891, 16
-0.657066, 0.146551, -1.363414, 17
-0.778108, 3.757743, 0.111909, 18
0.413749, 1.681693, -1.219841, 19
