x coord, y coord, z coord, scalar
-11.492727, -9.259686, 23.831766, 0
-0.272720, 0.972867, -3.009660, 1
5.027674, -1.762456, -1.335974, 2
-0.943653, -1.644629, -1.716577, 3
1.532490, -0.208491, -6.213245, 4
-1.408259, 0.808644, -6.468483, 5
0.207446, -1.414697, -6.220728, 6
3.327099, 2.818105, -2.539330, 7
0.296883, 1.664887, -1.954035, 8
2.971511, 2.341295, 0.227324, 9
-0.663644, -0.916139, -3.710632, 10
4.563867, -0.271385, -0.999526, 11
2.274808, 2.197169, -0.069436, 12
6.037872, -2.922797, -0.729162, 13
0.183932, 0.773845, -3.262237, 14
2.992645, 2.172501, -2.909712, 15
-1.246650, 4.617977, -1.914987, 16
1.653431, 1.357720, -3.679066, 17
1.718379, 1.145085, -1.255138, 18
-3.577768, 6.422237, 1.046997, 19
