x coord, y coord, z coord, scalar
-7.734615, -6.213731, 16.274809, 0
-0.173057, 0.748418, -2.057720, 1
3.597756, -1.209227, -0.794048, 2
-0.636114, -1.121132, -1.054514, 3
1.115660, -0.102147, -4.230436, 4
-0.955432, 0.613693, -4.402971, 5
0.181260, -0.952255, -4.232691, 6
2.404381, 2.050821, -1.661932, 7
0.246117, 1.288430, -1.337407, 8
2.199423, 1.748039, 0.316947, 9
-0.448661, -0.620542, -2.517121, 10
3.297597, -0.154951, -0.563669, 11
1.724650, 1.676121, 0.092675, 12
4.282983, -2.015415, -0.358129, 13
0.161955, 0.601135, -2.230802, 14
2.172084, 1.594910, -1.933007, 15
-0.856155, 3.325738, -1.209023, 16
1.218337, 1.015313, -2.493739, 17
1.346477, 0.912291, -0.838086, 18
-2.480307, 4.544696, 0.897676, 19
