x coord, y coord, z coord, scalar
-25.952285, -20.979044, 52.909622, 0
-0.652225, 1.835569, -6.664824, 1
10.512679, -3.881504, -3.418939, 2
-2.119592, -3.649226, -4.261650, 3
3.132540, -0.614612, -13.819086, 4
-3.142313, 1.557733, -14.391625, 5
0.309948, -3.185968, -13.846981, 6
6.867024, 5.761674, -5.907744, 7
0.494272, 3.110550, -4.323865, 8
5.934717, 4.618279, -0.122013, 9
-1.485273, -2.047356, -8.292029, 10
9.421497, -0.715697, -2.675882, 11
4.387166, 4.197360, -0.696804, 12
12.768899, -6.399660, -2.157002, 13
0.270738, 1.438097, -7.221999, 14
6.140925, 4.388807, -6.658910, 15
-2.741263, 9.574639, -4.626906, 16
3.323880, 2.672368, -8.228235, 17
3.147180, 2.039965, -2.859877, 18
-7.782499, 13.623822, 1.613069, 19
