x coord, y coord, z coord, scalar
-10.238781, -8.243364, 21.310236, 0
-0.239558, 0.897997, -2.692206, 1
4.550949, -1.578085, -1.155203, 2
-0.841209, -1.470180, -1.495722, 3
1.393496, -0.173079, -5.552191, 4
-1.257358, 0.743619, -5.779855, 5
0.198669, -1.260582, -5.557923, 6
3.019460, 2.562289, -2.246746, 7
0.279897, 1.539341, -1.748351, 8
2.714066, 2.143477, 0.257333, 9
-0.592040, -0.817650, -3.312649, 10
4.141693, -0.232620, -0.854111, 11
2.091343, 2.023420, -0.015261, 12
5.452817, -2.620370, -0.605356, 13
0.176548, 0.716224, -2.918288, 14
2.719059, 1.979920, -2.584024, 15
-1.116538, 4.187158, -1.679532, 16
1.508340, 1.243536, -3.283832, 17
1.594338, 1.067429, -1.115981, 18
-3.211999, 5.796287, 0.997371, 19
