x coord, y coord, z coord, scalar
-10.865629, -8.751423, 22.570744, 0
-0.256145, 0.935427, -2.850919, 1
4.789303, -1.670274, -1.245575, 2
-0.892438, -1.557409, -1.606133, 3
1.462988, -0.190789, -5.882706, 4
-1.332812, 0.776128, -6.124157, 5
0.203052, -1.337643, -5.889313, 6
3.173273, 2.690192, -2.393026, 7
0.288383, 1.602108, -1.851179, 8
2.842780, 2.242379, 0.242342, 9
-0.627848, -0.866899, -3.511626, 10
4.352772, -0.252007, -0.926805, 11
2.183067, 2.110288, -0.042335, 12
5.745335, -2.771587, -0.667246, 13
0.180234, 0.745029, -3.090249, 14
2.855845, 2.076205, -2.746856, 15
-1.181599, 4.402560, -1.797246, 16
1.580879, 1.300623, -3.481436, 17
1.656351, 1.106251, -1.185545, 18
-3.394889, 6.109252, 1.022199, 19
