x coord, y coord, z coord, scalar
-23.434543, -18.938442, 47.846383, 0
-0.586370, 1.685402, -6.028799, 1
9.558559, -3.513069, -3.056368, 2
-1.915249, -3.300722, -3.818625, 3
2.854145, -0.544070, -12.496043, 4
-2.840841, 1.427356, -13.013384, 5
0.292001, -2.878003, -12.520367, 6
6.251224, 5.249617, -5.321645, 7
0.459784, 2.858984, -3.911374, 8
5.419178, 4.222122, -0.060930, 9
-1.342522, -1.850732, -7.494909, 10
8.576489, -0.638541, -2.384025, 11
4.019606, 3.849341, -0.587358, 12
11.598064, -5.795071, -1.908367, 13
0.255495, 1.322450, -6.533008, 14
5.593239, 4.003237, -6.006582, 15
-2.481461, 8.712437, -4.154943, 16
3.033220, 2.443615, -7.436767, 17
2.898512, 1.884191, -2.580447, 18
-7.051368, 12.371129, 1.514979, 19
