x coord, y coord, z coord, scalar
-12.120051, -9.768130, 25.093249, 0
-0.289285, 1.010318, -3.168427, 1
5.266060, -1.854631, -1.426397, 2
-0.994856, -1.731839, -1.827052, 3
1.602002, -0.226188, -6.543805, 4
-1.483698, 0.841168, -6.812832, 5
0.211849, -1.491745, -6.552167, 6
3.480937, 2.946027, -2.685654, 7
0.305394, 1.727676, -2.056917, 8
3.100257, 2.440223, 0.212282, 9
-0.699429, -0.965370, -3.909665, 10
4.774978, -0.290754, -1.072270, 11
2.366564, 2.284062, -0.096562, 12
6.330426, -3.074002, -0.791102, 13
0.187642, 0.802669, -3.434251, 14
3.129456, 2.268807, -3.072589, 15
-1.311691, 4.833406, -2.032751, 16
1.725994, 1.414825, -3.876719, 17
1.780420, 1.183929, -1.324756, 18
-3.760639, 6.735240, 1.071769, 19
