x coord, y coord, z coord, scalar
-21.546810, -17.408454, 44.050128, 0
-0.536950, 1.572802, -5.551846, 1
8.843008, -3.236725, -2.784499, 2
-1.761959, -3.039321, -3.486433, 3
2.645373, -0.491147, -11.503815, 4
-2.614717, 1.329591, -11.979760, 5
0.278563, -2.647013, -11.525465, 6
5.789404, 4.865600, -4.882125, 7
0.433948, 2.670337, -3.602071, 8
5.032561, 3.925034, -0.015179, 9
-1.235432, -1.703243, -6.897136, 10
7.942771, -0.580651, -2.165192, 11
3.743973, 3.588356, -0.505337, 12
10.719979, -5.341613, -1.721951, 13
0.244090, 1.235738, -6.016328, 14
5.182505, 3.714083, -5.517391, 15
-2.286584, 8.065819, -3.801032, 16
2.815252, 2.272072, -6.843224, 17
2.712045, 1.767387, -2.370940, 18
-6.502995, 11.431655, 1.441345, 19
