x coord, y coord, z coord, scalar
-25.322776, -20.468834, 51.643661, 0
-0.635765, 1.798024, -6.505810, 1
10.274144, -3.789397, -3.328289, 2
-2.068510, -3.562103, -4.150884, 3
3.062938, -0.596979, -13.488319, 4
-3.066948, 1.525136, -14.047057, 5
0.305459, -3.108979, -13.515320, 6
6.713070, 5.633656, -5.761212, 7
0.485646, 3.047655, -4.220734, 8
5.805828, 4.519235, -0.106734, 9
-1.449589, -1.998203, -8.092740, 10
9.210240, -0.696411, -2.602910, 11
4.295271, 4.110352, -0.669434, 12
12.476185, -6.248515, -2.094836, 13
0.266923, 1.409182, -7.049743, 14
6.003999, 4.292412, -6.495821, 15
-2.676316, 9.359084, -4.508908, 16
3.251211, 2.615177, -8.030360, 17
3.085008, 2.001018, -2.790011, 18
-7.599720, 13.310643, 1.588555, 19
