x coord, y coord, z coord, scalar
-8.985967, -7.227956, 18.791025, 0
-0.206342, 0.823176, -2.374880, 1
4.074302, -1.393678, -0.974549, 2
-0.738702, -1.295685, -1.275019, 3
1.254548, -0.137634, -4.891244, 4
-1.106419, 0.678632, -5.091340, 5
0.189935, -1.106438, -4.895232, 6
2.711882, 2.306523, -1.954270, 7
0.262969, 1.413850, -1.542796, 8
2.456696, 1.945718, 0.287219, 9
-0.520384, -0.719122, -2.914799, 10
3.719595, -0.193813, -0.708814, 11
1.907949, 1.849731, 0.038788, 12
4.867845, -2.317912, -0.481667, 13
0.169217, 0.658649, -2.574464, 14
2.445533, 1.787385, -2.258445, 15
-0.986377, 3.756406, -1.444199, 16
1.363303, 1.129396, -2.888711, 17
1.470364, 0.989826, -0.976951, 18
-2.846183, 5.170431, 0.947610, 19
