x coord, y coord, z coord, scalar
-13.375286, -10.785493, 27.617419, 0
-0.322387, 1.085243, -3.486027, 1
5.742873, -2.038963, -1.607303, 2
-1.097228, -1.906237, -2.048081, 3
1.741049, -0.261563, -7.204982, 4
-1.634556, 0.906236, -7.501590, 5
0.220678, -1.645825, -7.215104, 6
3.788644, 3.201898, -2.978359, 7
0.322447, 1.853284, -2.262747, 8
3.357788, 2.638109, 0.182134, 9
-0.770974, -1.063813, -4.307800, 10
5.197239, -0.329470, -1.217819, 11
2.550112, 2.457880, -0.150880, 12
6.915577, -3.376395, -0.915042, 13
0.195088, 0.860343, -3.778343, 14
3.403108, 2.461441, -3.398402, 15
-1.441748, 5.264299, -2.268344, 16
1.871147, 1.529060, -4.272084, 17
1.904538, 1.261645, -1.464058, 18
-4.126355, 7.361294, 1.121243, 19
