x coord, y coord, z coord, scalar
-28.470753, -23.020233, 57.974350, 0
-0.718045, 1.985767, -7.300931, 1
11.466848, -4.249915, -3.781586, 2
-2.323896, -3.997701, -4.704770, 3
3.410965, -0.685133, -15.142199, 4
-3.443761, 1.688135, -15.769938, 5
0.327925, -3.493914, -15.173668, 6
7.482863, 6.273761, -6.493912, 7
0.528799, 3.362151, -4.736440, 8
6.450304, 5.014474, -0.183176, 9
-1.627991, -2.243954, -9.089233, 10
10.266552, -0.792826, -2.967815, 11
4.754771, 4.545418, -0.806332, 12
13.939788, -7.004229, -2.405712, 13
0.286016, 1.553775, -7.911070, 14
6.688648, 4.774407, -7.311310, 15
-3.001034, 10.436882, -5.098947, 16
3.614575, 2.901151, -9.019776, 17
3.395890, 2.195773, -3.139390, 18
-8.513601, 14.876572, 1.711073, 19
