x coord, y coord, z coord, scalar
0.384803, 0.072657, 0.422925, 0
0.222494, 0.419260, 0.114248, 1
0.257753, 0.303883, 0.094758, 2
0.484698, 0.244556, 0.486041, 3
0.178848, 0.320579, 0.332346, 4
0.444575, 0.468890, 0.092716, 5
0.006454, 0.272558, 0.191074, 6
0.484338, 0.513097, 0.198151, 7
0.152561, 0.403944, 0.058737, 8
0.115086, 0.274889, 0.092138, 9
0.019016, 0.122821, 0.164795, 10
0.441941, 0.345315, 0.047184, 11
0.019318, 0.066197, 0.351067, 12
0.114076, 0.014025, 0.058752, 13
0.063246, 0.192872, 0.379331, 14
0.395592, 0.100577, 0.311350, 15
0.488308, 0.107031, 0.047037, 16
0.142511, 0.054497, 0.023263, 17
0.340662, 0.207059, 0.427206, 18
0.399399, 0.322144, 0.165225, 19
