x coord, y coord, z coord, scalar
0.427516, 0.092167, 0.533793, 0
-0.085954, 1.109611, -0.504882, 1
0.301830, 0.322022, 0.202566, 2
1.410017, 2.314419, 0.827238, 3
-0.647712, 1.417413, -0.155071, 4
0.519254, 1.172148, -0.502850, 5
-0.735050, 0.738688, -0.328425, 6
0.633140, 1.347248, -0.263822, 7
-0.199600, 0.946413, -0.526802, 8
-0.437005, 0.759938, -0.636754, 9
-0.850359, 0.343872, -0.522827, 10
0.530407, 0.972158, -0.777729, 11
-1.347774, 0.201587, -0.049631, 12
-0.529448, -0.012961, -0.863018, 13
-1.237946, 0.826100, 0.060873, 14
0.571529, 1.152714, -2.615390, 15
0.764644, 0.341949, -1.197583, 16
-0.398358, 0.115411, -0.914047, 17
-0.481152, 2.815671, 0.198352, 18
0.409813, 1.263506, -0.793404, 19
