x coord, y coord, z coord, scalar
0.408093, 0.043355, 0.490590, 0
0.165604, 0.546329, 0.000806, 1
0.287952, 0.289793, 0.170461, 2
0.737668, 0.801369, 0.584728, 3
-0.004551, 0.562657, 0.226994, 4
0.458610, 0.595314, -0.013690, 5
-0.132376, 0.358546, 0.095212, 6
0.512224, 0.665184, 0.115112, 7
0.090341, 0.499198, -0.043948, 8
0.010580, 0.365448, -0.044680, 9
-0.150586, 0.164064, 0.032156, 10
0.459376, 0.463351, -0.108300, 11
-0.275997, 0.092839, 0.266974, 12
-0.010632, 0.006661, -0.118744, 13
-0.225098, 0.330910, 0.311682, 14
0.452824, 0.423331, -0.599284, 15
0.546861, 0.153762, -0.211110, 16
0.039071, 0.064201, -0.155033, 17
0.096945, 0.981534, 0.365959, 18
0.402563, 0.522697, -0.038465, 19
