x coord, y coord, z coord, scalar
0.387049, -0.022341, 0.457483, 0
-0.102366, 1.146323, -0.537915, 1
0.273906, 0.243172, 0.149128, 2
1.448739, 2.401603, 0.841161, 3
-0.686825, 1.469388, -0.178369, 4
0.523222, 1.210146, -0.535167, 5
-0.774049, 0.763306, -0.355903, 6
0.641021, 1.391865, -0.288719, 7
-0.218911, 0.976182, -0.559011, 8
-0.465865, 0.785393, -0.674984, 9
-0.894788, 0.355331, -0.558117, 10
0.534959, 1.004939, -0.820918, 11
-1.413176, 0.208261, -0.069003, 12
-0.562429, -0.014150, -0.910375, 13
-1.299396, 0.856165, 0.045596, 14
0.578222, 1.193911, -2.729230, 15
0.778117, 0.353644, -1.258732, 16
-0.426342, 0.118742, -0.962648, 17
-0.514018, 2.919928, 0.188787, 18
0.410238, 1.309117, -0.839938, 19
