x coord, y coord, z coord, scalar
0.383140, -0.051842, 0.456036, 0
-0.434028, 1.889371, -1.205834, 1
0.272290, 0.220365, 0.151502, 2
2.193697, 4.079147, 1.108902, 3
-1.454133, 2.489624, -0.635599, 4
0.603918, 1.982911, -1.191812, 5
-1.559957, 1.260464, -0.909795, 6
0.800509, 2.295250, -0.792587, 7
-0.613449, 1.585689, -1.217410, 8
-1.046544, 1.298664, -1.444437, 9
-1.782793, 0.585368, -1.263597, 10
0.626597, 1.664924, -1.689390, 11
-2.698631, 0.340138, -0.449834, 12
-1.222171, -0.036883, -1.857930, 13
-2.504154, 1.446218, -0.254040, 14
0.706140, 1.981546, -4.905263, 15
1.044713, 0.585732, -2.468187, 16
-0.987720, 0.186665, -1.937901, 17
-1.143609, 4.917270, 0.005442, 18
0.418685, 2.209056, -1.757618, 19
