x coord, y coord, z coord, scalar
0.423546, 0.063078, 0.532205, 0
-0.415893, 1.848758, -1.169303, 1
0.300004, 0.299899, 0.203969, 2
2.154178, 3.990150, 1.094706, 3
-1.412939, 2.434856, -0.611039, 4
0.599501, 1.940537, -1.155775, 5
-1.517093, 1.233349, -0.879567, 6
0.791791, 2.245824, -0.764988, 7
-0.591737, 1.552157, -1.181164, 8
-1.014902, 1.270697, -1.402495, 9
-1.734622, 0.572885, -1.225312, 10
0.621612, 1.628972, -1.642059, 11
-2.629584, 0.333050, -0.429366, 12
-1.186374, -0.035658, -1.806507, 13
-2.439519, 1.414561, -0.237951, 14
0.699384, 1.939933, -4.790300, 15
1.030345, 0.573216, -2.402970, 16
-0.957205, 0.182965, -1.884879, 17
-1.110298, 4.811597, 0.015149, 18
0.418235, 2.160602, -1.708193, 19
