x coord, y coord, z coord, scalar
0.386556, -0.020812, 0.454860, 0
-0.022058, 0.966439, -0.376296, 1
0.273406, 0.244595, 0.146733, 2
1.255982, 1.967616, 0.771813, 3
-0.493454, 1.212313, -0.063253, 4
0.503769, 1.024320, -0.377386, 5
-0.582834, 0.642470, -0.221267, 6
0.602415, 1.173517, -0.167109, 7
-0.124705, 0.830737, -0.401929, 8
-0.324292, 0.660381, -0.487503, 9
-0.676252, 0.298875, -0.384605, 10
0.512573, 0.844009, -0.609165, 11
-1.089774, 0.175196, 0.026719, 12
-0.400187, -0.008374, -0.677452, 13
-0.995404, 0.707360, 0.121098, 14
0.544813, 0.988318, -2.161153, 15
0.711581, 0.295857, -0.957025, 16
-0.288820, 0.102289, -0.723840, 17
-0.350164, 2.400097, 0.236445, 18
0.408097, 1.083867, -0.610297, 19
