x coord, y coord, z coord, scalar
0.374541, -0.054482, 0.430220, 0
0.038496, 0.830802, -0.254491, 1
0.265139, 0.220939, 0.129876, 2
1.103641, 1.624672, 0.716957, 3
-0.343541, 1.013024, 0.025919, 4
0.489139, 0.884825, -0.259028, 5
-0.438187, 0.551119, -0.119495, 6
0.573308, 1.009079, -0.075639, 7
-0.054313, 0.722086, -0.284621, 8
-0.217042, 0.565736, -0.345543, 9
-0.509650, 0.255915, -0.252389, 10
0.495587, 0.722076, -0.448756, 11
-0.839371, 0.149655, 0.100777, 12
-0.276567, -0.003874, -0.500034, 13
-0.759526, 0.591935, 0.179617, 14
0.518226, 0.824777, -1.709227, 15
0.660349, 0.251436, -0.724819, 16
-0.184307, 0.089883, -0.542413, 17
-0.220106, 1.987475, 0.274234, 18
0.406426, 0.910075, -0.433162, 19
