x coord, y coord, z coord, scalar
0.395702, 0.003998, 0.472926, 0
-0.053652, 1.037211, -0.439869, 1
0.279717, 0.261769, 0.159294, 2
1.332826, 2.140621, 0.799465, 3
-0.570132, 1.314252, -0.108890, 4
0.511417, 1.097334, -0.439363, 5
-0.658132, 0.690049, -0.274273, 6
0.617603, 1.259388, -0.214916, 7
-0.161668, 0.887806, -0.463552, 8
-0.380064, 0.709624, -0.561351, 9
-0.762503, 0.321147, -0.453076, 10
0.521397, 0.907412, -0.692583, 11
-1.217972, 0.188296, -0.011218, 12
-0.464211, -0.010665, -0.769361, 13
-1.115978, 0.766377, 0.091161, 14
0.558157, 1.070425, -2.388030, 15
0.737915, 0.318719, -1.076421, 16
-0.343049, 0.108765, -0.818000, 17
-0.415562, 2.607578, 0.217429, 18
0.408948, 1.173067, -0.701228, 19
