x coord, y coord, z coord, scalar
0.424032, 0.085433, 0.521177, 0
0.144058, 0.594562, -0.042405, 1
0.298913, 0.318258, 0.192753, 2
0.808054, 0.959580, 0.610267, 3
-0.066010, 0.644285, 0.190670, 4
0.463780, 0.643954, -0.054814, 5
-0.184556, 0.391338, 0.058677, 6
0.522595, 0.723299, 0.083007, 7
0.066243, 0.536310, -0.083975, 8
-0.028396, 0.399677, -0.096112, 9
-0.212897, 0.179898, -0.017129, 10
0.465620, 0.507656, -0.166561, 11
-0.377637, 0.102983, 0.237097, 12
-0.056708, 0.004707, -0.184730, 13
-0.322163, 0.378243, 0.287822, 14
0.465713, 0.502240, -0.817574, 15
0.567072, 0.171025, -0.302366, 16
0.000586, 0.068505, -0.221701, 17
0.035057, 1.177921, 0.348148, 18
0.403296, 0.592026, -0.109035, 19
