x coord, y coord, z coord, scalar
0.423531, 0.073011, 0.529381, 0
-0.255559, 1.489532, -0.846361, 1
0.299497, 0.307940, 0.200510, 2
1.799816, 3.192140, 0.967377, 3
-1.045593, 1.946404, -0.392091, 4
0.560449, 1.566329, -0.837741, 5
-1.137617, 0.993239, -0.612057, 6
0.714686, 1.808916, -0.521219, 7
-0.400349, 1.256449, -0.861717, 8
-0.734659, 1.022929, -1.031092, 9
-1.307044, 0.462051, -0.885570, 10
0.577409, 1.310464, -1.222928, 11
-2.013937, 0.269841, -0.246931, 12
-0.868653, -0.024793, -1.350133, 13
-1.862923, 1.132127, -0.094499, 14
0.638674, 1.566076, -3.757461, 15
0.902415, 0.461783, -1.822518, 16
-0.686600, 0.150141, -1.414722, 17
-0.811238, 3.862851, 0.102263, 18
0.414198, 1.729041, -1.268103, 19
