x coord, y coord, z coord, scalar
0.428363, 0.084640, 0.539140, 0
-0.290687, 1.568240, -0.917108, 1
0.302980, 0.315560, 0.207831, 2
1.878335, 3.368957, 0.995595, 3
-1.126629, 2.054157, -0.440382, 4
0.569000, 1.648221, -0.907326, 5
-1.220833, 1.045888, -0.670709, 6
0.731580, 1.904614, -0.574596, 7
-0.442177, 1.321077, -0.931524, 8
-0.796136, 1.077276, -1.112557, 9
-1.400996, 0.486397, -0.960213, 10
0.587110, 1.380339, -1.314870, 11
-2.149718, 0.283776, -0.287159, 12
-0.938460, -0.027189, -1.450396, 13
-1.990150, 1.194444, -0.126143, 14
0.652147, 1.649038, -3.986659, 15
0.930593, 0.486319, -1.950351, 16
-0.746015, 0.157338, -1.517943, 17
-0.877568, 4.073278, 0.082946, 18
0.415090, 1.824137, -1.365071, 19
