x coord, y coord, z coord, scalar
0.455816, 0.168011, 0.588375, 0
-0.169316, 1.296352, -0.672698, 1
0.322221, 0.372273, 0.243461, 2
1.604244, 2.751750, 0.897081, 3
-0.844898, 1.679575, -0.272510, 4
0.539486, 1.365624, -0.667185, 5
-0.933122, 0.863916, -0.467948, 6
0.673220, 1.574083, -0.390242, 7
-0.297983, 1.098352, -0.690910, 8
-0.583520, 0.889373, -0.830833, 9
-1.075595, 0.402132, -0.701707, 10
0.553555, 1.138694, -0.996866, 11
-1.677815, 0.235383, -0.147360, 12
-0.696721, -0.018828, -1.103209, 13
-1.547763, 0.977794, -0.016125, 14
0.605049, 1.359052, -3.185492, 15
0.832791, 0.401199, -1.506657, 16
-0.540386, 0.132492, -1.160726, 17
-0.645820, 3.338076, 0.150429, 18
0.411990, 1.493905, -1.028319, 19
