x coord, y coord, z coord, scalar
0.400933, 0.002670, 0.488491, 0
-0.361852, 1.727658, -1.060444, 1
0.284155, 0.258897, 0.172773, 2
2.035786, 3.723529, 1.052169, 3
-1.289781, 2.271085, -0.537627, 4
0.586326, 1.814273, -1.048472, 5
-1.389263, 1.152443, -0.789446, 6
0.765798, 2.098519, -0.682799, 7
-0.527100, 1.452264, -1.073269, 8
-0.920526, 1.187234, -1.277411, 9
-1.590806, 0.535584, -1.111034, 10
0.606727, 1.521703, -1.500918, 11
-2.423125, 0.311838, -0.368181, 12
-1.079497, -0.032026, -1.652981, 13
-2.246235, 1.319872, -0.189858, 14
0.679125, 1.815171, -4.445633, 15
0.987395, 0.535788, -2.208092, 16
-0.866130, 0.171894, -1.726633, 17
-1.010459, 4.494862, 0.044235, 18
0.416881, 2.015774, -1.560509, 19
