x coord, y coord, z coord, scalar
60.381627, 31.646732, 25.399692, 0
71.644556, 22.206429, 38.610938, 1
80.897340, 47.361175, 60.100463, 2
52.887541, 10.200767, 76.420456, 3
42.114521, -0.177617, 58.133543, 4
50.854855, 7.093749, 78.643778, 5
30.063127, 14.715145, 73.073572, 6
51.800567, 34.229052, 67.302153, 7
60.469773, 57.925372, 76.829901, 8
58.787974, 45.692764, 44.417245, 9
37.110688, 22.340463, 83.840232, 10
44.912980, 10.251084, 45.103413, 11
65.926516, 7.414495, 31.521372, 12
39.710101, 45.287584, 49.498393, 13
29.813652, 3.668198, 57.097034, 14
70.349820, 39.508593, 71.967044, 15
62.676710, 54.557270, 25.738951, 16
49.433402, 22.623903, 67.744258, 17
30.418650, -0.640251, 64.726399, 18
20.931687, 43.133269, 49.475929, 19
47.751528, -3.489978, 79.592645, 20
45.274878, 26.408552, 28.900494, 21
72.780903, 8.601136, 44.091241, 22
17.985398, 33.296787, 28.435595, 23
49.886392, 48.096002, 39.880036, 24
20.666554, 34.711892, 18.445400, 25
75.036196, 13.654670, 80.778921, 26
83.177745, 48.073610, 42.459595, 27
64.605117, -5.241659, 49.595589, 28
43.014632, 0.675577, 31.785625, 29
74.893163, 33.412655, 36.071902, 30
68.168922, -5.046399, 70.256703, 31
79.472018, 52.720054, 17.914612, 32
37.246382, 55.691001, 58.987646, 33
48.084581, 21.843461, 46.140411, 34
70.367211, 27.495562, 19.909080, 35
71.215212, 18.797827, 41.340000, 36
65.677252, 18.241643, 28.470381, 37
21.819967, -0.887168, 31.004973, 38
53.818159, 27.113013, 39.456799, 39
68.006386, 18.272244, 80.645709, 40
17.761406, 2.707240, 83.375562, 41
70.420709, -1.554675, 75.152386, 42
70.737921, 20.677254, 69.900157, 43
43.408687, 53.747380, 30.800388, 44
71.951705, 40.380660, 66.072200, 45
74.263384, 27.861942, 23.926799, 46
29.286500, 9.805271, 49.944680, 47
40.159526, 16.610808, 56.833722, 48
53.567062, 55.414485, 23.003556, 49
75.426463, 39.686940, 49.052051, 50
69.755291, 42.433896, 59.535538, 51
66.813972, 29.120675, 65.757114, 52
55.649476, 16.124666, 25.491138, 53
39.232753, 44.518901, 18.295290, 54
52.435744, 32.736676, 66.452202, 55
32.191061, 23.266131, 33.370911, 56
38.520462, 37.538186, 50.952425, 57
70.867749, -6.036260, 75.339457, 58
41.384648, 32.516354, 69.810715, 59
46.790805, 24.208884, 48.554416, 60
78.245448, 10.230243, 30.045090, 61
51.464104, -6.689723, 66.942018, 62
30.904342, 33.945307, 22.123452, 63
38.798081, 58.163608, 74.418604, 64
39.495973, 26.865421, 46.212044, 65
19.631292, 44.042027, 77.254429, 66
35.404792, -1.171447, 53.849374, 67
68.759830, 54.681853, 55.589374, 68
57.782406, 12.332566, 27.162493, 69
41.276241, 44.108914, 59.147627, 70
72.233261, 38.620430, 77.154120, 71
15.961470, 6.350611, 78.240654, 72
65.306089, 22.240495, 51.242728, 73
69.832139, 46.024125, 48.463108, 74
57.933862, 1.786163, 83.104778, 75
17.829029, 6.403010, 66.203573, 76
77.486062, 26.793356, 72.808376, 77
45.018599, 11.819224, 66.547066, 78
83.010537, 54.587211, 17.936337, 79
23.856150, 12.129529, 69.821504, 80
65.406380, 0.628849, 47.498699, 81
56.243621, 1.575862, 61.625558, 82
48.167394, 51.867506, 22.922826, 83
81.812722, 37.965715, 76.723201, 84
43.958951, 12.165648, 86.285621, 85
40.746846, 14.980230, 31.745386, 86
20.633534, 8.732367, 66.314999, 87
75.844513, 38.736474, 85.910503, 88
56.074635, 38.013082, 79.554487, 89
56.413570, 46.854784, 30.740777, 90
39.918191, 28.527237, 39.145874, 91
69.819488, 1.036924, 48.497998, 92
45.128169, 34.189869, 39.422274, 93
50.453593, 32.268660, 85.164243, 94
40.859911, -7.506320, 36.386657, 95
40.828694, 18.226102, 59.143116, 96
54.976642, 23.845160, 75.651752, 97
34.974758, 15.955763, 53.444966, 98
34.568380, 57.015926, 30.514846, 99
27.805987, 29.695567, 85.145882, 100
40.949363, 54.599303, 52.729886, 101
62.497841, 40.684860, 61.543061, 102
24.678957, 2.079099, 34.789697, 103
46.503837, 37.518238, 74.834610, 104
45.351192, -5.355784, 75.104543, 105
64.140455, 20.458415, 32.387382, 106
36.966715, 60.420602, 64.008794, 107
26.301583, 11.661428, 19.021308, 108
62.149176, 31.215354, 83.813485, 109
75.066621, 44.006888, 52.565820, 110
73.895621, 1.222319, 46.221893, 111
40.308628, 48.705708, 25.963525, 112
15.534811, 58.370215, 35.818871, 113
32.727110, 21.140123, 81.113364, 114
21.244839, 51.476864, 83.533827, 115
78.751975, 31.883388, 43.049013, 116
24.822480, 53.835651, 42.526386, 117
71.233871, -3.596699, 61.964062, 118
72.657779, 43.538026, 32.236188, 119
70.154384, 34.870716, 84.019326, 120
36.403325, 25.032409, 24.298415, 121
65.027818, 50.326584, 80.780374, 122
73.393941, 50.846942, 78.207360, 123
22.895931, -0.159877, 38.404248, 124
17.692411, 6.070509, 28.937884, 125
83.628836, 1.088551, 68.597523, 126
40.360970, 10.896581, 61.489944, 127
