x coord, y coord, z coord, scalar
76.945799, 4.417396, 311.641108, 0
88.208728, -5.022910, 324.852356, 1
97.461513, 20.131839, 346.341927, 2
69.451708, -17.028589, 362.662199, 3
58.678589, -27.406958, 344.374721, 4
67.419017, -20.135601, 364.885520, 5
46.627312, -12.514151, 359.315431, 6
68.364755, 6.999710, 353.543662, 7
77.033947, 30.696038, 363.071381, 8
75.352150, 18.463428, 330.658681, 9
53.674868, -4.888867, 370.081888, 10
61.477147, -16.978262, 331.344421, 11
82.490685, -19.814843, 317.762771, 12
56.274282, 18.058252, 335.739825, 13
46.377783, -23.561069, 343.338255, 14
86.913995, 12.279255, 358.208528, 15
79.240883, 27.327936, 311.980395, 16
65.997611, -4.605463, 353.985931, 17
46.982778, -27.869542, 350.967983, 18
37.495864, 15.903941, 335.717369, 19
64.315682, -30.719317, 365.834285, 20
61.839052, -0.820782, 315.141868, 21
89.345072, -18.628205, 330.332659, 22
34.549571, 6.067458, 314.677014, 23
66.450568, 20.866668, 326.121467, 24
37.230726, 7.482561, 304.686827, 25
91.600366, -13.574670, 367.020430, 26
99.741917, 20.844274, 328.701049, 27
81.169278, -32.471001, 335.837003, 28
59.578797, -26.553756, 318.026961, 29
91.457335, 6.183319, 322.313337, 30
84.733085, -32.275742, 356.498203, 31
96.036189, 25.490720, 304.156062, 32
53.810559, 28.461669, 345.229108, 33
64.648769, -5.385885, 332.381627, 34
86.931382, 0.266227, 306.150510, 35
87.779383, -8.431513, 327.581414, 36
82.241423, -8.987694, 314.711787, 37
38.384133, -28.116494, 317.246360, 38
70.382337, -0.116327, 325.698158, 39
84.570558, -8.957098, 366.887239, 40
34.325573, -24.522082, 369.617116, 41
86.984874, -28.784017, 361.393895, 42
87.302094, -6.552091, 356.141655, 43
59.972861, 26.518047, 317.041825, 44
88.515880, 13.151322, 352.313674, 45
90.827555, 0.632606, 310.168231, 46
45.850669, -17.424021, 336.185760, 47
56.723904, -10.618530, 343.073588, 48
70.131234, 28.185152, 309.244998, 49
91.990636, 12.457602, 335.293500, 50
86.319466, 15.204558, 345.777001, 51
83.378149, 1.891331, 351.998597, 52
72.213647, -11.104670, 311.732524, 53
55.796926, 17.289569, 304.536720, 54
68.999933, 5.507332, 352.693710, 55
48.755237, -3.963197, 319.612256, 56
55.084648, 10.308854, 337.193830, 57
87.431914, -33.265600, 361.580959, 58
57.948843, 5.287019, 356.052273, 59
63.354999, -3.020462, 334.795647, 60
94.809617, -16.999094, 316.286520, 61
68.028246, -33.919069, 353.183560, 62
47.468515, 6.715977, 308.364865, 63
55.362257, 30.934276, 360.660085, 64
56.060165, -0.363912, 332.453316, 65
36.195469, 16.812699, 363.495924, 66
51.968912, -28.400755, 340.090535, 67
85.324004, 27.452517, 341.830834, 68
74.346576, -14.896771, 313.403877, 69
57.840424, 16.879581, 345.389085, 70
88.797435, 11.391093, 363.395610, 71
32.525638, -20.878708, 364.482206, 72
81.870264, -4.988852, 337.484138, 73
86.396313, 18.794789, 334.704557, 74
74.498026, -25.443179, 369.346362, 75
34.393196, -20.826297, 352.445090, 76
94.050234, -0.435983, 359.049863, 77
61.582795, -15.410314, 352.790620, 78
99.574708, 27.357878, 304.177789, 79
40.420325, -15.099766, 356.063151, 80
81.970544, -26.600496, 333.740097, 81
72.807766, -25.653505, 347.867027, 82
64.731567, 24.638174, 309.164263, 83
98.376894, 10.736378, 362.964682, 84
60.523122, -15.063688, 372.527304, 85
57.311018, -12.249102, 317.986701, 86
37.197702, -18.496931, 352.556543, 87
92.408686, 11.507138, 372.151994, 88
72.638813, 10.783745, 365.796006, 89
72.977744, 19.625450, 316.982209, 90
56.482371, 1.297904, 325.387207, 91
86.383653, -26.192419, 334.739417, 92
61.692348, 6.960534, 325.663651, 93
67.017771, 5.039323, 371.405796, 94
57.424072, -34.735652, 322.628008, 95
57.393096, -9.003261, 345.383877, 96
71.540824, -3.384188, 361.893357, 97
51.538989, -11.273512, 339.685582, 98
51.132553, 29.786594, 316.756288, 99
44.370164, 2.466240, 371.387442, 100
57.513540, 27.369970, 338.971338, 101
79.062019, 13.455521, 347.784527, 102
41.243124, -25.150226, 321.031053, 103
63.068020, 10.288902, 361.076142, 104
61.915338, -32.585121, 361.346191, 105
80.704627, -6.770923, 318.628779, 106
53.530890, 33.191270, 350.250262, 107
42.865753, -15.567902, 305.262708, 108
78.713351, 3.986016, 370.055011, 109
91.630794, 16.777551, 338.807275, 110
90.459787, -26.007021, 332.463321, 111
56.872802, 21.476376, 312.204956, 112
32.098984, 31.140885, 322.060321, 113
49.291292, -6.089201, 367.355041, 114
37.809013, 24.247534, 369.775317, 115
95.316147, 4.654050, 329.290455, 116
41.386655, 26.606320, 328.767830, 117
87.798035, -30.826042, 348.205530, 118
89.221952, 16.308691, 318.477629, 119
86.718558, 7.641379, 370.260828, 120
52.967498, -2.196923, 310.539801, 121
81.591992, 23.097249, 367.021861, 122
89.958114, 23.617606, 364.448841, 123
39.460096, -27.389200, 324.645607, 124
34.256580, -21.158818, 315.179280, 125
100.193004, -26.140788, 354.839000, 126
56.925141, -16.332744, 347.731399, 127
