x coord, y coord, z coord, scalar
185.561714, 39.669870, 112.391639, 0
185.721367, 66.404651, 147.755524, 1
215.465684, 62.486022, 118.000886, 2
187.623700, 23.204356, 120.953470, 3
197.042572, 64.412033, 127.233318, 4
184.366083, 41.114778, 156.565645, 5
226.373646, 43.260037, 144.764930, 6
183.229509, 37.704731, 139.444666, 7
188.835747, 6.884609, 134.585382, 8
195.868249, 7.308079, 117.713484, 9
220.433397, 19.544781, 152.672897, 10220.825381, 31.941078, 145.647219, 11187.861352, 5.362377, 134.702459, 12193.862529, 19.661119, 153.196319, 13202.817408, 43.379445, 144.189717, 14218.050003, 54.419750, 180.581700, 15193.895644, 38.749052, 150.412814, 16226.660441, 48.653444, 114.685122, 17185.385753, 64.164251, 116.858930, 18207.971167, 17.988038, 119.455927, 19213.684885, 65.096472, 134.290020, 20185.637985, 43.877469, 161.520979, 21219.284866, 58.413810, 162.172328, 22241.987355, 10.231925, 177.122239, 23214.463839, 39.723076, 147.072739, 24177.921935, 15.728871, 128.059670, 25177.783895, 36.299558, 162.098098, 26216.194998, 20.915475, 137.320677, 27218.880464, 32.976214, 128.053911, 28223.739646, 67.622453, 141.331890, 29231.195930, 39.262813, 132.997768, 30184.766669, 51.575859, 172.164837, 31234.287129, 28.816207, 157.148184, 32215.739578, 28.759106, 162.669671, 33212.142282, 69.897970, 128.961763, 34178.493179, 5.775470, 139.979896, 35194.552969, 10.234377, 171.568743, 36175.931321, 53.104452, 119.053465, 37201.252017, 29.940521, 147.320719, 38217.306925, 11.635605, 141.511112, 39177.919374, 69.506570, 176.063198, 40198.917331, 12.228769, 154.208763, 41190.362422, 73.190918, 178.314011, 42235.510398, 46.886021, 133.642475, 43217.459886, 16.983825, 130.109930, 44234.421850, 22.152029, 131.174636, 45193.682323, 43.380212, 136.696927, 46184.531344, 45.986392, 116.371913, 47191.584979, 5.194123, 141.601845, 48226.904045, 49.176040, 148.526809, 49187.695693, 53.770520, 144.602878, 50183.039222, 10.643379, 152.120711, 51225.247746, 27.680756, 151.881469, 52222.842125, 21.146702, 125.336500, 53175.765282, 65.281669, 137.609713, 54193.875501, 57.659077, 155.051378, 55213.050197, 9.296866, 125.000366, 56237.748436, 20.503215, 166.276182, 57173.401245, 38.763257, 166.759459, 58203.002969, 23.622811, 142.505022, 59239.529640, 37.993455, 122.844873, 60203.412969, 47.707746, 128.775515, 61174.814016, 30.911058, 151.747549, 62214.695146, 11.708709, 168.183450, 63228.031950, 14.148985, 160.034661, 64184.922209, 34.699546, 144.263302, 65227.973107, 5.705222, 148.849187, 66240.973685, 70.128682, 164.641547, 67226.530245, 70.204939, 129.974209, 68212.569882, 31.163469, 148.887772, 69174.355456, 28.648762, 113.449123, 70185.200515, 58.736689, 156.446406, 71201.978010, 60.225710, 113.926423, 72241.725384, 32.876389, 120.924455, 73229.189104, 18.863885, 130.362536, 74208.504095, 30.461137, 160.352363, 75240.767276, 16.389798, 161.345705, 76208.896902, 15.319018, 158.044249, 77192.818927, 68.524278, 154.818667, 78210.793214, 39.049788, 112.551075, 79178.959946, 40.080314, 136.489363, 80180.409260, 51.955801, 121.795528, 81224.855372, 11.889307, 177.310773, 82226.782142, 11.570220, 136.756575, 83235.706764, 67.434357, 150.909703, 84185.349959, 33.894044, 176.660174, 85233.701221, 32.616837, 119.619072, 86214.327368, 68.188794, 130.227237, 87191.651739, 18.963258, 125.320984, 88234.470247, 56.431456, 159.660391, 89235.021912, 62.066421, 126.309973, 90190.791944, 69.150706, 173.555168, 91200.587743, 51.961622, 112.013438, 92197.178849, 36.699331, 118.872400, 93221.935476, 30.361592, 112.876863, 94192.125656, 42.386763, 142.060391, 95188.066025, 34.043358, 169.966737, 96195.685320, 6.326224, 164.724916, 97213.912753, 24.652995, 178.977378, 98227.234059, 17.078759, 161.978383, 99206.174767, 10.056208, 150.614388, 10220.484849, 27.523099, 146.334841, 10213.320423, 54.785890, 124.865116, 10213.334269, 9.920294, 156.854401, 10220.207541, 58.530789, 113.785121, 10221.084736, 8.611957, 151.461214, 10182.425630, 23.353024, 112.073833, 10240.391952, 45.713351, 113.689224, 10224.397183, 17.581638, 133.631327, 10222.654825, 71.490737, 145.999401, 10203.913369, 35.621110, 151.349213, 11173.808233, 14.061521, 174.157047, 11208.142840, 54.056907, 155.513412, 11221.008544, 25.346723, 160.722285, 11197.143306, 72.229298, 145.822321, 11198.928799, 51.269647, 149.724588, 11238.389799, 60.370225, 168.365580, 11238.463865, 58.717704, 140.648412, 11240.153233, 41.070444, 153.519309, 11193.065184, 21.680832, 151.579934, 11227.064581, 52.269302, 113.769967, 12197.689778, 52.752587, 123.120110, 12191.127171, 18.850894, 172.467147, 12234.639631, 66.534453, 124.383127, 12214.641953, 21.633265, 123.181682, 12179.744760, 47.237006, 169.741105, 12217.468095, 43.582269, 156.681771, 12205.114013, 40.001763, 141.966949, 12