x coord, y coord, z coord, scalar
99.591472, -4.275757, 713.189828, 0
110.854400, -13.716066, 726.401080, 1
120.107185, 11.438685, 747.890723, 2
92.097378, -25.721754, 764.211424, 3
81.324206, -36.100123, 745.923074, 4
90.064684, -28.828762, 766.434743, 5
69.272989, -21.207282, 760.864833, 6
91.010435, -1.693446, 755.092525, 7
99.679620, 22.002885, 764.620200, 8
97.997824, 9.770274, 732.207433, 9
76.320544, -13.582017, 771.630978, 10
84.122817, -25.671421, 732.892513, 11
105.136355, -28.507998, 719.311466, 12
78.919957, 9.365100, 737.288570, 13
69.023428, -32.254189, 744.886676, 14
109.559668, 3.586100, 759.757354, 15
101.886554, 18.634784, 713.529158, 16
88.643304, -13.298630, 755.535047, 17
69.628423, -36.562675, 752.516963, 18
60.141538, 7.210792, 737.266125, 19
86.961345, -39.412473, 767.383351, 20
84.484725, -9.513935, 716.690522, 21
111.990742, -27.321362, 731.881383, 22
57.195243, -2.625692, 716.225738, 23
89.096241, 12.173515, 727.670211, 24
59.876397, -1.210589, 706.235563, 25
114.246037, -22.267826, 768.569292, 26
122.387589, 12.151121, 730.249828, 27
103.814945, -41.164160, 737.385719, 28
82.224465, -35.246908, 719.575557, 29
114.103007, -2.509835, 723.862087, 30
107.378752, -40.968900, 758.047051, 31
118.681860, 16.797568, 705.704835, 32
76.456233, 19.768518, 746.777900, 33
87.294450, -14.079044, 733.930039, 34
109.577053, -8.426926, 707.699251, 35
110.425055, -17.124670, 729.130132, 36
104.887094, -17.680848, 716.260492, 37
61.029802, -36.809644, 718.795036, 38
93.028012, -8.809482, 727.246791, 39
107.216230, -17.650255, 768.436137, 40
56.971241, -33.215229, 771.166048, 41
109.630543, -37.477174, 762.942758, 42
109.947767, -15.245249, 757.690503, 43
82.618534, 17.824895, 718.590579, 44
111.161553, 4.458168, 753.862483, 45
113.473226, -8.060547, 711.716976, 46
68.496335, -26.117152, 737.733964, 47
79.369685, -19.311670, 744.619920, 48
92.776906, 19.491999, 710.793759, 49
114.636309, 3.764448, 736.842272, 50
108.965140, 6.511404, 747.325793, 51
106.023824, -6.801826, 753.547422, 52
94.859318, -19.797823, 713.281197, 53
78.442598, 8.596417, 706.085462, 54
91.645614, -3.185825, 754.242571, 55
71.400910, -12.656347, 721.160868, 56
77.730327, 1.615703, 738.742533, 57
110.077582, -41.958757, 763.129812, 58
80.594527, -3.406133, 757.601212, 59
86.000684, -11.713619, 736.344082, 60
117.455287, -25.692248, 717.835261, 61
90.673904, -42.612231, 754.732474, 62
70.114187, -1.977174, 709.913580, 63
78.007930, 22.241124, 762.208906, 64
78.705847, -9.057062, 734.001813, 65
58.841142, 8.119550, 765.044767, 66
74.614554, -37.093897, 741.638864, 67
107.969677, 18.759364, 743.379623, 68
96.992247, -23.589925, 714.952547, 69
80.486101, 8.186429, 746.937869, 70
111.443108, 2.697939, 764.944444, 71
55.171307, -29.571853, 766.031136, 72
104.515939, -13.682011, 739.032848, 73
109.041986, 10.101635, 736.253329, 74
97.143694, -34.136336, 770.895342, 75
57.038862, -29.519435, 753.993965, 76
116.695906, -9.129139, 760.598694, 77
84.228496, -24.103573, 754.342633, 78
122.220380, 18.664725, 705.726565, 79
63.065995, -23.792897, 757.612226, 80
104.616212, -35.293655, 735.288789, 81
95.453427, -34.346678, 749.415829, 82
87.377239, 15.945021, 710.713016, 83
121.022566, 2.043224, 764.513503, 84
83.168793, -23.756841, 774.076435, 85
79.956690, -20.942254, 719.535265, 86
59.843369, -27.190065, 754.105461, 87
115.054358, 2.813984, 773.700830, 88
95.284488, 2.090591, 767.344884, 89
95.623416, 10.932297, 718.530954, 90
79.128048, -7.395247, 726.935799, 91
109.029322, -34.885577, 736.288142, 92
84.338024, -1.732619, 727.212311, 93
89.663446, -3.653830, 772.954728, 94
80.069737, -43.428804, 724.176629, 95
80.038892, -17.696411, 746.931587, 96
94.186502, -12.077347, 763.442369, 97
74.184687, -19.966629, 741.233070, 98
73.778226, 21.093443, 718.305048, 99
67.015839, -6.226909, 772.936383, 100
80.159214, 18.676818, 740.520115, 101
101.707694, 4.762366, 749.333325, 102
63.888792, -33.843375, 722.579681, 103
85.713698, 1.595749, 762.625040, 104
84.560997, -41.278278, 762.895268, 105
103.350299, -15.464078, 720.177471, 106
76.176564, 24.498119, 751.799064, 107
65.511423, -24.261052, 706.811405, 108
101.359025, -4.707139, 771.603900, 109
114.276467, 8.084397, 740.356057, 110
113.105457, -34.700178, 734.012059, 111
79.518475, 12.783224, 713.753699, 112
54.744656, 22.447734, 723.609092, 113
71.936968, -14.782348, 768.904163, 114
60.454686, 15.554384, 771.324152, 115
117.961819, -4.039104, 730.839216, 116
64.032328, 17.913170, 730.316595, 117
110.443703, -39.519200, 749.754330, 118
111.867624, 7.615537, 720.026388, 119
109.364230, -1.051775, 771.809680, 120
75.613170, -10.890074, 712.088475, 121
104.237664, 14.404095, 768.570691, 122
112.603787, 14.924453, 765.997660, 123
62.105763, -36.082348, 726.194240, 124
56.902249, -29.851967, 716.727969, 125
122.838673, -34.833943, 756.387814, 126
79.570812, -25.025892, 749.280180, 127
