x coord, y coord, z coord, scalar
45.367184, 39.422990, 7.802302, 0
56.630113, 29.982688, 21.013547, 1
65.882897, 55.137434, 42.503071, 2
37.873096, 17.977030, 58.823055, 3
27.100096, 7.598657, 40.536161, 4
35.840411, 14.870011, 61.046378, 5
15.048687, 22.491395, 55.476168, 6
36.786121, 42.005310, 49.704760, 7
45.455330, 65.701630, 59.232509, 8
43.773530, 53.469022, 26.819854, 9
22.096244, 30.116719, 66.242834, 10
29.898536, 18.027345, 27.506035, 11
50.912074, 15.190755, 13.923982, 12
24.695657, 53.063841, 31.901003, 13
14.799226, 11.444450, 39.499650, 14
55.335376, 47.284852, 54.369651, 15
47.662267, 62.333528, 8.141559, 16
34.418948, 30.400162, 50.146859, 17
15.404221, 7.136005, 47.129003, 18
5.917244, 50.909526, 31.878538, 19
32.737088, 4.286283, 61.995247, 20
30.260435, 34.184810, 11.303105, 21
57.766460, 16.377396, 26.493850, 22
2.970956, 41.073044, 10.838205, 23
34.871948, 55.872260, 22.282645, 24
5.652111, 42.488149, 0.848010, 25
60.021753, 21.430930, 63.181528, 26
68.163302, 55.849868, 24.862203, 27
49.590675, 2.534603, 31.998199, 28
28.000191, 8.451836, 14.188238, 29
59.878719, 41.188914, 18.474511, 30
53.154480, 2.729862, 52.659310, 31
64.457575, 60.496312, 0.317220, 32
22.231939, 63.467258, 41.390254, 33
33.070133, 29.619720, 28.543027, 34
55.352768, 35.271821, 2.311690, 35
56.200768, 26.574087, 23.742610, 36
50.662809, 26.017902, 10.872991, 37
6.805526, 6.889090, 13.407584, 38
38.803715, 34.889271, 21.859410, 39
52.991942, 26.048504, 63.048315, 40
2.746966, 10.483497, 65.778167, 41
55.406267, 6.221585, 57.554993, 42
55.723477, 28.453514, 52.302764, 43
28.394244, 61.523638, 13.202997, 44
56.937261, 48.156919, 48.474808, 45
59.248941, 35.638200, 6.329408, 46
14.272064, 17.581523, 32.347300, 47
25.145045, 24.387038, 39.236381, 48
38.552619, 63.190743, 5.406165, 49
60.412019, 47.463198, 31.454659, 50
54.740847, 50.210155, 41.938146, 51
51.799527, 36.896935, 48.159721, 52
40.635033, 23.900925, 7.893749, 53
24.218310, 52.295159, 0.697900, 54
37.421297, 40.512934, 48.854809, 55
17.176618, 31.042388, 15.773522, 56
23.506016, 45.314442, 33.355035, 57
55.853307, 1.740000, 57.742063, 58
26.370201, 40.292609, 52.213320, 59
31.776356, 31.985141, 30.957031, 60
63.231005, 18.006502, 12.447699, 61
36.449664, 1.086542, 49.344624, 62
15.889899, 41.721565, 4.526062, 63
23.783638, 65.939865, 56.821211, 64
24.481527, 34.641676, 28.614658, 65
4.616849, 51.818284, 59.657036, 66
20.390362, 6.604814, 36.251992, 67
53.745387, 62.458111, 37.991982, 68
42.767964, 20.108825, 9.565104, 69
26.261797, 51.885171, 41.550236, 70
57.218818, 46.396689, 59.556727, 71
0.947030, 14.126867, 60.643259, 72
50.291644, 30.016756, 33.645338, 73
54.817696, 53.800383, 30.865716, 74
42.919420, 9.562424, 65.507382, 75
2.814592, 14.179264, 48.606180, 76
62.471618, 34.569616, 55.210984, 77
30.004123, 19.595516, 48.949608, 78
67.996095, 62.363470, 0.338946, 79
8.841712, 19.905779, 52.224107, 80
50.391938, 8.405110, 29.901309, 81
41.229178, 9.352131, 44.028166, 82
33.152951, 59.643764, 5.325435, 83
66.798279, 45.741973, 59.125808, 84
28.944508, 19.941907, 68.688222, 85
25.732404, 22.756488, 14.147999, 86
5.619097, 16.508619, 48.717605, 87
60.830070, 46.512732, 68.313111, 88
41.060191, 45.789340, 61.957093, 89
41.399127, 54.631042, 13.143386, 90
24.903746, 36.303493, 21.548487, 91
54.805045, 8.813185, 30.900607, 92
30.113724, 41.966126, 21.824885, 93
35.439149, 40.044918, 67.566848, 94
25.845470, 0.269939, 18.789268, 95
25.814206, 26.002333, 41.545747, 96
39.962195, 31.621420, 58.054356, 97
19.960313, 23.732003, 35.847601, 98
19.553937, 64.792184, 12.917455, 99
12.791544, 37.471824, 67.548488, 100
25.934920, 62.375560, 35.132494, 101
47.483396, 48.461119, 43.945669, 102
9.664517, 9.855356, 17.192308, 103
31.489392, 45.294495, 57.237216, 104
30.336753, 2.420479, 57.507146, 105
49.126012, 28.234675, 14.789992, 106
21.952272, 68.196860, 46.411401, 107
11.287141, 19.437686, 1.423918, 108
47.134732, 38.991613, 66.216091, 109
60.052177, 51.783147, 34.968428, 110
58.881178, 8.998580, 28.624502, 111
25.294186, 56.481966, 8.366134, 112
0.520368, 66.146473, 18.221480, 113
17.712667, 28.916378, 63.515965, 114
6.230396, 59.253122, 65.936434, 115
63.737532, 39.659647, 25.451622, 116
9.808037, 61.611908, 24.928994, 117
56.219428, 4.179562, 44.366670, 118
57.643336, 51.314284, 14.638796, 119
55.139941, 42.646975, 66.421933, 120
21.388882, 32.808666, 6.701026, 121
50.013374, 58.102842, 63.182982, 122
58.379498, 58.623200, 60.609968, 123
7.881491, 7.616380, 20.806859, 124
2.677970, 13.846766, 11.340494, 125
68.614393, 8.864811, 51.000131, 126
25.346528, 18.672838, 43.892552, 127
