x coord, y coord, z coord, scalar
63.141827, 30.469594, 80.285935, 0
74.404756, 21.029290, 93.497181, 1
83.657540, 46.184037, 114.986713, 2
55.647739, 9.023625, 131.306753, 3
44.874695, -1.354749, 113.019746, 4
53.615051, 5.916608, 133.530075, 5
32.823333, 13.538016, 127.959888, 6
54.560771, 33.051912, 122.188411, 7
63.229974, 56.748235, 131.716154, 8
61.548175, 44.515626, 99.303491, 9
39.870891, 21.163326, 138.726515, 10
47.673178, 9.073944, 99.989587, 11
68.686715, 6.237357, 86.407612, 12
42.470304, 44.110447, 104.384639, 13
32.573846, 2.491080, 111.983244, 14
73.110021, 38.331454, 126.853298, 15
65.436910, 53.380133, 80.625198, 16
52.193609, 21.446756, 122.630543, 17
33.178842, -1.817375, 119.612669, 18
23.691888, 41.956133, 104.362176, 19
50.511723, -4.667116, 134.478925, 20
48.035079, 25.231414, 83.786730, 21
75.541102, 7.423997, 98.977484, 22
20.745599, 32.119650, 83.321838, 23
52.646593, 46.918864, 94.766281, 24
23.426754, 33.534755, 73.331645, 25
77.796395, 12.477531, 135.665179, 26
85.937945, 46.896472, 97.345844, 27
67.365314, -6.418797, 104.481831, 28
45.774831, -0.501559, 86.671854, 29
77.653363, 32.235517, 90.958148, 30
70.929119, -6.223538, 125.142960, 31
82.232218, 51.542917, 72.800860, 32
40.006584, 54.513864, 113.873896, 33
50.844784, 20.666320, 101.026620, 34
73.127411, 26.318425, 74.795325, 35
73.975411, 17.620688, 96.226242, 36
68.437452, 17.064505, 83.356622, 37
24.580166, -2.064303, 85.891211, 38
56.578360, 25.935874, 94.343032, 39
70.766586, 17.095105, 135.531970, 40
20.521606, 1.530106, 138.261827, 41
73.180907, -2.731814, 130.038644, 42
73.498121, 19.500114, 124.786413, 43
46.168888, 52.570243, 85.686634, 44
74.711906, 39.203522, 120.958452, 45
77.023584, 26.684804, 78.813044, 46
32.046702, 8.628144, 104.830867, 47
42.919776, 15.433657, 111.719706, 48
56.327262, 54.237348, 77.889803, 49
78.186663, 38.509801, 103.938299, 50
72.515492, 41.256758, 114.421788, 51
69.574173, 27.943535, 120.643368, 52
58.409676, 14.947528, 80.377376, 53
41.992953, 43.341764, 73.181535, 54
55.195948, 31.559535, 121.338460, 55
34.951262, 22.088995, 88.257141, 56
41.280665, 36.361048, 105.838666, 57
73.627947, -7.213399, 130.225713, 58
44.144854, 31.339215, 124.696981, 59
49.551009, 23.031742, 103.440627, 60
81.005647, 9.053105, 84.931335, 61
54.224296, -7.866861, 121.828282, 62
33.664542, 32.768171, 77.009694, 63
41.558282, 56.986471, 129.304857, 64
42.256178, 25.688282, 101.098262, 65
22.391494, 42.864891, 132.140685, 66
38.164981, -2.348575, 108.735574, 67
71.520031, 53.504715, 110.475624, 68
60.542606, 11.155428, 82.048731, 69
44.036444, 42.931776, 114.033877, 70
74.993462, 37.443292, 132.040375, 71
18.721670, 5.173477, 133.126919, 72
68.066289, 21.063355, 106.128969, 73
72.592340, 44.846987, 103.349356, 74
60.694060, 0.609024, 137.991048, 75
20.589230, 5.225879, 121.089832, 76
80.246261, 25.616218, 127.694631, 77
47.778792, 10.642035, 121.433665, 78
85.770737, 53.410074, 72.822586, 79
26.616353, 10.952401, 124.707785, 80
68.166578, -0.548290, 102.384938, 81
59.003812, 0.398719, 116.511809, 82
50.927594, 50.690369, 77.809072, 83
84.572922, 36.788577, 131.609454, 84
46.719151, 10.988510, 141.171908, 85
43.507046, 13.803093, 86.631612, 86
23.393735, 7.555239, 121.201263, 87
78.604713, 37.559336, 140.796758, 88
58.834837, 36.835944, 134.440747, 89
59.173770, 45.677647, 85.627022, 90
42.678393, 27.350099, 94.032103, 91
72.579686, -0.140215, 103.384241, 92
47.888370, 33.012731, 94.308510, 93
53.213795, 31.091522, 140.050508, 94
43.620108, -8.683456, 91.272888, 95
43.588949, 17.048943, 114.029249, 96
57.736843, 22.668019, 130.538026, 97
37.734976, 14.778637, 108.331075, 98
37.328580, 55.838789, 85.401093, 99
30.566189, 28.518431, 140.032149, 100
43.709565, 53.422165, 107.616134, 101
65.258042, 39.507721, 116.429312, 102
27.439157, 0.901964, 89.675929, 103
49.264040, 36.341099, 129.720872, 104
48.111386, -6.532920, 129.990824, 105
66.900655, 19.281277, 87.273621, 106
39.726916, 59.243465, 118.895045, 107
29.061783, 10.484292, 73.907548, 108
64.909377, 30.038215, 138.699746, 109
77.826821, 42.829750, 107.452069, 110
76.655819, 0.045181, 101.108137, 111
43.068829, 47.528571, 80.849770, 112
18.295011, 57.193079, 90.705119, 113
35.487313, 19.962987, 135.999650, 114
24.005040, 50.299728, 138.420081, 115
81.512175, 30.706250, 97.935260, 116
27.582681, 52.658514, 97.412633, 117
73.994069, -4.773838, 116.850313, 118
75.417979, 42.360888, 87.122434, 119
72.914585, 33.693578, 138.905583, 120
39.163526, 23.855272, 79.184653, 121
67.788018, 49.149446, 135.666629, 122
76.154141, 49.669804, 133.093614, 123
25.656130, -1.337012, 93.290481, 124
20.452611, 4.893373, 83.824123, 125
86.389035, -0.088587, 123.483776, 126
43.121170, 9.719446, 116.376193, 127
