x coord, y coord, z coord, scalar
55.135384, 28.382287, 58.191833, 0
66.398313, 18.941984, 71.403079, 1
75.651097, 44.096731, 92.892608, 2
47.641294, 6.936319, 109.212628, 3
36.868254, -3.442051, 90.925661, 4
45.608608, 3.829303, 111.435950, 5
24.816891, 11.450709, 105.865755, 6
46.554327, 30.964605, 100.094303, 7
55.223531, 54.660928, 109.622048, 8
53.541732, 42.428319, 77.209388, 9
31.864448, 19.076019, 116.632396, 10
39.666734, 6.986638, 77.895515, 11
60.680272, 4.150051, 64.313511, 12
34.463861, 42.023140, 82.290536, 13
24.567407, 0.403774, 89.889156, 14
65.103577, 36.244148, 104.759191, 15
57.430467, 51.292826, 58.531094, 16
44.187164, 19.359448, 100.536423, 17
25.172402, -3.904680, 97.518556, 18
15.685446, 39.868826, 82.268072, 19
42.505280, -6.754421, 112.384807, 20
40.028636, 23.144108, 61.692631, 21
67.534659, 5.336691, 76.883382, 22
12.739156, 30.032344, 61.227736, 23
44.640150, 44.831558, 72.672178, 24
15.420311, 31.447449, 51.237542, 25
69.789952, 10.390225, 113.571071, 26
77.931502, 44.809165, 75.251739, 27
59.358870, -8.506103, 82.387730, 28
37.768388, -2.588865, 64.577758, 29
69.646919, 30.148211, 68.864044, 30
62.922676, -8.310844, 103.048852, 31
74.225775, 49.455610, 50.706756, 32
32.000141, 52.426557, 91.779791, 33
42.838340, 18.579013, 78.932533, 34
65.120968, 24.231118, 52.701222, 35
65.968968, 15.533382, 74.132140, 36
60.431008, 14.977199, 61.262521, 37
16.573723, -4.151609, 63.797111, 38
48.571917, 23.848567, 72.248934, 39
62.760142, 15.007798, 113.437860, 40
12.515164, -0.557201, 116.167715, 41
65.174464, -4.819120, 107.944536, 42
65.491677, 17.412808, 102.692306, 43
38.162445, 50.482936, 63.592531, 44
66.705462, 37.116215, 98.864346, 45
69.017141, 24.597498, 56.718941, 46
24.040261, 6.540837, 82.736789, 47
34.913329, 13.346340, 89.625715, 48
48.320819, 52.150041, 55.795700, 49
70.180220, 36.422495, 81.844194, 50
64.509048, 39.169451, 92.327683, 51
61.567729, 25.856229, 98.549261, 52
50.403232, 12.860222, 58.283276, 53
33.986510, 41.254458, 51.087433, 54
47.189504, 29.472228, 99.244352, 55
26.944820, 20.001688, 66.163045, 56
33.274222, 34.273741, 83.744565, 57
65.621504, -9.300705, 108.131606, 58
36.138410, 29.251907, 102.602869, 59
41.544565, 20.944435, 81.346539, 60
72.999204, 6.965798, 62.837232, 61
46.217853, -9.954166, 99.734171, 62
25.658099, 30.680864, 54.915593, 63
33.551839, 54.899164, 107.210751, 64
34.249735, 23.600975, 79.004171, 65
14.385051, 40.777584, 110.046578, 66
30.158540, -4.435879, 86.641490, 67
63.513588, 51.417408, 88.381519, 68
52.536163, 9.068122, 59.954631, 69
36.030001, 40.844469, 91.939772, 70
66.987018, 35.355986, 109.946268, 71
10.715228, 3.086171, 111.032808, 72
60.059845, 18.976048, 84.034868, 73
64.585896, 42.759680, 81.255252, 74
52.687617, -1.478281, 115.896935, 75
12.582788, 3.138573, 98.995723, 76
72.239818, 23.528911, 105.600524, 77
39.772338, 8.554731, 99.339410, 78
77.764294, 51.322767, 50.728481, 79
18.609912, 8.865093, 102.613667, 80
60.160134, -2.635596, 80.290838, 81
50.997368, -1.688586, 94.417704, 82
42.921151, 48.603063, 55.714968, 83
76.566479, 34.701270, 109.515348, 84
38.712708, 8.901204, 119.077787, 85
35.500603, 11.715787, 64.537517, 86
15.387294, 5.467932, 99.107152, 87
70.598270, 35.472029, 118.702651, 88
50.828393, 34.748637, 112.346638, 89
51.167327, 43.590340, 63.532919, 90
34.671950, 25.262792, 71.938007, 91
64.573243, -2.227521, 81.290139, 92
39.881927, 30.925424, 72.214411, 93
45.207351, 29.004215, 117.956397, 94
35.613666, -10.770762, 69.178791, 95
35.582500, 14.961626, 91.935194, 96
49.730399, 20.580712, 108.443911, 97
29.728535, 12.691326, 86.237031, 98
29.322137, 53.751483, 63.306989, 99
22.559746, 26.431124, 117.938037, 100
35.703122, 51.334859, 85.522030, 101
57.251599, 37.420415, 94.335207, 102
19.432714, -1.185342, 67.581832, 103
41.257596, 34.253792, 107.626762, 104
40.104943, -8.620226, 107.896706, 105
58.894212, 17.193971, 65.179521, 106
31.720473, 57.156158, 96.800939, 107
21.055340, 8.396985, 51.813447, 108
56.902933, 27.950909, 116.605637, 109
69.820378, 40.742443, 85.357965, 110
68.649376, -2.042126, 79.014034, 111
35.062386, 45.441265, 58.755667, 112
10.288568, 55.105772, 68.611015, 113
27.480870, 17.875680, 113.905529, 114
15.998597, 48.212421, 116.325974, 115
73.505732, 28.618943, 75.841156, 116
19.576238, 50.571208, 75.318529, 117
65.987625, -6.861144, 94.756208, 118
67.411536, 40.273582, 65.028331, 119
64.908141, 31.606271, 116.811475, 120
31.157083, 21.767965, 57.090553, 121
59.781575, 47.062139, 113.572522, 122
68.147698, 47.582497, 110.999507, 123
17.649688, -3.424318, 71.196383, 124
12.446168, 2.806067, 61.730023, 125
78.382592, -2.175893, 101.389670, 126
35.114728, 7.632140, 94.282088, 127
