x coord, y coord, z coord, scalar
66.785179, 19.358315, 183.820064, 0
78.048107, 9.918010, 197.031311, 1
87.300892, 35.072758, 218.520860, 2
59.291088, -2.087662, 234.841001, 3
48.518006, -12.466028, 216.553789, 4
57.258399, -5.194676, 237.064322, 5
36.466690, 2.426753, 231.494178, 6
58.204128, 21.940630, 225.722574, 7
66.873326, 45.636956, 235.250307, 8
65.191528, 33.404347, 202.837627, 9
43.514245, 10.052049, 242.260730, 10
51.316527, -2.037339, 203.523569, 11
72.330065, -4.873923, 189.941735, 12
46.113658, 32.999169, 207.918774, 13
36.217183, -8.620172, 215.517303, 14
76.753373, 27.220174, 230.387452, 15
69.080262, 42.268854, 184.159337, 16
55.836974, 10.335464, 226.164765, 17
36.822178, -12.928636, 223.146859, 18
27.335242, 30.844857, 207.896313, 19
54.155068, -15.778395, 238.013135, 20
51.678431, 14.120136, 187.320843, 21
79.184452, -3.687284, 202.511614, 22
24.388951, 21.008374, 186.855968, 23
56.289946, 35.807586, 198.300415, 24
27.070106, 22.423478, 176.865777, 25
81.439746, 1.366251, 239.199342, 26
89.581297, 35.785193, 200.879987, 27
71.008661, -17.530079, 208.015959, 28
49.418180, -11.612837, 190.205955, 29
81.296714, 21.124238, 194.492284, 30
74.572467, -17.334819, 228.677119, 31
85.875569, 40.431639, 176.335001, 32
43.649937, 43.402586, 217.408042, 33
54.488141, 9.555036, 204.560677, 34
76.770762, 15.207146, 178.329459, 35
77.618762, 6.509407, 199.760371, 36
72.080803, 5.953226, 186.890747, 37
28.223516, -13.175578, 189.425330, 38
60.221714, 14.824593, 197.877141, 39
74.409937, 5.983823, 239.066141, 40
24.164956, -9.581168, 241.796006, 41
76.824256, -13.843095, 233.572807, 42
77.141473, 8.388832, 228.320572, 43
49.812240, 41.458965, 189.220771, 44
78.355258, 28.092242, 224.492602, 45
80.666935, 15.573525, 182.347179, 46
35.690053, -2.483118, 208.364874, 47
46.563207, 4.322372, 215.253274, 48
59.970614, 43.126070, 181.423942, 49
81.830015, 27.398522, 207.472440, 50
76.158844, 30.145478, 217.955934, 51
73.217526, 16.832253, 224.177521, 52
62.053027, 3.836249, 183.911494, 53
45.636305, 32.230487, 176.715669, 54
58.839306, 20.448253, 224.872622, 55
38.594616, 10.977719, 191.791245, 56
44.924022, 25.249770, 209.372791, 57
77.271296, -18.324679, 233.759874, 58
47.788214, 20.227935, 228.231161, 59
53.194369, 11.920459, 206.974690, 60
84.648998, -2.058175, 188.465469, 61
57.867636, -18.978144, 225.362456, 62
37.307894, 21.656894, 180.543822, 63
45.201635, 45.875193, 232.839010, 64
45.899538, 14.577004, 204.632339, 65
26.034847, 31.753615, 235.674843, 66
41.808313, -13.459842, 212.269611, 67
75.163383, 42.393436, 214.009769, 68
64.185957, 0.044149, 185.582848, 69
47.679800, 31.820498, 217.568021, 70
78.636814, 26.332012, 235.574531, 71
22.365021, -5.937795, 236.661098, 72
71.709642, 9.952071, 209.663096, 73
76.235692, 33.735708, 206.883497, 74
64.337408, -10.502257, 241.525239, 75
24.232580, -5.885388, 224.623998, 76
83.889613, 14.504937, 231.228785, 77
51.422149, -0.469323, 224.968567, 78
89.414089, 42.298796, 176.356728, 79
30.259707, -0.158862, 228.241998, 80
71.809926, -11.659573, 205.919061, 81
62.647153, -10.712572, 220.045957, 82
54.570946, 39.579091, 181.343209, 83
88.216274, 25.677297, 235.143607, 84
50.362502, -0.122769, 244.706134, 85
47.150398, 2.691815, 190.165705, 86
27.037086, -3.556026, 224.735439, 87
82.248065, 26.448057, 244.330915, 88
62.478190, 25.724664, 237.974913, 89
62.817123, 34.566368, 189.161157, 90
46.321748, 16.238821, 197.566202, 91
76.223035, -11.251497, 206.918371, 92
51.531725, 21.901452, 197.842625, 93
56.857148, 19.980242, 243.584687, 94
47.263456, -19.794733, 194.806994, 95
47.232389, 5.937649, 217.563141, 96
61.380199, 11.556735, 234.072224, 97
41.378352, 3.667380, 211.864915, 98
40.971933, 44.727512, 188.935231, 99
34.209543, 17.407155, 243.566330, 100
47.352918, 42.310887, 211.150277, 101
68.901396, 28.396441, 219.963459, 102
31.082506, -10.209311, 193.210037, 103
52.907396, 25.229820, 233.255043, 104
51.754727, -17.644200, 233.525037, 105
70.544006, 8.169997, 190.807744, 106
43.370269, 48.132187, 222.429193, 107
32.705133, -0.626985, 177.441671, 108
68.552729, 18.926935, 242.233915, 109
81.470173, 31.718470, 210.986213, 110
80.299169, -11.066100, 204.642271, 111
46.712181, 36.417293, 184.383904, 112
21.938363, 46.081802, 194.239261, 113
39.130669, 8.851713, 239.533873, 114
27.648393, 39.188451, 241.954238, 115
85.155527, 19.594970, 201.469398, 116
31.226034, 41.547237, 200.946772, 117
77.637417, -15.885120, 220.384461, 118
79.061331, 31.249609, 190.656573, 119
76.557937, 22.582298, 242.439743, 120
42.806878, 12.743995, 182.718771, 121
71.431370, 38.038167, 239.200784, 122
79.797493, 38.558525, 236.627766, 123
29.299479, -12.448286, 196.824589, 124
24.095961, -6.217902, 187.358245, 125
90.032385, -11.199867, 227.017927, 126
46.764522, -1.391829, 219.910336, 127
