x coord, y coord, z coord, scalar
187.885845, 38.920640, 113.391632, 0
188.045499, 65.655422, 148.755525, 1
217.789816, 61.736792, 119.000881, 2
189.947831, 22.455126, 121.953464, 3
199.366704, 63.662803, 128.233313, 4
186.690215, 40.365549, 157.565654, 5
228.697778, 42.510806, 145.764932, 6
185.553640, 36.955502, 140.444664, 7
191.159879, 6.135379, 135.585380, 8
198.192380, 6.558849, 118.713481, 9
222.757529, 18.795550, 153.672902, 10223.149512, 31.191846, 146.647225, 11190.185483, 4.613147, 135.702457, 12196.186660, 18.911889, 154.196325, 13205.141555, 42.630231, 145.189935, 14220.374134, 53.670520, 181.581705, 15196.219775, 37.999824, 151.412844, 16228.984573, 47.904214, 115.685116, 17187.709885, 63.415021, 117.858926, 18210.295298, 17.238808, 120.455920, 19216.009018, 64.347242, 135.290017, 20187.962116, 43.128240, 162.520987, 21221.608998, 57.664580, 163.172335, 22244.311486, 9.482694, 178.122241, 23216.787972, 38.973842, 148.072780, 24180.246066, 14.979641, 129.059667, 25180.108026, 35.550328, 163.098103, 26218.519128, 20.166244, 138.320673, 27221.204596, 32.226983, 129.053896, 28226.063778, 66.873223, 142.331890, 29233.520062, 38.513582, 133.997764, 30187.090801, 50.826629, 173.164843, 31236.611260, 28.066977, 158.148187, 32218.063709, 28.009876, 163.669683, 33214.466414, 69.148740, 129.961760, 34180.817310, 5.026240, 140.979896, 35196.877100, 9.485147, 172.568746, 36178.255452, 52.355223, 120.053461, 37203.576145, 29.191292, 148.320749, 38219.631056, 10.886374, 142.511112, 39180.243506, 68.757340, 177.063200, 40201.241462, 11.479539, 155.208767, 41192.686554, 72.441688, 179.314014, 42237.834529, 46.136790, 134.642473, 43219.784017, 16.234594, 131.109925, 44236.745981, 21.402799, 132.174634, 45196.006455, 42.630985, 137.696904, 46186.855475, 45.237162, 117.371907, 47193.909110, 4.444893, 142.601845, 48229.228177, 48.426809, 149.526814, 49190.019825, 53.021291, 145.602881, 50185.363353, 9.894149, 153.120712, 51227.571877, 26.931525, 152.881474, 52225.166256, 20.397472, 126.336495, 53178.089414, 64.532439, 138.609713, 54196.199633, 56.909848, 156.051387, 55215.374329, 8.547636, 126.000362, 56240.072567, 19.753985, 167.276185, 57175.725376, 38.014027, 167.759462, 58205.327098, 22.873580, 143.505023, 59241.853772, 37.244225, 123.844870, 60205.737102, 46.958517, 129.775479, 61177.138147, 30.161829, 152.747552, 62217.019277, 10.959479, 169.183454, 63230.356082, 13.399755, 161.034664, 64187.246340, 33.950317, 145.263304, 65230.297238, 4.955992, 149.849188, 66243.297816, 69.379452, 165.641549, 67228.854376, 69.455709, 130.974207, 68214.894012, 30.414237, 149.887800, 69176.679587, 27.899532, 114.449119, 70187.524646, 57.987459, 157.446411, 71204.302141, 59.476480, 114.926416, 72244.049515, 32.127159, 121.924452, 73231.513235, 18.114654, 131.362533, 74210.828226, 29.711906, 161.352383, 75243.091408, 15.640568, 162.345707, 76211.221033, 14.569788, 159.044255, 77195.143059, 67.775048, 155.818671, 78213.117346, 38.300558, 113.551064, 79181.284077, 39.331085, 137.489361, 80182.733391, 51.206571, 122.795523, 81227.179504, 11.140076, 178.310776, 82229.106273, 10.820990, 137.756574, 83238.030896, 66.685127, 151.909705, 84187.674091, 33.144814, 177.660179, 85236.025352, 31.867607, 120.619068, 86216.651500, 67.439564, 131.227233, 87193.975870, 18.214028, 126.320978, 88236.794378, 55.682226, 160.660394, 89237.346044, 61.317191, 127.309971, 90193.116076, 68.401476, 174.555171, 91202.911875, 51.212392, 113.013430, 92199.502980, 35.950102, 119.872384, 93224.259607, 29.612361, 113.876856, 94194.449787, 41.637536, 143.060391, 95190.390156, 33.294128, 170.966744, 96198.009451, 5.576994, 165.724919, 97216.236885, 23.903765, 179.977384, 98229.558190, 16.329529, 162.978387, 99208.498898, 9.306978, 151.614391, 10222.808980, 26.773868, 147.334846, 10215.644555, 54.036660, 125.865104, 10215.658400, 9.171064, 157.854404, 10222.531673, 57.781559, 114.785116, 10223.408867, 7.862727, 152.461216, 10184.749761, 22.603794, 113.073829, 10242.716084, 44.964121, 114.689221, 10226.721314, 16.832408, 134.631324, 10224.978957, 70.741506, 146.999402, 10206.237498, 34.871880, 152.349295, 11176.132364, 13.312291, 175.157049, 11210.466973, 53.307677, 156.513429, 11223.332675, 24.597493, 161.722293, 11199.467438, 71.480068, 146.822322, 11201.252932, 50.520418, 150.724611, 11240.713931, 59.620995, 169.365582, 11240.787996, 57.968473, 141.648412, 11242.477364, 40.321213, 154.519311, 11195.389315, 20.931603, 152.579941, 11229.388713, 51.520072, 114.769962, 12200.013910, 52.003357, 124.120097, 12193.451303, 18.101664, 173.467151, 12236.963763, 65.785223, 125.383125, 12216.966084, 20.884035, 124.181673, 12182.068892, 46.487776, 170.741110, 12219.792227, 42.833039, 157.681791, 12207.438144, 39.252534, 142.966930, 12