x coord, y coord, z coord, scalar
55.938924, 25.142860, 43.251607, 0
67.201853, 15.702556, 56.462852, 1
76.454637, 40.857303, 77.952379, 2
48.444836, 3.696892, 94.272387, 3
37.671797, -6.681483, 75.985446, 4
46.412149, 0.589875, 96.495709, 5
25.620429, 8.211281, 90.925508, 6
47.357867, 27.725178, 85.154072, 7
56.027071, 51.421501, 94.681819, 8
54.345272, 39.188892, 62.269160, 9
32.667987, 15.836592, 101.692158, 10
40.470275, 3.747211, 62.955307, 11
61.483813, 0.910624, 49.373286, 12
35.267400, 38.783713, 67.350309, 13
25.370945, -2.835658, 74.948939, 14
65.907118, 33.004721, 89.818962, 15
58.234007, 48.053399, 43.590867, 16
44.990705, 16.120023, 85.596185, 17
25.975941, -7.144112, 82.578322, 18
16.488985, 36.629399, 67.327845, 19
43.308821, -9.993849, 97.444570, 20
40.832176, 19.904680, 46.752407, 21
68.338199, 2.097264, 61.943155, 22
13.542696, 26.792916, 46.287510, 23
45.443690, 41.592130, 57.731951, 24
16.223851, 28.208021, 36.297315, 25
70.593492, 7.150798, 98.630840, 26
78.735042, 41.569738, 60.311511, 27
60.162411, -11.745531, 67.447503, 28
38.571928, -5.828293, 49.637536, 29
70.450460, 26.908784, 53.923817, 30
63.726217, -11.550271, 88.108622, 31
75.029315, 46.216183, 35.766528, 32
32.803680, 49.187130, 76.839563, 33
43.641880, 15.339587, 63.992316, 34
65.924508, 20.991691, 37.760996, 35
66.772508, 12.293955, 59.191914, 36
61.234549, 11.737771, 46.322295, 37
17.377263, -7.391037, 48.856886, 38
49.375457, 20.609140, 57.308711, 39
63.563683, 11.768371, 98.497629, 40
13.318703, -3.796629, 101.227483, 41
65.978005, -8.058548, 93.004305, 42
66.295218, 14.173381, 87.752075, 43
38.965985, 47.243509, 48.652303, 44
67.509003, 33.876788, 83.924117, 45
69.820681, 21.358070, 41.778714, 46
24.843799, 3.301408, 67.796578, 47
35.716862, 10.106924, 74.685559, 48
49.124359, 48.910614, 40.855472, 49
70.983760, 33.183068, 66.903967, 50
65.312589, 35.930024, 77.387455, 51
62.371270, 22.616802, 83.609032, 52
51.206773, 9.620795, 43.343051, 53
34.790050, 38.015030, 36.147206, 54
47.993044, 26.232802, 84.304121, 55
27.748359, 16.762261, 51.222821, 56
34.077762, 31.034314, 68.804339, 57
66.425045, -12.540132, 93.191375, 58
36.941949, 26.012481, 87.662636, 59
42.348105, 17.705009, 66.406321, 60
73.802744, 3.726371, 47.897005, 61
47.021394, -13.193595, 84.793939, 62
26.461639, 27.441437, 39.975366, 63
34.355379, 51.659737, 92.270521, 64
35.053275, 20.361548, 64.063951, 65
15.188591, 37.538157, 95.106348, 66
30.962080, -7.675310, 71.701276, 67
64.317128, 48.177981, 73.441290, 68
53.339703, 5.828694, 45.014406, 69
36.833541, 37.605042, 76.999544, 70
67.790559, 32.116558, 95.006038, 71
11.518767, -0.153257, 96.092575, 72
60.863386, 15.736621, 69.094642, 73
65.389437, 39.520253, 66.315024, 74
53.491158, -4.717709, 100.956701, 75
13.386327, -0.100856, 84.055493, 76
73.043359, 20.289484, 90.660294, 77
40.575888, 5.315312, 84.399086, 78
78.567834, 48.083340, 35.788253, 79
19.413450, 5.625665, 87.673430, 80
60.963675, -5.875024, 65.350612, 81
51.800911, -4.928014, 79.477475, 82
43.724691, 45.363635, 40.774741, 83
77.370019, 31.461843, 94.575118, 84
39.516248, 5.661776, 104.137549, 85
36.304144, 8.476359, 49.597296, 86
16.190832, 2.228503, 84.166920, 87
71.401810, 32.232602, 103.762422, 88
51.631933, 31.509210, 97.406407, 89
51.970867, 40.350913, 48.592692, 90
35.475490, 22.023365, 56.997785, 91
65.376784, -5.466949, 66.349912, 92
40.685467, 27.685997, 57.274187, 93
46.010891, 25.764788, 103.016164, 94
36.417206, -14.010190, 54.238568, 95
36.386034, 11.722211, 76.994998, 96
50.533940, 17.341285, 93.503676, 97
30.532070, 9.451900, 71.296841, 98
30.125677, 50.512055, 48.366762, 99
23.363285, 23.191697, 102.997804, 100
36.506662, 48.095431, 70.581802, 101
58.055139, 34.180988, 79.394978, 102
20.236254, -4.424770, 52.641608, 103
42.061136, 31.014366, 92.686530, 104
40.908484, -11.859654, 92.956469, 105
59.697752, 13.954543, 50.239295, 106
32.524013, 53.916731, 81.860711, 107
21.858880, 5.157558, 36.873221, 108
57.706474, 24.711482, 101.665405, 109
70.623918, 37.503016, 70.417736, 110
69.452917, -5.281553, 64.073808, 111
35.865926, 42.201837, 43.815440, 112
11.092108, 51.866345, 53.670787, 113
28.284410, 14.636253, 98.965291, 114
16.802137, 44.972994, 101.385745, 115
74.309272, 25.379516, 60.900929, 116
20.379778, 47.331780, 60.378302, 117
66.791166, -10.100571, 79.815979, 118
68.215076, 37.034154, 50.088103, 119
65.711682, 28.366844, 101.871245, 120
31.960623, 18.528538, 42.150328, 121
60.585115, 43.822712, 98.632292, 122
68.951238, 44.343070, 96.059278, 123
18.453228, -6.663746, 56.256159, 124
13.249708, -0.433361, 46.789797, 125
79.186132, -5.415321, 86.449440, 126
35.918267, 4.392712, 79.341860, 127
