x coord, y coord, z coord, scalar
90.102031, 4.788192, 450.073792, 0
101.364959, -4.652115, 463.285041, 1
110.617744, 20.502635, 484.774637, 2
82.607939, -16.657797, 501.095055, 3
71.834805, -27.036170, 482.807280, 4
80.575247, -19.764807, 503.318375, 5
59.783543, -12.143348, 497.748347, 6
81.520988, 7.370506, 491.976394, 7
90.190178, 31.066834, 501.504099, 8
88.508381, 18.834224, 469.091376, 9
66.831100, -4.518070, 508.514698, 10
74.633378, -16.607467, 469.776891, 11
95.646916, -19.444047, 456.195447, 12
69.430514, 18.429048, 474.172518, 13
59.534004, -23.190265, 481.770837, 14
100.070227, 12.650051, 496.641248, 15
92.397114, 27.698733, 450.413094, 16
79.153849, -4.234670, 492.418750, 17
60.139000, -27.498742, 489.400755, 18
50.652096, 16.274738, 474.150065, 19
77.471911, -30.348523, 504.267087, 20
74.995284, -0.449986, 453.574529, 21
102.501303, -18.257410, 468.765344, 22
47.705802, 6.438255, 453.109699, 23
79.606799, 21.237464, 464.554159, 24
50.386957, 7.853358, 443.119516, 25
104.756597, -13.203875, 505.453162, 26
112.898148, 21.215070, 467.133753, 27
94.325508, -32.100207, 474.269685, 28
72.735027, -26.182960, 456.459603, 29
104.613566, 6.554114, 460.746031, 30
97.889315, -31.904947, 494.930930, 31
109.192420, 25.861517, 442.588764, 32
66.966791, 28.832466, 483.661817, 33
77.805003, -5.015090, 470.814206, 34
100.087613, 0.637023, 444.583201, 35
100.935614, -8.060718, 466.014097, 36
95.397654, -8.616898, 453.144466, 37
51.540363, -27.745697, 455.679029, 38
83.538569, 0.254469, 464.130812, 39
97.726789, -8.586303, 505.319984, 40
47.481803, -24.151285, 508.049872, 41
100.141105, -28.413223, 499.826628, 42
100.458326, -6.181296, 494.574383, 43
73.129092, 26.888844, 455.474521, 44
101.672111, 13.522118, 490.746388, 45
103.983786, 1.003402, 448.600924, 46
59.006897, -17.053219, 474.618268, 47
69.880165, -10.247722, 481.505459, 48
83.287465, 28.555948, 447.677696, 49
105.146868, 12.828398, 473.726202, 50
99.475698, 15.575354, 484.209709, 51
96.534381, 2.262126, 490.431317, 52
85.369877, -10.733874, 450.165192, 53
68.953157, 17.660366, 442.969412, 54
82.156167, 5.878128, 491.126442, 55
61.911468, -3.592400, 458.044903, 56
68.240881, 10.679651, 475.626508, 57
100.588144, -32.894806, 500.013688, 58
71.105077, 5.657816, 494.485031, 59
76.511234, -2.649666, 473.228234, 60
107.965848, -16.628299, 454.719211, 61
81.184474, -33.548277, 491.616310, 62
60.624746, 7.086773, 446.797547, 63
68.518488, 31.305072, 499.092803, 64
69.216398, 0.006886, 470.885924, 65
49.351700, 17.183496, 501.928650, 66
65.125134, -28.029958, 478.523086, 67
98.480236, 27.823313, 480.263542, 68
87.502807, -14.525975, 451.836544, 69
70.996657, 17.250378, 483.821790, 70
101.953667, 11.761889, 501.828332, 71
45.681868, -20.507910, 502.914962, 72
95.026497, -4.618057, 475.916818, 73
99.552545, 19.165585, 473.137259, 74
87.654256, -25.072384, 507.779135, 75
47.549424, -20.455497, 490.877826, 76
107.206465, -0.065188, 497.482585, 77
74.739042, -15.039546, 491.224424, 78
112.730939, 27.728674, 442.610492, 79
53.576554, -14.728964, 494.495956, 80
95.126774, -26.229701, 472.172771, 81
85.963996, -25.282716, 486.299739, 82
77.887798, 25.008970, 447.596958, 83
111.533125, 11.107174, 501.397400, 84
73.679353, -14.692892, 510.960127, 85
70.467249, -11.878306, 456.419332, 86
50.353930, -18.126130, 490.989295, 87
105.564917, 11.877933, 510.584718, 88
85.795045, 11.154541, 504.228744, 89
86.133975, 19.996246, 455.414902, 90
69.638604, 1.668701, 463.819847, 91
99.539884, -25.821625, 473.172103, 92
74.848580, 7.331330, 464.096315, 93
80.174003, 5.410119, 509.838552, 94
70.580301, -34.364856, 461.060658, 95
70.549362, -8.632454, 483.816217, 96
84.697057, -3.013393, 500.326141, 97
64.695224, -10.902704, 478.117847, 98
64.288784, 30.157391, 455.188985, 99
57.526396, 2.837038, 509.820201, 100
70.669772, 27.740767, 477.404042, 101
92.218251, 13.826317, 486.217238, 102
54.399353, -24.779429, 459.463705, 103
76.224253, 10.659698, 499.508887, 104
75.071566, -32.214327, 499.778997, 105
93.860858, -6.400127, 457.061453, 106
66.687122, 33.562067, 488.682974, 107
56.021983, -15.197105, 443.695384, 108
91.869583, 4.356811, 508.487753, 109
104.787026, 17.148347, 477.239980, 110
103.616018, -25.636227, 470.896011, 111
70.029033, 21.847172, 450.637648, 112
45.255215, 31.511682, 460.493022, 113
62.447524, -5.718403, 505.787861, 114
50.965245, 24.618331, 508.208040, 115
108.472379, 5.024846, 467.723153, 116
54.542886, 26.977117, 467.200529, 117
100.954265, -30.455248, 486.638241, 118
102.378183, 16.679487, 456.910326, 119
99.874789, 8.012175, 508.693557, 120
66.123729, -1.826126, 448.972469, 121
94.748223, 23.468045, 505.454583, 122
103.114345, 23.988402, 502.881558, 123
52.616325, -27.018403, 463.078261, 124
47.412810, -20.788021, 453.611953, 125
113.349234, -25.769992, 493.271716, 126
70.081372, -15.961946, 486.164104, 127
