x coord, y coord, z coord, scalar
101.506141, -8.252352, 742.844276, 0
112.769070, -17.692662, 756.055529, 1
122.021855, 7.462090, 777.545178, 2
94.012048, -29.698352, 793.865911, 3
83.238868, -40.076722, 775.577495, 4
91.979354, -32.805359, 796.089229, 5
71.187658, -25.183875, 790.519333, 6
92.925106, -5.670041, 784.746984, 7
101.594290, 18.026290, 794.274656, 8
99.912494, 5.793679, 761.861884, 9
78.235214, -17.558612, 801.285454, 10
86.037486, -29.648017, 762.546914, 11
107.051024, -32.484593, 748.965913, 12
80.834628, 5.388505, 766.943021, 13
70.938093, -36.230781, 774.541102, 14
111.474338, -0.390495, 789.411811, 15
103.801224, 14.658188, 743.183610, 16
90.557978, -17.275227, 785.189526, 17
71.543088, -40.539269, 782.171431, 18
62.056208, 3.234197, 766.920576, 19
88.876014, -43.389070, 797.037826, 20
86.399395, -13.490530, 746.344966, 21
113.905412, -31.297958, 761.535832, 22
59.109913, -6.602287, 745.880187, 23
91.010911, 8.196920, 757.324661, 24
61.791067, -5.187184, 735.890013, 25
116.160706, -26.244422, 798.223752, 26
124.302259, 8.174526, 759.904281, 27
105.729614, -45.140756, 767.040167, 28
84.139134, -39.223504, 749.229997, 29
116.017677, -6.486431, 753.516538, 30
109.293421, -44.945496, 787.701509, 31
120.596530, 12.820972, 735.359287, 32
78.370903, 15.791922, 776.432354, 33
89.209121, -18.055639, 763.584465, 34
111.491723, -12.403521, 737.353701, 35
112.339724, -21.101265, 758.784580, 36
106.801764, -21.657444, 745.914939, 37
62.944471, -40.786239, 748.449481, 38
94.942682, -12.786078, 756.901233, 39
109.130900, -21.626851, 798.090599, 40
58.885910, -37.191824, 800.820513, 41
111.545212, -41.453771, 792.597218, 42
111.862437, -19.221845, 787.344961, 43
84.533204, 13.848300, 748.245030, 44
113.076223, 0.481572, 783.516939, 45
115.387896, -12.037143, 741.371427, 46
70.411004, -30.093745, 767.388373, 47
81.284369, -23.288260, 774.274189, 48
94.691576, 15.515404, 740.448210, 49
116.550979, -0.212148, 766.496725, 50
110.879810, 2.534808, 776.980247, 51
107.938494, -10.778422, 783.201878, 52
96.773987, -23.774419, 742.935642, 53
80.357267, 4.619822, 735.739912, 54
93.560285, -7.162420, 783.897031, 55
73.315580, -16.632942, 750.815308, 56
79.644997, -2.360891, 768.396980, 57
111.992251, -45.935353, 792.784271, 58
82.509198, -7.382728, 787.255677, 59
87.915355, -15.690215, 765.998509, 60
119.369957, -29.668844, 747.489712, 61
92.588572, -46.588828, 784.386937, 62
72.028856, -5.953770, 739.568028, 63
79.922600, 18.264529, 791.863362, 64
80.620518, -13.033657, 763.656245, 65
60.755812, 4.142955, 794.699225, 66
76.529219, -41.070492, 771.293283, 67
109.884347, 14.782769, 773.034077, 68
98.906917, -27.566521, 744.606992, 69
82.400772, 4.209834, 776.592322, 70
113.357778, -1.278657, 794.598901, 71
57.085976, -33.548447, 795.685601, 72
106.430609, -17.658607, 768.687296, 73
110.956656, 6.125039, 765.907782, 74
99.058363, -38.112932, 800.549810, 75
58.953531, -33.496029, 783.648425, 76
118.610576, -13.105735, 790.253151, 77
86.143173, -28.080182, 783.997329, 78
124.135049, 14.688130, 735.381018, 79
64.980664, -27.769490, 787.266702, 80
106.530881, -39.270251, 764.943236, 81
97.368095, -38.323276, 779.070284, 82
89.291908, 11.968426, 740.367467, 83
122.937236, -1.933372, 794.167959, 84
85.083462, -27.733437, 803.730914, 85
81.871359, -24.918849, 749.189702, 86
61.758037, -31.166658, 783.759925, 87
116.969028, -1.162612, 803.355288, 88
97.199158, -1.886005, 796.999345, 89
97.538086, 6.955702, 748.185405, 90
81.042718, -11.371842, 756.590238, 91
110.943992, -38.862173, 765.942591, 92
86.252694, -5.709214, 756.866756, 93
91.578116, -7.630426, 802.609193, 94
81.984406, -47.405400, 753.831070, 95
81.953578, -21.673002, 776.585960, 96
96.101173, -16.053944, 793.096840, 97
76.099359, -23.943219, 770.887426, 98
75.692895, 17.116848, 747.959499, 99
68.930509, -10.203503, 802.590848, 100
82.073884, 14.700223, 770.174568, 101
103.622364, 0.785771, 778.987780, 102
65.803461, -37.819969, 752.234122, 103
87.628369, -2.380846, 792.279502, 104
86.475665, -45.254874, 792.549744, 105
105.264968, -19.440673, 749.831917, 106
78.091234, 20.521523, 781.453519, 107
67.426092, -28.237648, 736.465852, 108
103.273695, -8.683735, 801.258362, 109
116.191137, 4.107802, 770.010510, 110
115.020126, -38.676774, 763.666510, 111
81.433144, 8.806629, 743.408150, 112
56.659326, 18.471139, 753.263545, 113
73.851638, -18.758942, 798.558641, 114
62.369356, 11.577789, 800.978609, 115
119.876489, -8.015700, 760.493668, 116
65.946998, 13.936575, 759.971047, 117
112.358372, -43.495796, 779.408785, 118
113.782293, 3.638942, 749.680839, 119
111.278900, -5.028371, 801.464138, 120
77.527840, -14.866669, 741.742920, 121
106.152334, 10.427500, 798.225148, 122
114.518456, 10.947858, 795.652116, 123
64.020432, -40.058943, 755.848682, 124
58.816918, -33.828562, 746.382415, 125
124.753343, -38.810539, 786.042270, 126
81.485482, -29.002487, 778.934633, 127
