x coord, y coord, z coord, scalar
56.053103, 29.400963, 62.306758, 0
67.316032, 19.960660, 75.518004, 1
76.568816, 45.115407, 97.007534, 2
48.559014, 7.954995, 113.327557, 3
37.785973, -2.423375, 95.040584, 4
46.526327, 4.847979, 115.550880, 5
25.734610, 12.469384, 109.980686, 6
47.472046, 31.983281, 104.209229, 7
56.141250, 55.679604, 113.736974, 8
54.459451, 43.446995, 81.324313, 9
32.782167, 20.094695, 120.747324, 10
40.584454, 8.005314, 82.010435, 11
61.597991, 5.168727, 68.428436, 12
35.381580, 43.041816, 86.405461, 13
25.485126, 1.422450, 94.004079, 14
66.021297, 37.262824, 108.874117, 15
58.348187, 52.311502, 62.646020, 16
45.104883, 20.378124, 104.651352, 17
26.090121, -2.886004, 101.633483, 18
16.603165, 40.887502, 86.382998, 19
43.423000, -5.735745, 116.499735, 20
40.946355, 24.162783, 65.807556, 21
68.452378, 6.355367, 80.998307, 22
13.656875, 31.051020, 65.342662, 23
45.557869, 45.850234, 76.787103, 24
16.338030, 32.466125, 55.352468, 25
70.707671, 11.408901, 117.685997, 26
78.849221, 45.827841, 79.366665, 27
60.276590, -7.487427, 86.502655, 28
38.686107, -1.570190, 68.692683, 29
70.564639, 31.166887, 72.978970, 30
63.840395, -7.292168, 107.163779, 31
75.143494, 50.474286, 54.821681, 32
32.917860, 53.445233, 95.894717, 33
43.756059, 19.597689, 83.047455, 34
66.038687, 25.249794, 56.816148, 35
66.886687, 16.552058, 78.247066, 36
61.348728, 15.995875, 65.377446, 37
17.491443, -3.132933, 67.912036, 38
49.489636, 24.867243, 76.363859, 39
63.677861, 16.026474, 117.552787, 40
13.432883, 0.461475, 120.282643, 41
66.092183, -3.800444, 112.059462, 42
66.409397, 18.431484, 106.807232, 43
39.080164, 51.501612, 67.707456, 44
67.623182, 38.134891, 102.979272, 45
69.934860, 25.616174, 60.833867, 46
24.957980, 7.559513, 86.851710, 47
35.831048, 14.365016, 93.740620, 48
49.238538, 53.168717, 59.910625, 49
71.097939, 37.441171, 85.959120, 50
65.426767, 40.188127, 96.442609, 51
62.485448, 26.874905, 102.664187, 52
51.320952, 13.878898, 62.398201, 53
34.904230, 42.273134, 55.202358, 54
48.107223, 30.490904, 103.359278, 55
27.862539, 21.020364, 70.277969, 56
34.191941, 35.292417, 87.859490, 57
66.539223, -8.282029, 112.246532, 58
37.056129, 30.270583, 106.717796, 59
42.462285, 21.963111, 85.461462, 60
73.916923, 7.984474, 66.952157, 61
47.135572, -8.935490, 103.849098, 62
26.575818, 31.699540, 59.030518, 63
34.469558, 55.917840, 111.325677, 64
35.167454, 24.619651, 83.119094, 65
15.302770, 41.796260, 114.161504, 66
31.076259, -3.417203, 90.756413, 67
64.431307, 52.436084, 92.496445, 68
53.453882, 10.086798, 64.069556, 69
36.947720, 41.863145, 96.054698, 70
67.904738, 36.374662, 114.061194, 71
11.632947, 4.104847, 115.147735, 72
60.977565, 19.994724, 88.149793, 73
65.503616, 43.778356, 85.370178, 74
53.605336, -0.459606, 120.011862, 75
13.500508, 4.157249, 103.110650, 76
73.157537, 24.547587, 109.715450, 77
40.690058, 9.573407, 103.454363, 78
78.682014, 52.341443, 54.843407, 79
19.527631, 9.883769, 106.728595, 80
61.077854, -1.616920, 84.405763, 81
51.915088, -0.669910, 98.532630, 82
43.838870, 49.621739, 59.829894, 83
77.484198, 35.719946, 113.630274, 84
39.630427, 9.919880, 123.192716, 85
36.418323, 12.734463, 68.652441, 86
16.305013, 6.486608, 103.222079, 87
71.515989, 36.490705, 122.817578, 88
51.746112, 35.767313, 116.461564, 89
52.085046, 44.609016, 67.647845, 90
35.589669, 26.281468, 76.052931, 91
65.490962, -1.208845, 85.405064, 92
40.799646, 31.944100, 76.329336, 93
46.125070, 30.022891, 122.071324, 94
36.531385, -9.752086, 73.293716, 95
36.500219, 15.980302, 96.050111, 96
50.648119, 21.599388, 112.558839, 97
30.646254, 13.710002, 90.351946, 98
30.239857, 54.770158, 67.421915, 99
23.477465, 27.449800, 122.052964, 100
36.620841, 52.353535, 89.636956, 101
58.169318, 38.439091, 98.450133, 102
20.350433, -0.166666, 71.696756, 103
42.175316, 35.272468, 111.741689, 104
41.022662, -7.601550, 112.011635, 105
59.811931, 18.212647, 69.294446, 106
32.638192, 58.174834, 100.915865, 107
21.973059, 9.415661, 55.928372, 108
57.820653, 28.969585, 120.720563, 109
70.738097, 41.761119, 89.472890, 110
69.567095, -1.023450, 83.128960, 111
35.980105, 46.459940, 62.870592, 112
11.206288, 56.124448, 72.725941, 113
28.398589, 18.894356, 118.020458, 114
16.916316, 49.231097, 120.440901, 115
74.423451, 29.637619, 79.956082, 116
20.493957, 51.589883, 79.433455, 117
66.905344, -5.842468, 98.871134, 118
68.329255, 41.292258, 69.143256, 119
65.825861, 32.624947, 120.926401, 120
32.074802, 22.786641, 61.205478, 121
60.699294, 48.080815, 117.687448, 122
69.065418, 48.601173, 115.114433, 123
18.567407, -2.405642, 75.311308, 124
13.363887, 3.824743, 65.844948, 125
79.300311, -1.157217, 105.504596, 126
36.032447, 8.650816, 98.397014, 127
