x coord, y coord, z coord, scalar
81.041390, 10.173402, 393.791502, 0
92.304319, 0.733095, 407.002751, 1
101.557104, 25.887845, 428.492337, 2
73.547298, -11.272584, 444.812695, 3
62.774175, -21.650949, 426.525041, 4
71.514607, -14.379595, 447.036015, 5
50.722905, -6.758143, 441.465962, 6
72.460346, 12.755715, 435.694084, 7
81.129538, 36.452044, 445.221795, 8
79.447741, 24.219434, 412.809082, 9
57.770460, 0.867139, 452.232356, 10
65.572737, -11.222256, 413.494688, 11
86.586275, -14.058837, 399.913160, 12
60.369873, 23.814257, 417.890224, 13
50.473374, -17.805058, 425.488589, 14
91.009586, 18.035261, 440.358944, 15
83.336473, 33.083942, 394.130797, 16
70.093202, 1.150540, 436.136404, 17
51.078368, -22.113532, 433.118429, 18
41.591456, 21.659947, 417.867770, 19
68.411272, -24.963310, 447.984749, 20
65.934643, 4.935224, 397.292248, 21
93.440662, -12.872199, 412.483054, 22
38.645162, 11.823464, 396.827408, 23
70.546159, 26.622674, 408.271866, 24
41.326317, 13.238568, 386.837224, 25
95.695956, -7.818664, 449.170852, 26
103.837508, 26.600280, 410.851455, 27
85.264868, -26.714995, 417.987396, 28
63.674388, -20.797749, 400.177330, 29
95.552926, 11.939325, 404.463737, 30
88.828675, -26.519736, 438.648622, 31
100.131780, 31.246727, 386.306466, 32
57.906150, 34.217675, 427.379517, 33
68.744360, 0.370120, 414.531959, 34
91.026973, 6.022233, 388.300908, 35
91.874973, -2.675508, 409.731808, 36
86.337014, -3.231688, 396.862178, 37
42.479724, -22.360488, 399.396745, 38
74.477928, 5.639679, 407.848534, 39
88.666148, -3.201092, 449.037669, 40
38.421164, -18.766075, 451.767552, 41
91.080465, -23.028011, 443.544318, 42
91.397685, -0.796085, 438.292075, 43
64.068452, 32.274053, 399.192226, 44
92.611471, 18.907328, 434.464086, 45
94.923146, 6.388612, 392.318630, 46
49.946261, -11.668013, 418.336050, 47
60.819503, -4.862532, 425.223501, 48
74.226825, 33.941158, 391.395400, 49
96.086227, 18.213608, 417.443905, 50
90.415057, 20.960564, 427.927409, 51
87.473740, 7.647337, 434.149012, 52
76.309237, -5.348664, 393.882908, 53
59.892517, 23.045575, 386.687119, 54
73.095524, 11.263337, 434.844132, 55
52.850828, 1.792809, 401.762628, 56
59.180239, 16.064860, 419.344220, 57
91.527504, -27.509594, 443.731379, 58
62.044435, 11.043024, 438.202711, 59
67.450590, 2.735543, 416.945983, 60
98.905208, -11.243088, 398.436918, 61
72.123836, -28.163063, 435.333993, 62
51.564106, 12.471983, 390.515257, 63
59.457848, 36.690282, 442.810499, 64
60.155757, 5.392094, 414.603665, 65
40.291060, 22.568705, 445.646343, 66
56.064501, -22.644746, 422.240851, 67
89.419595, 33.208523, 423.981242, 68
78.442167, -9.140765, 395.554261, 69
61.936015, 22.635587, 427.539491, 70
92.893026, 17.147099, 445.546027, 71
36.621229, -15.122701, 446.632642, 72
85.965855, 0.767154, 419.634530, 73
90.491904, 24.550795, 416.854962, 74
78.593616, -19.687173, 451.496808, 75
38.488787, -15.070289, 434.595515, 76
98.145825, 5.320022, 441.200279, 77
65.678380, -9.654318, 434.941676, 78
103.670299, 33.113884, 386.328194, 79
44.515917, -9.343758, 438.213616, 80
86.066134, -20.844490, 415.890485, 81
76.903355, -19.897500, 430.017437, 82
68.827158, 30.394180, 391.314663, 83
102.472485, 16.492384, 445.115096, 84
64.618712, -9.307682, 454.677780, 85
61.406609, -6.493096, 400.137064, 86
41.293294, -12.740923, 434.706977, 87
96.504277, 17.263144, 454.302412, 88
76.734404, 16.539750, 447.946432, 89
77.073335, 25.381456, 399.132608, 90
60.577963, 7.053910, 407.537575, 91
90.479244, -20.436413, 416.889812, 92
65.787939, 12.716540, 407.814033, 93
71.113362, 10.795329, 453.556233, 94
61.519662, -28.979645, 404.778382, 95
61.488696, -3.247264, 427.534067, 96
75.636415, 2.371817, 444.043810, 97
55.634584, -5.517506, 421.835728, 98
55.228144, 35.542600, 398.906690, 99
48.465756, 8.222246, 453.537880, 100
61.609131, 33.125976, 421.121744, 101
83.157610, 19.211527, 429.934937, 102
45.338715, -19.394220, 403.181428, 103
67.163612, 16.044907, 443.226572, 104
66.010928, -26.829115, 443.496657, 105
84.800218, -1.014917, 400.779167, 106
57.626481, 38.947276, 432.400673, 107
46.961344, -9.811895, 387.413098, 108
82.808942, 9.742021, 452.205439, 109
95.726385, 22.533557, 420.957682, 110
94.555378, -20.251016, 414.613718, 111
60.968393, 27.232382, 394.355354, 112
36.194575, 36.896891, 404.210725, 113
53.386883, -0.333195, 449.505515, 114
41.904605, 30.003540, 451.925734, 115
99.411738, 10.410056, 411.440857, 116
45.482246, 32.362327, 410.918233, 117
91.893625, -25.070036, 430.355940, 118
93.317543, 22.064697, 400.628030, 119
90.814149, 13.397385, 452.411248, 120
57.063089, 3.559083, 392.690186, 121
85.687583, 28.853254, 449.172277, 122
94.053705, 29.373612, 446.599255, 123
43.555687, -21.633194, 406.795983, 124
38.352171, -15.402812, 397.329667, 125
104.288594, -20.384782, 436.989413, 126
61.020733, -10.576737, 429.881805, 127
