x coord, y coord, z coord, scalar
55.160339, 25.562685, 46.758742, 0
66.423268, 16.122381, 59.969988, 1
75.676052, 41.277128, 81.459515, 2
47.666251, 4.116716, 97.779525, 3
36.893211, -6.261657, 79.492579, 4
45.633564, 1.009700, 100.002848, 5
24.841845, 8.631106, 94.432648, 6
46.579282, 28.145003, 88.661209, 7
55.248486, 51.841326, 98.188955, 8
53.566687, 39.608716, 65.776296, 9
31.889403, 16.256416, 105.199296, 10
39.691690, 4.167035, 66.462438, 11
60.705228, 1.330448, 52.880421, 12
34.488816, 39.203537, 70.857444, 13
24.592361, -2.415831, 78.456072, 14
65.128533, 33.424545, 93.326098, 15
57.455423, 48.473223, 47.098002, 16
44.212120, 16.539847, 89.103323, 17
25.197357, -6.724285, 86.085459, 18
15.710400, 37.049223, 70.834980, 19
42.530236, -9.574025, 100.951708, 20
40.053591, 20.324505, 50.259542, 21
67.559614, 2.517088, 65.450291, 22
12.764111, 27.212741, 49.794645, 23
44.665105, 42.011955, 61.239086, 24
15.445266, 28.627846, 39.804451, 25
69.814907, 7.570622, 102.137976, 26
77.956457, 41.989563, 63.818647, 27
59.383826, -11.325706, 70.954639, 28
37.793343, -5.408469, 53.144670, 29
69.671875, 27.328608, 57.430953, 30
62.947632, -11.130447, 91.615758, 31
74.250730, 46.636008, 39.273663, 32
32.025096, 49.606954, 80.346698, 33
42.863295, 15.759411, 67.499449, 34
65.145923, 21.411516, 41.268131, 35
65.993923, 12.713779, 62.699050, 36
60.455964, 12.157596, 49.829430, 37
16.598678, -6.971212, 52.364021, 38
48.596872, 21.028965, 60.815845, 39
62.785098, 12.188196, 102.004765, 40
12.540119, -3.376804, 104.734620, 41
65.199420, -7.638723, 96.511441, 42
65.516633, 14.593205, 91.259212, 43
38.187400, 47.663333, 52.159439, 44
66.730418, 34.296613, 87.431253, 45
69.042096, 21.777895, 45.285850, 46
24.065215, 3.721234, 71.303710, 47
34.938281, 10.526744, 78.192678, 48
48.345774, 49.330438, 44.362608, 49
70.205175, 33.602892, 70.411102, 50
64.534004, 36.349848, 80.894590, 51
61.592685, 23.036626, 87.116168, 52
50.428188, 10.040619, 46.850186, 53
34.011466, 38.434855, 39.654341, 54
47.214459, 26.652626, 87.811257, 55
26.969775, 17.182085, 54.729956, 56
33.299177, 31.454139, 72.311474, 57
65.646459, -12.120308, 96.698511, 58
36.163365, 26.432305, 91.169773, 59
41.569521, 18.124833, 69.913454, 60
73.024159, 4.146196, 51.404140, 61
46.242809, -12.773770, 88.301075, 62
25.683054, 27.861261, 43.482502, 63
33.576794, 52.079561, 95.777657, 64
34.274690, 20.781373, 67.571085, 65
14.410006, 37.957982, 98.613484, 66
30.183495, -7.255484, 75.208408, 67
63.538543, 48.597805, 76.948426, 68
52.561118, 6.248519, 48.521541, 69
36.054956, 38.024867, 80.506679, 70
67.011974, 32.536383, 98.513174, 71
10.740183, 0.266568, 99.599712, 72
60.084801, 16.156446, 72.601777, 73
64.610852, 39.940078, 69.822160, 74
52.712572, -4.297884, 104.463838, 75
12.607743, 0.318969, 87.562629, 76
72.264773, 20.709308, 94.167430, 77
39.797300, 5.735133, 87.906244, 78
77.789249, 48.503165, 39.295389, 79
18.634866, 6.045490, 91.180568, 80
60.185090, -5.455199, 68.857747, 81
51.022325, -4.508189, 82.984611, 82
42.946106, 45.783460, 44.281877, 83
76.591434, 31.881667, 98.082254, 84
38.737663, 6.081601, 107.644687, 85
35.525559, 8.896184, 53.104430, 86
15.412248, 2.648328, 87.674057, 87
70.623225, 32.652427, 107.269558, 88
50.853348, 31.929034, 100.913543, 89
51.192282, 40.770738, 52.099828, 90
34.696905, 22.443190, 60.504919, 91
64.598198, -5.047124, 69.857048, 92
39.906882, 28.105821, 60.781321, 93
45.232306, 26.184612, 106.523301, 94
35.638621, -13.590365, 57.745702, 95
35.607452, 12.142031, 80.502126, 96
49.755355, 17.761110, 97.010813, 97
29.753487, 9.871724, 74.803968, 98
29.347093, 50.931880, 51.873898, 99
22.584701, 23.611522, 106.504941, 100
35.728077, 48.515256, 74.088938, 101
57.276554, 34.600812, 82.902114, 102
19.457669, -4.004946, 56.148743, 103
41.282552, 31.434190, 96.193667, 104
40.129899, -11.439829, 96.463607, 105
58.919167, 14.374368, 53.746430, 106
31.745428, 54.336556, 85.367846, 107
21.080295, 5.577382, 40.380356, 108
56.927889, 25.131306, 105.172542, 109
69.845333, 37.922841, 73.924872, 110
68.674331, -4.861728, 67.580943, 111
35.087341, 42.621662, 47.322575, 112
10.313523, 52.286169, 57.177923, 113
27.505825, 15.056078, 102.472429, 114
16.023552, 45.392818, 104.892881, 115
73.530687, 25.799340, 64.408064, 116
19.601193, 47.751605, 63.885437, 117
66.012581, -9.680747, 83.323115, 118
67.436491, 37.453979, 53.595239, 119
64.933097, 28.786669, 105.378381, 120
31.182038, 18.948362, 45.657463, 121
59.806530, 44.242537, 102.139428, 122
68.172654, 44.762895, 99.566414, 123
17.674643, -6.243921, 59.763294, 124
12.471123, -0.013536, 50.296932, 125
78.407547, -4.995496, 89.956576, 126
35.139683, 4.812537, 82.848996, 127
