x coord, y coord, z coord, scalar
70.745662, 20.652220, 111.813124, 0
82.008591, 11.211915, 125.024371, 1
91.261375, 36.366663, 146.513908, 2
63.251574, -0.793754, 162.833978, 3
52.478512, -11.172135, 144.546910, 4
61.218886, -3.900769, 165.057300, 5
40.427166, 3.720650, 159.487125, 6
62.164609, 23.234538, 153.715611, 7
70.833809, 46.930861, 163.243351, 8
69.152010, 34.698252, 130.830683, 9
47.474726, 11.345953, 170.253730, 10
55.277013, -0.743433, 131.516733, 11
76.290550, -3.580018, 117.934800, 12
50.074140, 34.293074, 135.911830, 13
40.177668, -7.326286, 143.510413, 14
80.713856, 28.514080, 158.380495, 15
73.040745, 43.562759, 112.152391, 16
59.797453, 11.629379, 154.157760, 17
40.782665, -11.634746, 151.139877, 18
31.295724, 32.138760, 135.889368, 19
58.115556, -14.484492, 166.006138, 20
55.638914, 15.414040, 115.313915, 21
83.144937, -2.393378, 130.504674, 22
28.349433, 22.302277, 114.849028, 23
60.250428, 37.101491, 126.293472, 24
31.030588, 23.717382, 104.858835, 25
85.400230, 2.660156, 167.192379, 26
93.541780, 37.079098, 128.873038, 27
74.969148, -16.236174, 136.009021, 28
53.378664, -10.318934, 118.199036, 29
85.257198, 22.418143, 122.485339, 30
78.532953, -16.040914, 156.670158, 31
89.836052, 41.725543, 104.328053, 32
47.610419, 44.696490, 145.401091, 33
58.448623, 10.848945, 132.553789, 34
80.731246, 16.501051, 106.322516, 35
81.579246, 7.803313, 127.753432, 36
76.041287, 7.247130, 114.883811, 37
32.183999, -11.881676, 117.418398, 38
64.182196, 16.118499, 125.870216, 39
78.370421, 7.277729, 167.059172, 40
28.125439, -8.287267, 169.789032, 41
80.784742, -12.549190, 161.565844, 42
81.101957, 9.682738, 156.313612, 43
53.772723, 42.752869, 117.213826, 44
82.315741, 29.386147, 152.485648, 45
84.627418, 16.867430, 110.340236, 46
39.650532, -1.189223, 136.358021, 47
50.523647, 5.616301, 143.246730, 48
63.931097, 44.419974, 109.416996, 49
85.790498, 28.692427, 135.465492, 50
80.119327, 31.439383, 145.948983, 51
77.178009, 18.126160, 152.170565, 52
66.013510, 5.130154, 111.904562, 53
49.596788, 33.524391, 104.708727, 54
62.799786, 21.742161, 152.865659, 55
42.555097, 12.271622, 119.784324, 56
48.884502, 26.543676, 137.365854, 57
81.231781, -17.030775, 161.752912, 58
51.748692, 21.521843, 156.224186, 59
57.154849, 13.214368, 134.967797, 60
88.609482, -0.764270, 116.458526, 61
61.828127, -17.684240, 153.355485, 62
41.268377, 22.950797, 108.536883, 63
49.162117, 47.169097, 160.832054, 64
49.860016, 15.870910, 132.625437, 65
29.995329, 33.047519, 163.667883, 66
45.768804, -12.165949, 140.262737, 67
79.123866, 43.687341, 142.002818, 68
68.146440, 1.338053, 113.575917, 69
51.640281, 33.114403, 145.561071, 70
82.597297, 27.625918, 163.567572, 71
26.325503, -4.643894, 164.654124, 72
75.670126, 11.245979, 137.656158, 73
80.196175, 35.029613, 134.876549, 74
68.297894, -9.208352, 169.518256, 75
28.193061, -4.591490, 152.617033, 76
87.850097, 15.798843, 159.221828, 77
55.382650, 0.824628, 152.961083, 78
93.374572, 43.592700, 104.349779, 79
34.220185, 1.135034, 156.235000, 80
75.770412, -10.365667, 133.912126, 81
66.607646, -9.418664, 148.039004, 82
58.531429, 40.872995, 109.336264, 83
92.176757, 26.971202, 163.136651, 84
54.322985, 1.171136, 172.699126, 85
51.110881, 3.985719, 118.158791, 86
30.997566, -2.262129, 152.728467, 87
86.208548, 27.741961, 172.323956, 88
66.438673, 27.018569, 165.967947, 89
66.777605, 35.860273, 117.154214, 90
50.282229, 17.532726, 125.559284, 91
80.183520, -9.957591, 134.911431, 92
55.492207, 23.195357, 125.835696, 93
60.817630, 21.274148, 171.577713, 94
51.223941, -18.500831, 122.800071, 95
51.192826, 7.231585, 145.556369, 96
65.340681, 12.850643, 162.065236, 97
45.338816, 4.961278, 139.858180, 98
44.932415, 46.021416, 116.928286, 99
38.170024, 18.701059, 171.559354, 100
51.313400, 43.604792, 139.143328, 101
72.861878, 29.690347, 147.956507, 102
35.042990, -8.915409, 121.203113, 103
56.867877, 26.523726, 161.248074, 104
55.715216, -16.350298, 161.518039, 105
74.504490, 9.463902, 118.800809, 106
47.330751, 49.426092, 150.422240, 107
36.665617, 0.666918, 105.434736, 108
72.513212, 20.220841, 170.226948, 109
85.430656, 33.012375, 138.979263, 110
84.259654, -9.772195, 132.635328, 111
50.672664, 37.711198, 112.376961, 112
25.898846, 47.375705, 122.232313, 113
43.091149, 10.145616, 167.526867, 114
31.608875, 40.482355, 169.947279, 115
89.116010, 20.888875, 129.462452, 116
35.186516, 42.841141, 128.939826, 117
81.597903, -14.591214, 148.377509, 118
83.021814, 32.543514, 118.649627, 119
80.518420, 23.876203, 170.432782, 120
46.767360, 14.037898, 110.711839, 121
75.391853, 39.332072, 167.193826, 122
83.757977, 39.852430, 164.620810, 123
33.259963, -11.154384, 124.817665, 124
28.056444, -4.924000, 115.351311, 125
93.992869, -9.905962, 155.010972, 126
50.725004, -0.097926, 147.903387, 127
