x coord, y coord, z coord, scalar
94.099974, -0.527699, 669.847761, 0
105.362902, -9.968008, 683.059013, 1
114.615687, 15.186743, 704.548648, 2
86.605880, -21.973695, 720.869302, 3
75.832715, -32.352058, 702.581048, 4
84.573187, -25.080703, 723.092621, 5
63.781492, -17.459228, 717.522691, 6
85.518936, 2.054612, 711.750442, 7
94.188122, 25.750943, 721.278123, 8
92.506326, 13.518332, 688.865363, 9
70.829046, -9.833960, 728.288871, 10
78.631319, -21.923362, 689.550515, 11
99.644857, -24.759939, 675.969402, 12
73.428459, 13.113158, 693.946501, 13
63.531937, -28.506133, 701.544642, 14
104.068170, 7.334158, 716.415276, 15
96.395057, 22.382842, 670.187087, 16
83.151803, -9.550573, 712.192937, 17
64.136931, -32.814617, 709.174868, 18
54.650041, 10.958849, 693.924054, 19
81.469849, -35.664414, 724.041247, 20
78.993228, -5.765877, 673.348462, 21
106.499244, -23.573304, 688.539316, 22
51.703746, 1.122365, 672.883671, 23
83.604744, 15.921573, 684.328142, 24
54.384900, 2.537468, 662.893494, 25
108.754539, -18.519768, 725.227210, 26
116.896091, 15.899179, 686.907754, 27
98.323448, -37.416101, 694.043653, 28
76.732968, -31.498850, 676.233504, 29
108.611509, 1.238223, 680.520017, 30
101.887255, -37.220841, 714.704970, 31
113.190363, 20.545626, 662.362762, 32
70.964736, 23.516575, 703.435825, 33
81.802950, -10.330986, 690.588006, 34
104.085556, -4.678868, 664.357182, 35
104.933557, -13.376611, 685.788065, 36
99.395597, -13.932790, 672.918426, 37
55.538305, -33.061586, 675.452974, 38
87.536514, -5.061424, 683.904733, 39
101.724732, -13.902197, 725.094050, 40
51.479745, -29.467172, 727.823958, 41
104.139045, -33.729116, 719.600676, 42
104.456269, -11.497190, 714.348422, 43
77.127036, 21.572953, 675.248508, 44
105.670055, 8.206226, 710.520407, 45
107.981729, -4.312489, 668.374907, 46
63.004840, -22.369097, 694.391953, 47
73.878173, -15.563624, 701.278115, 48
87.285409, 23.240057, 667.451687, 49
109.144811, 7.512506, 693.500200, 50
103.473642, 10.259462, 703.983718, 51
100.532326, -3.053768, 710.205343, 52
89.367820, -16.049765, 669.939135, 53
72.951100, 12.344475, 662.743393, 54
86.154115, 0.562233, 710.900489, 55
65.909412, -8.908290, 677.818813, 56
72.238829, 5.363760, 695.400468, 57
104.586084, -38.210698, 719.787731, 58
75.103028, 0.341924, 714.259121, 59
80.509184, -7.965562, 693.002046, 60
111.963790, -21.944190, 674.493192, 61
85.182407, -38.864170, 711.390386, 62
64.622689, 1.770883, 666.571513, 63
72.516432, 25.989182, 718.866828, 64
73.214348, -5.309006, 690.659771, 65
53.349645, 11.867607, 721.702687, 66
69.123062, -33.345838, 698.296840, 67
102.478179, 22.507422, 700.037549, 68
91.500749, -19.841867, 671.610486, 69
74.994603, 11.934487, 703.595795, 70
105.951610, 6.445997, 721.602364, 71
49.679810, -25.823796, 722.689047, 72
99.024440, -9.933952, 695.690783, 73
103.550489, 13.849693, 692.911257, 74
91.652197, -30.388277, 727.553247, 75
51.547367, -25.771379, 710.651881, 76
111.204408, -5.381081, 717.256615, 77
78.736984, -20.355503, 711.000206, 78
116.728882, 22.412783, 662.384492, 79
57.574500, -20.044842, 714.270121, 80
99.124714, -31.545595, 691.946726, 81
89.961929, -30.598616, 706.073753, 82
81.885741, 19.693079, 667.370945, 83
115.531068, 5.791282, 721.171425, 84
77.677295, -20.008783, 730.734323, 85
74.465192, -17.194196, 676.193216, 86
54.351874, -23.442009, 710.763373, 87
109.562860, 6.562042, 730.358751, 88
89.792990, 5.838648, 724.002800, 89
90.131919, 14.680355, 675.188885, 90
73.636550, -3.647190, 683.593746, 91
103.537825, -31.137518, 692.946075, 92
78.846526, 2.015439, 683.870251, 93
84.171948, 0.094227, 729.612638, 94
74.578240, -39.680746, 680.834573, 95
74.547377, -13.948365, 703.589631, 96
88.695003, -8.329289, 720.100271, 97
68.693189, -16.218579, 697.891138, 98
68.286728, 24.841500, 674.962977, 99
61.524341, -2.478852, 729.594292, 100
74.667717, 22.424876, 697.178042, 101
96.216196, 8.510424, 705.991250, 102
58.397295, -30.095317, 679.237624, 103
80.222200, 5.343806, 719.282954, 104
79.069501, -37.530218, 719.553162, 105
97.858801, -11.716020, 676.835407, 106
70.685066, 28.246176, 708.456989, 107
60.019926, -20.512995, 663.469341, 108
95.867527, -0.959081, 728.261815, 109
108.784969, 11.832455, 697.013983, 110
107.613959, -30.952120, 690.669991, 111
74.026977, 16.531282, 670.411630, 112
49.253158, 26.195792, 680.267020, 113
66.445470, -11.034291, 725.562052, 114
54.963189, 19.302441, 727.982073, 115
112.470322, -0.291046, 687.497145, 116
58.540830, 21.661227, 686.974523, 117
104.952205, -35.771141, 706.412255, 118
106.376126, 11.363595, 676.684317, 119
103.872733, 2.696283, 728.467599, 120
70.121673, -7.142016, 668.746413, 121
98.746167, 18.152153, 725.228612, 122
107.112289, 18.672511, 722.655583, 123
56.614267, -32.334290, 682.852183, 124
51.410752, -26.103910, 673.385905, 125
117.347176, -31.085885, 713.045737, 126
74.079315, -21.277834, 705.938107, 127
