x coord, y coord, z coord, scalar
171.050646, 37.807990, 106.391677, 0
171.210298, 64.542770, 141.755515, 1
200.954614, 60.624143, 112.000920, 2
173.112633, 21.342476, 114.953507, 3
182.531502, 62.550152, 121.233351, 4
169.855016, 39.252897, 150.565594, 5
211.862574, 41.398161, 138.764914, 6
168.718444, 35.842849, 133.444680, 7
174.324681, 5.022730, 128.585389, 8
181.357181, 5.446201, 111.713504, 9
205.922330, 17.682905, 146.672868, 10206.314311, 30.079206, 139.647183, 11173.350285, 3.500498, 128.702465, 12179.351464, 17.799240, 147.196282, 13188.306308, 41.517472, 138.188454, 14203.538933, 52.557871, 174.581673, 15179.384582, 36.887166, 144.412642, 16212.149372, 46.791566, 108.685156, 17170.874684, 62.302371, 110.858953, 18193.460100, 16.126160, 113.455968, 19199.173814, 63.234592, 128.290041, 20171.126917, 42.015588, 155.520927, 21204.773796, 56.551931, 156.172289, 22227.476286, 8.370046, 171.122230, 23199.952760, 37.861213, 141.072497, 24163.410868, 13.866991, 122.059683, 25163.272827, 34.437678, 156.098069, 26201.683931, 19.053600, 131.320701, 27204.369395, 31.114339, 122.054000, 28209.228575, 65.760574, 135.331891, 29216.684860, 37.400936, 126.997793, 30170.255601, 49.713979, 166.164806, 31219.776059, 26.954330, 151.148163, 32201.228510, 26.897229, 156.669603, 33197.631212, 68.036090, 122.961783, 34163.982111, 3.913591, 133.979897, 35180.041901, 8.372498, 165.568722, 36161.420253, 51.242572, 113.053486, 37186.740963, 28.078646, 141.320543, 38202.795858, 9.773728, 135.511113, 39163.408306, 67.644690, 170.063185, 40184.406265, 10.366891, 148.208740, 41175.851353, 71.329038, 172.313996, 42220.999327, 45.024143, 127.642489, 43202.948818, 15.121948, 124.109959, 44219.910781, 20.290152, 125.174649, 45179.171259, 41.518321, 130.697063, 46170.020276, 44.124512, 110.371953, 47177.073912, 3.332245, 135.601845, 48212.392973, 47.314163, 142.526784, 49173.184625, 51.908636, 138.602865, 50168.528155, 8.781500, 146.120700, 51210.736677, 25.818881, 145.881435, 52208.331057, 19.284825, 119.336533, 53161.254213, 63.419789, 131.609718, 54179.364431, 55.797195, 149.051328, 55198.539130, 7.434988, 119.000387, 56223.237367, 18.641337, 160.276167, 57158.890177, 36.901377, 160.759437, 58188.491908, 21.760936, 136.505015, 59225.018571, 36.131578, 116.844891, 60188.901897, 45.845863, 122.775723, 61160.302949, 29.049178, 145.747534, 62200.184078, 9.846831, 162.183426, 63213.520882, 12.287107, 154.034644, 64170.411144, 32.837663, 138.263288, 65213.462039, 3.843345, 142.849182, 66226.462615, 68.266803, 158.641538, 67212.019175, 68.343060, 123.974221, 68198.058816, 29.301601, 142.887610, 69159.844388, 26.786882, 107.449143, 70170.689446, 56.874808, 150.446378, 71187.466940, 58.363830, 107.926461, 72227.214315, 31.014511, 114.924470, 73214.678036, 17.002008, 124.362553, 74193.993028, 28.599260, 154.352250, 75226.256208, 14.527920, 155.345694, 76194.385835, 13.457141, 152.044213, 77178.307858, 66.662397, 148.818648, 78196.282145, 37.187910, 106.551137, 79164.448879, 38.218432, 130.489380, 80165.898192, 50.093920, 115.795557, 81210.344304, 10.027428, 171.310756, 82212.271073, 9.708343, 130.756581, 83221.195695, 65.572479, 144.909697, 84170.838891, 32.032165, 170.660143, 85219.190152, 30.754960, 113.619098, 86199.816297, 66.326915, 124.227257, 87177.140673, 17.101379, 119.321019, 88219.959177, 54.569578, 153.660372, 89220.510842, 60.204542, 120.309987, 90176.280875, 67.288826, 167.555149, 91186.076674, 50.099743, 106.013488, 92182.667782, 34.837452, 112.872488, 93207.424407, 28.499714, 106.876902, 94177.614594, 40.524871, 136.060389, 95173.554957, 32.181478, 163.966694, 96181.174253, 4.464345, 158.724898, 97199.401685, 22.791117, 172.977348, 98212.722991, 15.216882, 155.978362, 99191.663701, 8.194331, 144.614372, 10205.973780, 25.661226, 140.334811, 10198.809351, 52.924011, 118.865186, 10198.823202, 8.058416, 150.854380, 10205.696471, 56.668910, 107.785153, 10206.573668, 6.750080, 145.461203, 10167.914562, 21.491145, 106.073858, 10225.880883, 43.851473, 107.689241, 10209.886115, 15.719762, 127.631343, 10208.143755, 69.628857, 139.999396, 10189.402309, 33.759235, 145.348739, 11159.297165, 12.199642, 168.157034, 11193.631768, 52.195026, 149.513312, 11206.497475, 23.484847, 154.722239, 11182.632236, 70.367417, 139.822315, 11184.417727, 49.407759, 143.724457, 11223.878730, 58.508347, 162.365565, 11223.952794, 56.855825, 134.648413, 11225.642163, 39.208566, 147.519296, 11178.554120, 19.818954, 145.579894, 11212.553511, 50.407424, 107.769997, 12183.178708, 50.890705, 117.120189, 12176.616104, 16.989015, 166.467119, 12220.128561, 64.672575, 118.383139, 12200.130886, 19.771388, 117.181731, 12165.233692, 45.375126, 163.741077, 12202.957023, 41.720393, 150.681659, 12190.602948, 38.139882, 135.967062, 12