x coord, y coord, z coord, scalar
65.312254, 15.439333, 155.508457, 0
76.575182, 5.999028, 168.719704, 1
85.827967, 31.153776, 190.209248, 2
57.818163, -6.006644, 206.529361, 3
47.045083, -16.385013, 188.242207, 4
55.785474, -9.113658, 208.752682, 5
34.993764, -1.492230, 203.182526, 6
56.731203, 18.021649, 197.410958, 7
65.400401, 41.717974, 206.938694, 8
63.718603, 29.485365, 174.526019, 9
42.041320, 6.133067, 213.949099, 10
49.843603, -5.956321, 175.212004, 11
70.857141, -8.792905, 161.630130, 12
44.640733, 29.080187, 179.607165, 13
34.744257, -12.539156, 187.205716, 14
75.280448, 23.301193, 202.075838, 15
67.607337, 38.349873, 155.847728, 16
54.364050, 6.416483, 197.853133, 17
35.349252, -16.847620, 194.835236, 18
25.862317, 26.925875, 179.584704, 19
52.682144, -19.697378, 209.701506, 20
50.205506, 10.201154, 159.009241, 21
77.711527, -7.606266, 174.200007, 22
22.916026, 17.089392, 158.544361, 23
54.817021, 31.888604, 169.988807, 24
25.597181, 18.504496, 148.554170, 25
79.966821, -2.552731, 210.887726, 26
88.108372, 31.866211, 172.568376, 27
69.535737, -21.449061, 179.704353, 28
47.945255, -15.531819, 161.894356, 29
79.823789, 17.205256, 166.180675, 30
73.099543, -21.253801, 200.365504, 31
84.402644, 36.512657, 148.023391, 32
42.177012, 39.483604, 189.096431, 33
53.015217, 5.636055, 176.249091, 34
75.297837, 11.288164, 150.017851, 35
76.145837, 2.590426, 171.448764, 36
70.607878, 2.034244, 158.579142, 37
26.750590, -17.094560, 161.113726, 38
58.748789, 10.905611, 169.565540, 39
72.937012, 2.064841, 210.754523, 40
22.692031, -13.500150, 213.484385, 41
75.351331, -17.762077, 205.261191, 42
75.668548, 4.469850, 200.008957, 43
48.339315, 37.539983, 160.909162, 44
76.882333, 24.173260, 196.180990, 45
79.194010, 11.654543, 154.035571, 46
34.217127, -6.402101, 180.053302, 47
45.090280, 0.403396, 186.941825, 48
58.497689, 39.207088, 153.112333, 49
80.357090, 23.479540, 179.160830, 50
74.685919, 26.226496, 189.644323, 51
71.744601, 12.913271, 195.865908, 52
60.580102, -0.082733, 155.599890, 53
44.163380, 28.311505, 148.404061, 54
57.366381, 16.529271, 196.561006, 55
37.121690, 7.058737, 163.479645, 56
43.451097, 21.330789, 181.061185, 57
75.798371, -22.243661, 205.448258, 58
46.315289, 16.308954, 199.919540, 59
51.721445, 8.001478, 178.663102, 60
83.176073, -5.977157, 160.153861, 61
56.394712, -22.897126, 197.050837, 62
35.834969, 17.737912, 152.232216, 63
43.728710, 41.956211, 204.527396, 64
44.426612, 10.658023, 176.320747, 65
24.561922, 27.834633, 207.363228, 66
40.335388, -17.378825, 183.958030, 67
73.690458, 38.474454, 185.698158, 68
62.713032, -3.874833, 157.271245, 69
46.206875, 27.901516, 189.256410, 70
77.163889, 22.413031, 207.262916, 71
20.892095, -9.856777, 208.349477, 72
70.236717, 6.033090, 181.351490, 73
74.762767, 29.816726, 178.571887, 74
62.864484, -14.421239, 213.213615, 75
22.759654, -9.804371, 196.312381, 76
82.416688, 10.585955, 202.917172, 77
49.949229, -4.388301, 196.656743, 78
87.941164, 38.379814, 148.045118, 79
28.786781, -4.077845, 199.930368, 80
70.337001, -15.578555, 177.607456, 81
61.174229, -14.631555, 191.734345, 82
53.098021, 35.660109, 153.031600, 83
86.743349, 21.758315, 206.831993, 84
48.889577, -4.041751, 216.394500, 85
45.677473, -1.227166, 161.854108, 86
25.564160, -7.475008, 196.423819, 87
80.775140, 22.529075, 216.019300, 88
61.005265, 21.805682, 209.663296, 89
61.344198, 30.647387, 160.849549, 90
44.848823, 12.319839, 169.254604, 91
74.750110, -15.170479, 178.606764, 92
50.058800, 17.982470, 169.531022, 93
55.384223, 16.061260, 215.273067, 94
45.790531, -23.713716, 166.495394, 95
45.759462, 2.018674, 189.251601, 96
59.907274, 7.637753, 205.760598, 97
39.905424, -0.251601, 183.553390, 98
39.499008, 40.808530, 160.623622, 99
32.736617, 13.488174, 215.254709, 100
45.879993, 38.391906, 182.838666, 101
67.428471, 24.477459, 191.651848, 102
29.609581, -14.128293, 164.898436, 103
51.434471, 21.310838, 204.943425, 104
50.281803, -21.563182, 205.213407, 105
69.071081, 4.251015, 162.496139, 106
41.897344, 44.213205, 194.117581, 107
31.232208, -4.545967, 149.130066, 108
67.079805, 15.007953, 213.922297, 109
79.997248, 27.799489, 182.674602, 110
78.826244, -14.985082, 176.330663, 111
45.239256, 32.498312, 156.072296, 112
20.465438, 42.162820, 165.927651, 113
37.657743, 4.932731, 211.222240, 114
26.175467, 35.269469, 213.642623, 115
83.682602, 15.675988, 173.157789, 116
29.753109, 37.628255, 172.635163, 117
76.164492, -19.804102, 192.072849, 118
77.588406, 27.330628, 162.344963, 119
75.085012, 18.663316, 214.128128, 120
41.333953, 8.825013, 154.407167, 121
69.958445, 34.119185, 210.889170, 122
78.324568, 34.639543, 208.316153, 123
27.826554, -16.367268, 168.512989, 124
22.623036, -10.136884, 159.046640, 125
88.559460, -15.118849, 198.706314, 126
45.291597, -5.310811, 191.598726, 127
