x coord, y coord, z coord, scalar
86.976301, -5.876185, 548.026726, 0
98.239229, -15.316493, 561.237976, 1
107.492015, 9.838258, 582.727590, 2
79.482208, -27.322180, 599.048113, 3
68.709047, -37.700544, 580.760125, 4
77.449514, -30.429188, 601.271432, 5
56.657819, -22.807715, 595.701447, 6
78.395263, -3.293874, 589.929364, 7
87.064450, 20.402457, 599.457057, 8
85.382653, 8.169847, 567.044318, 9
63.705373, -15.182446, 606.467722, 10
71.507646, -27.271847, 567.729672, 11
92.521185, -30.108425, 554.148375, 12
66.304786, 7.764672, 572.125458, 13
56.408266, -33.854623, 579.723698, 14
96.944498, 1.985673, 594.594209, 15
89.271384, 17.034356, 548.366038, 16
76.028128, -14.899057, 590.371781, 17
57.013260, -38.163106, 587.353753, 18
47.526368, 5.610363, 572.103008, 19
74.346177, -41.012900, 602.220106, 20
71.869555, -11.114363, 551.527447, 21
99.375572, -28.921789, 566.718280, 22
44.580073, -4.226121, 551.062634, 23
76.481071, 10.573087, 562.507099, 24
47.261227, -2.811018, 541.072454, 25
101.630866, -23.868253, 603.406131, 26
109.772419, 10.550693, 565.086701, 27
91.199776, -42.764586, 572.222619, 28
69.609296, -36.847336, 554.412507, 29
101.487837, -4.110263, 558.698973, 30
94.763583, -42.569326, 592.883896, 31
106.066690, 15.197140, 540.541711, 32
63.841063, 18.168089, 581.614768, 33
74.679277, -15.679471, 568.767065, 34
96.961883, -10.027354, 542.536141, 35
97.809884, -18.725097, 563.967031, 36
92.271924, -19.281276, 551.097396, 37
48.414633, -38.410072, 553.631953, 38
80.412841, -10.409910, 562.083725, 39
94.601059, -19.250682, 603.272961, 40
44.356073, -34.815658, 606.002858, 41
97.015373, -39.077601, 597.779597, 42
97.332596, -16.845676, 592.527348, 43
70.003364, 16.224467, 553.427463, 44
98.546382, 2.857740, 588.699344, 45
100.858056, -9.660975, 546.553864, 46
55.881168, -27.717585, 572.571076, 47
66.754490, -20.912109, 579.457810, 48
80.161736, 17.891571, 545.630640, 49
102.021138, 2.164020, 571.679149, 50
96.349969, 4.910976, 582.162661, 51
93.408653, -8.402253, 588.384276, 52
82.244148, -21.398251, 548.118114, 53
65.827427, 6.995989, 540.922351, 54
79.030441, -4.786252, 589.079411, 55
58.785740, -14.256776, 555.997811, 56
65.115155, 0.015275, 573.579438, 57
97.462412, -43.559184, 597.966655, 58
67.979354, -5.006562, 592.438019, 59
73.385510, -13.314047, 571.181099, 60
104.840118, -27.292676, 552.672151, 61
78.058736, -44.212656, 589.569291, 62
57.499017, -3.577603, 544.750480, 63
65.392759, 20.640696, 597.045762, 64
66.090674, -10.657491, 568.838804, 65
46.225972, 6.519121, 599.881614, 66
61.999391, -38.694326, 576.475925, 67
95.354507, 17.158936, 578.216493, 68
84.377077, -25.190353, 549.789466, 69
67.870930, 6.586001, 581.774740, 70
98.827938, 1.097511, 599.781294, 71
42.556138, -31.172282, 600.867947, 72
91.900768, -15.282438, 573.869750, 73
96.426816, 8.501207, 571.090206, 74
84.528524, -35.736763, 605.732132, 75
44.423694, -31.119866, 588.830799, 76
104.080736, -10.729566, 595.435546, 77
71.613311, -25.703979, 589.178163, 78
109.605210, 17.064297, 540.563440, 79
50.450827, -25.393330, 592.448977, 80
92.001042, -36.894081, 570.125699, 81
82.838258, -35.947100, 584.252693, 82
74.762069, 14.344593, 545.549900, 83
108.407396, 0.442796, 599.350359, 84
70.553623, -25.357269, 608.913162, 85
67.341520, -22.542682, 554.372228, 86
47.228201, -28.790497, 588.942277, 87
102.439187, 1.213556, 608.537680, 88
82.669317, 0.490163, 602.181717, 89
83.008246, 9.331869, 553.367842, 90
66.512877, -8.995676, 561.772750, 91
96.414152, -36.486004, 571.125038, 92
71.722853, -3.333047, 562.049234, 93
77.048275, -5.254258, 607.791538, 94
67.454568, -45.029232, 559.013568, 95
67.423693, -19.296848, 581.768905, 96
81.571330, -13.677774, 598.279146, 97
61.569513, -21.567068, 576.070480, 98
61.163055, 19.493015, 553.141929, 99
54.400668, -7.827338, 607.773189, 100
67.544044, 17.076390, 575.356990, 101
89.092523, 3.161939, 584.170191, 102
51.273623, -35.443803, 557.416617, 103
73.098527, -0.004679, 597.461864, 104
71.945829, -42.878704, 597.732018, 105
90.735128, -17.064505, 555.014381, 106
63.561393, 22.897690, 586.635929, 107
52.896253, -25.861481, 541.648313, 108
88.743854, -6.307567, 606.440728, 109
101.661297, 6.483969, 575.192929, 110
100.490287, -36.300605, 568.848950, 111
66.903304, 11.182796, 548.590588, 112
42.129486, 20.847306, 558.445969, 113
59.321797, -16.382778, 603.740894, 114
47.839516, 13.953955, 606.161002, 115
105.346649, -5.639532, 565.676097, 116
51.417158, 16.312741, 565.153474, 117
97.828533, -41.119627, 584.591195, 118
99.252453, 6.015110, 554.863270, 119
96.749060, -2.652203, 606.646523, 120
62.998000, -12.490502, 546.925392, 121
91.622494, 12.803667, 603.407544, 122
99.988616, 13.324025, 600.834517, 123
49.490594, -37.682777, 561.031174, 124
44.287080, -31.452396, 551.564880, 125
110.223504, -36.434370, 591.224673, 126
66.955643, -26.626321, 584.117053, 127
