x coord, y coord, z coord, scalar
88.378357, -0.806379, 627.873222, 0
99.641284, -10.246688, 641.084473, 1
108.894070, 14.908063, 662.574101, 2
80.884262, -22.252375, 678.894710, 3
70.111099, -32.630734, 660.606547, 4
78.851569, -25.359382, 681.118029, 5
58.059876, -17.737909, 675.548080, 6
79.797318, 1.775931, 669.775888, 7
88.466505, 25.472263, 679.303573, 8
86.784708, 13.239652, 646.890820, 9
65.107429, -10.112641, 686.314292, 10
72.909701, -22.202042, 647.576042, 11
93.923240, -25.038620, 633.994866, 12
67.706842, 12.834477, 651.971959, 13
57.810323, -28.784813, 659.570134, 14
98.346553, 7.055478, 674.440726, 15
90.673440, 22.104161, 628.212543, 16
77.430183, -9.829254, 670.218356, 17
58.415316, -33.093297, 667.200301, 18
48.928424, 10.680168, 651.949511, 19
75.748231, -35.943094, 682.066671, 20
73.271610, -6.044557, 631.373930, 21
100.777627, -23.851984, 646.564776, 22
45.982129, 0.843685, 630.909131, 23
77.883126, 15.642892, 642.353600, 24
48.663283, 2.258788, 620.918953, 25
103.032921, -18.798448, 683.252655, 26
111.174474, 15.620499, 644.933209, 27
92.601830, -37.694780, 652.069114, 28
71.011351, -31.777530, 634.258978, 29
102.889892, 0.959542, 638.545475, 30
96.165637, -37.499520, 672.730417, 31
107.468745, 20.266945, 620.388217, 32
65.243118, 23.237894, 661.461279, 33
76.081332, -10.609667, 648.613500, 34
98.363938, -4.957548, 622.382641, 35
99.211939, -13.655292, 643.813526, 36
93.673979, -14.211470, 630.943889, 37
49.816688, -33.340266, 633.478440, 38
81.814896, -5.340105, 641.930203, 39
96.003114, -14.180877, 683.119493, 40
45.758128, -29.745852, 685.849397, 41
98.417428, -34.007796, 677.626122, 42
98.734651, -11.775871, 672.373869, 43
71.405419, 21.294272, 633.273965, 44
99.948438, 7.927545, 668.545858, 45
102.260111, -4.591170, 626.400365, 46
57.283225, -22.647778, 652.417469, 47
68.156552, -15.842313, 659.303828, 48
81.563791, 22.961377, 625.477144, 49
103.423193, 7.233826, 651.525655, 50
97.752024, 9.980781, 662.009172, 51
94.810708, -3.332449, 668.230793, 52
83.646203, -16.328446, 627.964601, 53
67.229483, 12.065795, 620.768851, 54
80.432496, 0.283552, 668.925935, 55
60.187795, -9.186970, 635.844285, 56
66.517211, 5.085079, 653.425931, 57
98.864467, -38.489378, 677.813177, 58
69.381410, 0.063242, 672.284559, 59
74.787566, -8.244243, 651.027537, 60
106.242173, -22.222871, 632.518651, 61
79.460790, -39.142849, 669.415826, 62
58.901072, 1.492203, 624.596975, 63
66.794815, 25.710501, 676.892278, 64
67.492730, -5.587687, 648.685255, 65
47.628028, 11.588926, 679.728134, 66
63.401446, -33.624517, 656.322342, 67
96.756562, 22.228741, 658.063002, 68
85.779132, -20.120547, 629.635952, 69
69.272986, 11.655806, 661.621249, 70
100.229993, 6.167316, 679.627813, 71
43.958194, -26.102476, 680.714485, 72
93.302822, -10.212633, 653.716244, 73
97.828871, 13.571012, 650.936712, 74
85.930579, -30.666957, 685.578680, 75
45.825751, -26.050059, 668.677325, 76
105.482791, -5.659761, 675.282064, 77
73.015357, -20.634181, 669.025318, 78
111.007265, 22.134102, 620.409947, 79
51.852884, -20.323523, 672.295544, 80
93.403097, -31.824275, 649.972189, 81
84.240311, -30.877295, 664.099205, 82
76.164124, 19.414399, 625.396403, 83
109.809451, 5.512602, 679.196875, 84
71.955678, -20.287463, 688.759740, 85
68.743575, -17.472877, 634.218693, 86
48.630258, -23.720690, 668.788813, 87
103.841243, 6.283361, 688.384200, 88
84.071372, 5.559968, 682.028244, 89
84.410301, 14.401675, 633.214343, 90
67.914932, -3.925871, 641.619221, 91
97.816207, -31.416198, 650.971535, 92
73.124908, 1.736758, 641.895718, 93
78.450330, -0.184453, 687.638077, 94
68.856623, -39.959426, 638.860044, 95
68.825755, -14.227055, 661.615198, 96
82.973385, -8.607970, 678.125700, 97
62.971573, -16.497263, 655.916729, 98
62.565111, 24.562820, 632.988433, 99
55.802724, -2.757532, 687.619729, 100
68.946099, 22.146195, 655.203497, 101
90.494578, 8.231744, 664.016703, 102
52.675678, -30.373997, 637.263094, 103
74.500582, 5.065125, 677.308396, 104
73.347884, -37.808898, 677.578585, 105
92.137183, -11.994700, 634.860871, 106
64.963449, 27.967496, 666.482441, 107
54.298309, -20.791675, 621.494804, 108
90.145909, -1.237762, 686.287258, 109
103.063352, 11.553775, 655.039438, 110
101.892342, -31.230800, 648.695449, 111
68.305360, 16.252601, 628.437088, 112
43.531541, 25.917111, 638.292475, 113
60.723853, -11.312972, 683.587470, 114
49.241572, 19.023761, 686.007521, 115
106.748704, -0.569727, 645.522601, 116
52.819213, 21.382547, 644.999979, 117
99.230588, -36.049821, 664.437707, 118
100.654509, 11.084915, 634.709773, 119
98.151115, 2.417602, 686.493045, 120
64.400055, -7.420697, 626.771879, 121
93.024549, 17.873473, 683.254061, 122
101.390671, 18.393831, 680.681033, 123
50.892650, -32.612971, 640.877653, 124
45.689135, -26.382590, 631.411370, 125
111.625558, -31.364565, 671.071188, 126
68.357698, -21.556515, 663.963561, 127
