x coord, y coord, z coord, scalar
70.532791, 18.747689, 117.599472, 0
81.795720, 9.307384, 130.810719, 1
91.048504, 34.462132, 152.300257, 2
63.038703, -2.698285, 168.620332, 3
52.265637, -13.076665, 150.333254, 4
61.006014, -5.805300, 170.843654, 5
40.214296, 1.816121, 165.273482, 6
61.951738, 21.330007, 159.501961, 7
70.620938, 45.026330, 169.029700, 8
68.939139, 32.793721, 136.617031, 9
47.261856, 9.441423, 176.040083, 10
55.064141, -2.647964, 137.303073, 11
76.077679, -5.484549, 123.721147, 12
49.861269, 32.388543, 141.698178, 13
39.964795, -9.230814, 149.296757, 14
80.500985, 26.609549, 164.166844, 15
72.827874, 41.658228, 117.938739, 16
59.584584, 9.724847, 159.944113, 17
40.569792, -13.539275, 156.926228, 18
31.082853, 30.234230, 141.675716, 19
57.902684, -16.389023, 171.792491, 20
55.426043, 13.509510, 121.100262, 21
82.932066, -4.297909, 136.291022, 22
28.136562, 20.397747, 120.635376, 23
60.037557, 35.196960, 132.079820, 24
30.817717, 21.812851, 110.645183, 25
85.187359, 0.755625, 172.978728, 26
93.328909, 35.174567, 134.659386, 27
74.756276, -18.140705, 141.795368, 28
53.165793, -12.223464, 123.985382, 29
85.044326, 20.513612, 128.271688, 30
78.320082, -17.945445, 162.456508, 31
89.623181, 39.821012, 110.114402, 32
47.397548, 42.791960, 151.187440, 33
58.235752, 8.944414, 138.340133, 34
80.518374, 14.596520, 112.108865, 35
81.366375, 5.898782, 133.539779, 36
75.828415, 5.342600, 120.670158, 37
31.971128, -13.786206, 123.204745, 38
63.969326, 14.213968, 131.656562, 39
78.157550, 5.373198, 172.845522, 40
27.912568, -10.191797, 175.575382, 41
80.571870, -14.453721, 167.352193, 42
80.889086, 7.778207, 162.099961, 43
53.559852, 40.848339, 123.000174, 44
82.102870, 27.481617, 158.271997, 45
84.414547, 14.962899, 116.126584, 46
39.437661, -3.093752, 142.144362, 47
50.310784, 3.711770, 149.033047, 48
63.718226, 42.515443, 115.203344, 49
85.577627, 26.787896, 141.251841, 50
79.906456, 29.534852, 151.735332, 51
76.965138, 16.221629, 157.956914, 52
65.800639, 3.225623, 117.690909, 53
49.383917, 31.619860, 110.495075, 54
62.586916, 19.837630, 158.652009, 55
42.342226, 10.367092, 125.570670, 56
48.671632, 24.639145, 143.152202, 57
81.018910, -18.935305, 167.539262, 58
51.535822, 19.617312, 162.010536, 59
56.941979, 11.309837, 140.754142, 60
88.396610, -2.668801, 122.244874, 61
61.615254, -19.588771, 159.141835, 62
41.055506, 21.046267, 114.323231, 63
48.949246, 45.264567, 166.618403, 64
49.647146, 13.966380, 138.411782, 65
29.782458, 31.142988, 169.454233, 66
45.555931, -14.070478, 146.049079, 67
78.910995, 41.782810, 147.789167, 68
67.933569, -0.566477, 119.362264, 69
51.427410, 31.209873, 151.347420, 70
82.384426, 25.721387, 169.353922, 71
26.112632, -6.548424, 170.440474, 72
75.457255, 9.341448, 143.442506, 73
79.983304, 33.125082, 140.662898, 74
68.085023, -11.112883, 175.304607, 75
27.980190, -6.496020, 158.403383, 76
87.637226, 13.894312, 165.008177, 77
55.169780, -1.079911, 158.747473, 78
93.161701, 41.688169, 110.136128, 79
34.007314, -0.769495, 162.021352, 80
75.557541, -12.270198, 139.698474, 81
66.394774, -11.323196, 153.825353, 82
58.318558, 38.968465, 115.122612, 83
91.963886, 25.066671, 168.923000, 84
54.110114, -0.733395, 178.485479, 85
50.898010, 2.081189, 123.945137, 86
30.784695, -4.166659, 158.514817, 87
85.995677, 25.837431, 178.110306, 88
66.225802, 25.114039, 171.754297, 89
66.564734, 33.955742, 122.940562, 90
50.069358, 15.628196, 131.345630, 91
79.970649, -11.862122, 140.697779, 92
55.279336, 21.290826, 131.622043, 93
60.604760, 19.369617, 177.364063, 94
51.011069, -20.405361, 128.586418, 95
50.979964, 5.327054, 151.342704, 96
65.127810, 10.946112, 167.851588, 97
45.125947, 3.056750, 145.644512, 98
44.719544, 44.116885, 122.714634, 99
37.957153, 16.796529, 177.345705, 100
51.100529, 41.700261, 144.929677, 101
72.649007, 27.785816, 153.742856, 102
34.830118, -10.819939, 126.989459, 103
56.655006, 24.619195, 167.034424, 104
55.502344, -18.254828, 167.304391, 105
74.291619, 7.559371, 124.587156, 106
47.117880, 47.521561, 156.208589, 107
36.452745, -1.237612, 111.221083, 108
72.300341, 18.316310, 176.013298, 109
85.217785, 31.107845, 144.765612, 110
84.046782, -11.676726, 138.421676, 111
50.459793, 35.806667, 118.163309, 112
25.685975, 45.471175, 128.018661, 113
42.878278, 8.241086, 173.313220, 114
31.396004, 38.577824, 175.733629, 115
88.903139, 18.984344, 135.248801, 116
34.973645, 40.936611, 134.726174, 117
81.385031, -16.495745, 154.163858, 118
82.808943, 30.638983, 124.435975, 119
80.305549, 21.971673, 176.219131, 120
46.554489, 12.133368, 116.498186, 121
75.178982, 37.427541, 172.980175, 122
83.545105, 37.947899, 170.407159, 123
33.047091, -13.058915, 130.604011, 124
27.843573, -6.828530, 121.137658, 125
93.779998, -11.810493, 160.797321, 126
50.512133, -2.002456, 153.689736, 127
