x coord, y coord, z coord, scalar
98.013235, -2.627527, 698.590525, 0
109.276164, -12.067836, 711.801776, 1
118.528949, 13.086915, 733.291417, 2
90.519142, -24.073524, 749.612103, 3
79.745972, -34.451891, 731.323785, 4
88.486448, -27.180532, 751.835421, 5
67.694753, -19.559054, 746.265505, 6
89.432198, -0.045216, 740.493216, 7
98.101384, 23.651115, 750.020894, 8
96.419587, 11.418504, 717.608129, 9
74.742308, -11.933788, 757.031661, 10
82.544580, -24.023191, 718.293233, 11
103.558119, -26.859768, 704.712164, 12
77.341721, 11.013330, 722.689266, 13
67.445194, -30.605961, 730.287384, 14
107.981432, 5.234330, 745.158047, 15
100.308318, 20.283013, 698.929854, 16
87.065067, -11.650401, 740.935729, 17
68.050189, -34.914446, 737.917650, 18
58.563302, 8.859021, 722.666820, 19
85.383109, -37.764243, 752.784036, 20
82.906489, -7.865705, 702.091221, 21
110.412506, -25.673132, 717.282080, 22
55.617007, -0.977463, 701.626435, 23
87.518005, 13.821745, 713.070907, 24
58.298161, 0.437640, 691.636259, 25
112.667801, -20.619596, 753.969984, 26
120.809353, 13.799351, 715.650522, 27
102.236709, -39.515930, 722.786416, 28
80.646229, -33.598679, 704.976259, 29
112.524771, -0.861606, 709.262783, 30
105.800516, -39.320670, 743.447743, 31
117.103624, 18.445797, 691.105529, 32
74.877997, 21.416747, 732.178594, 33
85.716213, -12.430814, 719.330748, 34
107.998817, -6.778696, 693.099947, 35
108.846818, -15.476440, 714.530829, 36
103.308858, -16.032619, 701.661189, 37
59.451566, -35.161414, 704.195735, 38
91.449775, -7.161252, 712.647491, 39
105.637994, -16.002025, 753.836827, 40
55.393006, -31.567000, 756.566737, 41
108.052307, -35.828945, 748.343450, 42
108.369531, -13.597019, 743.091195, 43
81.040298, 19.473125, 703.991274, 44
109.583317, 6.106397, 739.263177, 45
111.894990, -6.412318, 697.117672, 46
66.918100, -24.468924, 723.134679, 47
77.791443, -17.663444, 730.020705, 48
91.198670, 21.140229, 696.194454, 49
113.058073, 5.412678, 722.242967, 50
107.386903, 8.159633, 732.726487, 51
104.445587, -5.153597, 738.948115, 52
93.281081, -18.149594, 698.681895, 53
76.864361, 10.244647, 691.486158, 54
90.067377, -1.537595, 739.643263, 55
69.822674, -11.008118, 706.561569, 56
76.152090, 3.263933, 724.143230, 57
108.499346, -40.310527, 748.530504, 58
79.016290, -1.757903, 743.001901, 59
84.422447, -10.065390, 721.744789, 60
115.877051, -24.044019, 703.235957, 61
89.095668, -40.964000, 740.133164, 62
68.535951, -0.328945, 695.314277, 63
76.429694, 23.889354, 747.609599, 64
77.127610, -7.408833, 719.402519, 65
57.262906, 9.767779, 750.445459, 66
73.036320, -35.445668, 727.039575, 67
106.391441, 20.407594, 728.780317, 68
95.414011, -21.941695, 700.353246, 69
78.907865, 9.834659, 732.338563, 70
109.864872, 4.346168, 750.345136, 71
53.593071, -27.923624, 751.431825, 72
102.937702, -12.033781, 724.433546, 73
107.463750, 11.749865, 721.654024, 74
95.565458, -32.488106, 756.296029, 75
55.460627, -27.871206, 739.394656, 76
115.117670, -7.480909, 745.999386, 77
82.650255, -22.455338, 739.743208, 78
120.642144, 20.312955, 691.127260, 79
61.487760, -22.144669, 743.012910, 80
103.037976, -33.645424, 720.689487, 81
93.875191, -32.698447, 734.816523, 82
85.799003, 17.593251, 696.113711, 83
119.444330, 3.691454, 749.914196, 84
81.590557, -22.108611, 759.477116, 85
78.378454, -19.294025, 704.935968, 86
58.265133, -25.541836, 739.506151, 87
113.476122, 4.462213, 759.101523, 88
93.706252, 3.738820, 752.745576, 89
94.045180, 12.580527, 703.931650, 90
77.549811, -5.747018, 712.336501, 91
107.451086, -33.237347, 721.688839, 92
82.759787, -0.084389, 712.613011, 93
88.085209, -2.005601, 758.355417, 94
78.491501, -41.780574, 709.577330, 95
78.460649, -16.048185, 732.332321, 96
92.608265, -10.429118, 748.843055, 97
72.606450, -18.318403, 726.633812, 98
72.199990, 22.741672, 703.705743, 99
65.437603, -4.578679, 758.337071, 100
78.580978, 20.325048, 725.920810, 101
100.129457, 6.410596, 734.734019, 102
62.310556, -32.195145, 707.980381, 103
84.135462, 3.243978, 748.025731, 104
82.982761, -39.630048, 748.295952, 105
101.772062, -13.815848, 705.578169, 106
74.598328, 26.146348, 737.199758, 107
63.933187, -22.612823, 692.212103, 108
99.780789, -3.058910, 757.004591, 109
112.698231, 9.732627, 725.756751, 110
111.527221, -33.051948, 719.412756, 111
77.940238, 14.431454, 699.154395, 112
53.166420, 24.095964, 709.009787, 113
70.358732, -13.134119, 754.304845, 114
58.876450, 17.202613, 756.724845, 115
116.383583, -2.390875, 716.239912, 116
62.454092, 19.561399, 715.717290, 117
108.865467, -37.870970, 735.155024, 118
110.289388, 9.263767, 705.427083, 119
107.785994, 0.596454, 757.210372, 120
74.034934, -9.241844, 697.489174, 121
102.659428, 16.052325, 753.971384, 122
111.025550, 16.572683, 751.398353, 123
60.527527, -34.434119, 711.594940, 124
55.324013, -28.203738, 702.128667, 125
121.260437, -33.185713, 741.788508, 126
77.992576, -23.377662, 734.680875, 127
