x coord, y coord, z coord, scalar
86.130533, -2.659379, 600.649933, 0
97.393461, -12.099687, 613.861184, 1
106.646247, 13.055064, 635.350807, 2
78.636438, -24.105374, 651.671386, 3
67.863276, -34.483733, 633.383284, 4
76.603745, -27.212382, 653.894706, 5
55.812053, -19.590909, 648.324745, 6
77.549495, -0.077069, 642.552590, 7
86.218682, 23.619263, 652.080278, 8
84.536885, 11.386652, 619.667530, 9
62.859606, -11.965640, 659.090978, 10
70.661878, -24.055041, 620.352796, 11
91.675417, -26.891619, 606.771579, 12
65.459019, 10.981477, 624.748669, 13
55.562501, -30.637812, 632.346866, 14
96.098730, 5.202478, 647.217430, 15
88.425616, 20.251162, 600.989251, 16
75.182360, -11.682254, 642.995040, 17
56.167493, -34.946296, 639.976994, 18
46.680601, 8.827169, 624.726220, 19
73.500408, -37.796093, 654.843359, 20
71.023787, -7.897557, 604.150646, 21
98.529804, -25.704983, 619.341487, 22
43.734306, -1.009315, 603.685842, 23
75.635303, 13.789893, 615.130310, 24
46.415460, 0.405788, 593.695664, 25
100.785098, -20.651447, 656.029357, 26
108.926651, 13.767499, 617.709916, 27
90.354007, -39.547780, 624.845825, 28
68.763528, -33.630530, 607.035698, 29
100.642069, -0.893457, 611.322184, 30
93.917814, -39.352520, 645.507120, 31
105.220922, 18.413946, 593.164925, 32
62.995295, 21.384895, 634.237985, 33
73.833509, -12.462666, 621.390232, 34
96.116115, -6.810548, 595.159351, 35
96.964116, -15.508291, 616.590238, 36
91.426156, -16.064470, 603.720601, 37
47.568865, -35.193266, 606.255154, 38
79.567073, -7.193104, 614.706921, 39
93.755291, -16.033876, 655.896192, 40
43.510305, -31.598852, 658.626093, 41
96.169605, -35.860795, 650.402823, 42
96.486828, -13.628870, 645.150572, 43
69.157596, 19.441273, 606.050675, 44
97.700614, 6.074546, 641.322563, 45
100.012288, -6.444169, 599.177074, 46
55.035402, -24.500778, 625.194216, 47
65.908729, -17.695313, 632.080703, 48
79.315968, 21.108377, 598.253853, 49
101.175370, 5.380826, 624.302363, 50
95.504201, 8.127782, 634.785878, 51
92.562884, -5.185448, 641.007497, 52
81.398380, -18.181445, 600.741315, 53
64.981660, 10.212795, 593.545561, 54
78.184673, -1.569448, 641.702636, 55
57.939972, -11.039970, 608.621004, 56
64.269388, 3.232080, 626.202643, 57
96.616644, -40.342378, 650.589880, 58
67.133587, -1.789757, 645.061255, 59
72.539742, -10.097243, 623.804268, 60
103.994349, -24.075870, 605.295361, 61
77.212967, -40.995849, 642.192524, 62
56.653249, -0.360797, 597.373686, 63
64.546992, 23.857502, 649.668982, 64
65.244907, -7.440686, 621.461982, 65
45.380205, 9.735927, 652.504837, 66
61.153623, -35.477516, 629.099080, 67
94.508739, 20.375742, 630.839709, 68
83.531309, -21.973547, 602.412666, 69
67.025163, 9.802806, 634.397956, 70
97.982170, 4.314317, 652.404517, 71
41.710371, -27.955476, 653.491182, 72
91.054999, -12.065632, 626.492956, 73
95.581048, 11.718013, 623.713420, 74
83.682756, -32.519957, 658.355374, 75
43.577928, -27.903059, 641.454026, 76
103.234968, -7.512761, 648.058768, 77
70.767534, -22.487180, 641.801804, 78
108.759442, 20.281103, 593.186654, 79
49.605061, -22.176523, 645.072231, 80
91.155274, -33.677275, 622.748902, 81
81.992487, -32.730294, 636.875911, 82
73.916301, 17.561399, 598.173112, 83
107.561628, 3.659602, 651.973579, 84
69.707855, -22.140463, 661.536423, 85
66.495752, -19.325876, 606.995415, 86
46.382435, -25.573690, 641.565510, 87
101.593419, 4.430362, 661.160903, 88
81.823549, 3.706968, 654.804945, 89
82.162478, 12.548675, 605.991053, 90
65.667109, -5.778870, 614.395941, 91
95.568384, -33.269198, 623.748246, 92
70.877085, -0.116242, 614.672434, 93
76.202507, -2.037453, 660.414773, 94
66.608800, -41.812425, 611.636762, 95
66.577931, -16.080055, 634.391979, 96
80.725562, -10.460969, 650.902392, 97
60.723750, -18.350263, 628.693525, 98
60.317288, 22.709820, 605.765142, 99
53.554901, -4.610532, 660.396425, 100
66.698276, 20.293196, 627.980204, 101
88.246755, 6.378744, 636.793409, 102
50.427855, -32.226997, 610.039812, 103
72.252759, 3.212126, 650.085095, 104
71.100061, -39.661897, 650.355272, 105
89.889360, -13.847699, 607.637584, 106
62.715626, 26.114496, 639.259147, 107
52.050485, -22.644674, 594.271517, 108
87.898086, -3.090761, 659.063958, 109
100.815529, 9.700775, 627.816145, 110
99.644518, -33.083799, 621.472159, 111
66.057537, 14.399602, 601.213798, 112
41.283718, 24.064112, 611.069183, 113
58.476030, -13.165972, 656.364154, 114
46.993748, 17.170761, 658.784225, 115
104.500881, -2.422726, 618.299310, 116
50.571390, 19.529547, 617.776687, 117
96.982764, -37.902820, 637.214413, 118
98.406686, 9.231916, 607.486482, 119
95.903292, 0.564603, 659.269748, 120
62.152232, -9.273696, 599.548594, 121
90.776726, 16.020473, 656.030765, 122
99.142848, 16.540831, 653.457737, 123
48.644827, -34.465970, 613.654370, 124
43.441312, -28.235589, 604.188083, 125
109.377735, -33.217564, 643.847893, 126
66.109875, -23.409515, 636.740268, 127
