x coord, y coord, z coord, scalar
60.310503, 29.678855, 27.995142, 0
71.573432, 20.238552, 41.206388, 1
80.826216, 45.393299, 62.695913, 2
52.816417, 8.232890, 79.015908, 3
42.043392, -2.145494, 60.728992, 4
50.783730, 5.125872, 81.239231, 5
29.992003, 12.747271, 75.669025, 6
51.729444, 32.261176, 69.897604, 7
60.398649, 55.957496, 79.425352, 8
58.716850, 43.724888, 47.012695, 9
37.039564, 20.372587, 86.435684, 10
44.841855, 8.283207, 47.698860, 11
65.855392, 5.446619, 34.116822, 12
39.638977, 43.319708, 52.093844, 13
29.742526, 1.700325, 59.692483, 14
70.278696, 37.540717, 74.562495, 15
62.605586, 52.589394, 28.334401, 16
49.362279, 20.656026, 70.339710, 17
30.347524, -2.608126, 67.321850, 18
20.860562, 41.165393, 52.071380, 19
47.680403, -5.457855, 82.188097, 20
45.203754, 24.440676, 31.495944, 21
72.709779, 6.633260, 46.686691, 22
17.914274, 31.328911, 31.031045, 23
49.815268, 46.128126, 42.475486, 24
20.595429, 32.744016, 21.040851, 25
74.965071, 11.686794, 83.374372, 26
83.106621, 46.105733, 45.055046, 27
64.533992, -7.209535, 52.191039, 28
42.943508, -1.292299, 34.381075, 29
74.822038, 31.444779, 38.667352, 30
68.097797, -7.014275, 72.852154, 31
79.400893, 50.752178, 20.510062, 32
37.175258, 53.723125, 61.583097, 33
48.013457, 19.875585, 48.735860, 34
70.296087, 25.527686, 22.504531, 35
71.144087, 16.829951, 43.935450, 36
65.606128, 16.273767, 31.065831, 37
21.748842, -2.855043, 33.600423, 38
53.747035, 25.145136, 42.052249, 39
67.935262, 16.304368, 83.241160, 40
17.690282, 0.739364, 85.971013, 41
70.349585, -3.522552, 77.747837, 42
70.666797, 18.709377, 72.495608, 43
43.337563, 51.779504, 33.395838, 44
71.880581, 38.412784, 68.667651, 45
74.192259, 25.894065, 26.522249, 46
29.215376, 7.837397, 52.540128, 47
40.088409, 14.642932, 59.429162, 48
53.495937, 53.446609, 25.599007, 49
75.355338, 37.719063, 51.647501, 50
69.684167, 40.466020, 62.130988, 51
66.742848, 27.152799, 68.352565, 52
55.578351, 14.156790, 28.086588, 53
39.161629, 42.551025, 20.890741, 54
52.364621, 30.768800, 69.047653, 55
32.119937, 21.298255, 35.966360, 56
38.449338, 35.570310, 53.547875, 57
70.796625, -8.004137, 77.934907, 58
41.313524, 30.548478, 72.406166, 59
46.719681, 22.241008, 51.149865, 60
78.174323, 8.262366, 32.640540, 61
51.392978, -8.657599, 69.537469, 62
30.833217, 31.977431, 24.718902, 63
38.726957, 56.195732, 77.014054, 64
39.424850, 24.897545, 48.807493, 65
19.560168, 42.074152, 79.849880, 66
35.333665, -3.139322, 56.444823, 67
68.688706, 52.713976, 58.184824, 68
57.711282, 10.364690, 29.757944, 69
41.205117, 42.141038, 61.743078, 70
72.162137, 36.652554, 79.749571, 71
15.890346, 4.382735, 80.836105, 72
65.234965, 20.272619, 53.838178, 73
69.761015, 44.056249, 51.058558, 74
57.862738, -0.181713, 85.700229, 75
17.757905, 4.435135, 68.799024, 76
77.414937, 24.825480, 75.403827, 77
44.947476, 9.851340, 69.142530, 78
82.939413, 52.619335, 20.531788, 79
23.785026, 10.161654, 72.416956, 80
65.335256, -1.339028, 50.094149, 81
56.172496, -0.392015, 64.221008, 82
48.096269, 49.899630, 25.518276, 83
81.741598, 35.997838, 79.318651, 84
43.887827, 10.197772, 88.881073, 85
40.675722, 13.012354, 34.340836, 86
20.562409, 6.764492, 68.910450, 87
75.773389, 36.768597, 88.505954, 88
56.003511, 36.045206, 82.149938, 89
56.342445, 44.886908, 33.336227, 90
39.847067, 26.559361, 41.741324, 91
69.748364, -0.930952, 51.093448, 92
45.057044, 32.221992, 42.017724, 93
50.382469, 30.300784, 87.759694, 94
40.788786, -9.474196, 38.982107, 95
40.757579, 16.258225, 61.738562, 96
54.905518, 21.877283, 78.247204, 97
34.903636, 13.987890, 56.040411, 98
34.497255, 55.048050, 33.110297, 99
27.734862, 27.727692, 87.741334, 100
40.878239, 52.631427, 55.325336, 101
62.426717, 38.716984, 64.138512, 102
24.607833, 0.111223, 37.385147, 103
46.432713, 35.550362, 77.430061, 104
45.280067, -7.323660, 77.699995, 105
64.069331, 18.490539, 34.982832, 106
36.895591, 58.452726, 66.604244, 107
26.230458, 9.693552, 21.616758, 108
62.078052, 29.247478, 86.408936, 109
74.995496, 42.039012, 55.161271, 110
73.824496, -0.745557, 48.817343, 111
40.237504, 46.737832, 28.558975, 112
15.463686, 56.402339, 38.414322, 113
32.655986, 19.172247, 83.708816, 114
21.173715, 49.508988, 86.129277, 115
78.680851, 29.915511, 45.644463, 116
24.751356, 51.867775, 45.121836, 117
71.162746, -5.564575, 64.559513, 118
72.586655, 41.570150, 34.831638, 119
70.083260, 32.902840, 86.614777, 120
36.332201, 23.064533, 26.893865, 121
64.956693, 48.358708, 83.375825, 122
73.322817, 48.879066, 80.802811, 123
22.824806, -2.127753, 40.999698, 124
17.621286, 4.102633, 31.533334, 125
83.557712, -0.879325, 71.192974, 126
40.289845, 8.928706, 64.085394, 127
