x coord, y coord, z coord, scalar
169.349756, 36.712466, 105.391683, 0
169.509408, 63.447246, 140.755513, 1
199.253723, 59.528618, 111.000925, 2
171.411743, 20.246952, 113.953513, 3
180.830612, 61.454627, 120.233356, 4
168.154126, 38.157372, 149.565585, 5
210.161683, 40.302637, 137.764912, 6
167.017554, 34.747324, 132.444682, 7
172.623790, 3.927206, 127.585391, 8
179.656291, 4.350677, 110.713507, 9
204.221439, 16.587381, 145.672863, 10204.613420, 28.983682, 138.647177, 11171.649394, 2.404974, 127.702467, 12177.650574, 16.703716, 146.196276, 13186.605420, 40.421940, 137.188250, 14201.838043, 51.462347, 173.581668, 15177.683692, 35.791641, 143.412614, 16210.448481, 45.696042, 107.685161, 17169.173794, 61.206847, 109.858956, 18191.759210, 15.030636, 112.455974, 19197.472923, 62.139068, 127.290044, 20169.426027, 40.920064, 154.520919, 21203.072905, 55.456407, 155.172282, 22225.775396, 7.274522, 170.122228, 23198.251868, 36.765689, 140.072458, 24161.709977, 12.771467, 121.059685, 25161.571937, 33.342153, 155.098065, 26199.983040, 17.958076, 130.320704, 27202.668504, 30.018815, 121.054014, 28207.527685, 64.665050, 134.331891, 29214.983969, 36.305412, 125.997797, 30168.554710, 48.618455, 165.164801, 31218.075169, 25.858806, 150.148160, 32199.527619, 25.801705, 155.669591, 33195.930321, 66.940565, 121.961786, 34162.281221, 2.818067, 132.979898, 35178.341011, 7.276974, 164.568719, 36159.719362, 50.147048, 112.053490, 37185.040073, 26.983123, 140.320514, 38201.094968, 8.678204, 134.511113, 39161.707415, 66.549166, 169.063182, 40182.705374, 9.271367, 147.208736, 41174.150463, 70.233514, 171.313994, 42219.298437, 43.928619, 126.642492, 43201.247928, 14.026424, 123.109963, 44218.209891, 19.194628, 124.174651, 45177.470370, 40.422796, 129.697085, 46168.319385, 43.028987, 109.371959, 47175.373022, 2.236721, 134.601845, 48210.692083, 46.218639, 141.526780, 49171.483734, 50.813112, 137.602863, 50166.827265, 7.685975, 145.120698, 51209.035786, 24.723357, 144.881429, 52206.630166, 18.189301, 118.336538, 53159.553323, 62.324264, 130.609718, 54177.663541, 54.701671, 148.051320, 55196.838240, 6.339464, 118.000390, 56221.536477, 17.545813, 159.276165, 57157.189286, 35.805853, 159.759433, 58186.791018, 20.665412, 135.505014, 59223.317680, 35.036053, 115.844894, 60187.201007, 44.750338, 121.775756, 61158.602059, 27.953654, 144.747531, 62198.483187, 8.751307, 161.183423, 63211.819992, 11.191583, 153.034641, 64168.710254, 31.742139, 137.263285, 65211.761148, 2.747821, 141.849181, 66224.761725, 67.171279, 157.641537, 67210.318284, 67.247536, 122.974223, 68196.357925, 28.206078, 141.887584, 69158.143498, 25.691358, 106.449146, 70168.988555, 55.779283, 149.446374, 71185.766050, 57.268305, 106.926467, 72225.513424, 29.918987, 113.924473, 73212.977145, 15.906484, 123.362556, 74192.292138, 27.503736, 153.352231, 75224.555317, 13.432396, 154.345692, 76192.684945, 12.361616, 151.044208, 77176.606967, 65.566873, 147.818645, 78194.581255, 36.092386, 105.551147, 79162.747989, 37.122908, 129.489382, 80164.197301, 48.998396, 114.795562, 81208.643413, 8.931904, 170.310754, 82210.570183, 8.612819, 129.756582, 83219.494804, 64.476954, 143.909695, 84169.138001, 30.936641, 169.660139, 85217.489261, 29.659436, 112.619102, 86198.115407, 65.231390, 123.227261, 87175.439782, 16.005855, 118.321025, 88218.258286, 53.474053, 152.660369, 89218.809951, 59.109018, 119.309989, 90174.579985, 66.193302, 166.555146, 91184.375784, 49.004218, 105.013496, 92180.966891, 33.741928, 111.872502, 93205.723517, 27.404190, 105.876908, 94175.913704, 39.429346, 135.060388, 95171.854067, 31.085954, 162.966687, 96179.473362, 3.368821, 157.724895, 97197.700795, 21.695592, 171.977343, 98211.022100, 14.121358, 154.978358, 99189.962810, 7.098807, 143.614370, 10204.272890, 24.565702, 139.334806, 10197.108461, 51.828486, 117.865198, 10197.122311, 6.962892, 149.854377, 10203.995581, 55.573386, 106.785158, 10204.872778, 5.654556, 144.461201, 10166.213672, 20.395620, 105.073862, 10224.179992, 42.755949, 106.689244, 10208.185224, 14.624238, 126.631346, 10206.442864, 68.533333, 138.999395, 10187.701419, 32.663711, 144.348662, 11157.596274, 11.104118, 167.157031, 11191.930877, 51.099502, 148.513295, 11204.796585, 22.389323, 153.722232, 11180.931345, 69.271893, 138.822314, 11182.716836, 48.312234, 142.724436, 11222.177840, 57.412822, 161.365563, 11222.251904, 55.760301, 133.648413, 11223.941272, 38.113042, 146.519293, 11176.853229, 18.723430, 144.579888, 11210.852621, 49.311899, 106.770001, 12181.477818, 49.795181, 116.120202, 12174.915213, 15.893491, 165.467114, 12218.427671, 63.577050, 117.383141, 12198.429995, 18.675864, 116.181739, 12163.532802, 44.279601, 162.741073, 12201.256133, 40.624869, 149.681640, 12188.902058, 37.044358, 134.967080, 12