x coord, y coord, z coord, scalar
66.933334, 14.758205, 142.264339, 0
78.196263, 5.317900, 155.475585, 1
87.449048, 30.472648, 176.965128, 2
59.439245, -6.687772, 193.285227, 3
48.666167, -17.066145, 174.998100, 4
57.406556, -9.794786, 195.508549, 5
36.614843, -2.173359, 189.938387, 6
58.352283, 17.340521, 184.166835, 7
67.021482, 41.036846, 193.694572, 8
65.339683, 28.804236, 161.281899, 9
43.662400, 5.451939, 200.704970, 10
51.464684, -6.637449, 161.967904, 11
72.478221, -9.474033, 148.386012, 12
46.261813, 28.399059, 166.363046, 13
36.365336, -13.220288, 173.961607, 14
76.901529, 22.620064, 188.831717, 15
69.228418, 37.668744, 142.603608, 16
55.985130, 5.735357, 184.609002, 17
36.970332, -17.528751, 181.591109, 18
27.483397, 26.244746, 166.340585, 19
54.303225, -20.378507, 196.457377, 20
51.826587, 9.520026, 145.765125, 21
79.332608, -8.287394, 160.955888, 22
24.537106, 16.408264, 145.300243, 23
56.438101, 31.207476, 156.744688, 24
27.218261, 17.823368, 135.310051, 25
81.587902, -3.233859, 197.643603, 26
89.729452, 31.185083, 159.324256, 27
71.156818, -22.130190, 166.460235, 28
49.566335, -16.212948, 148.650242, 29
81.444870, 16.524128, 152.936556, 30
74.720624, -21.934930, 187.121382, 31
86.023725, 35.831528, 134.779271, 32
43.798092, 38.802476, 175.852310, 33
54.636297, 4.954927, 163.004982, 34
76.918918, 10.607036, 136.773732, 35
77.766918, 1.909297, 158.204646, 36
72.228959, 1.353115, 145.335024, 37
28.371671, -17.775689, 147.869609, 38
60.369869, 10.224483, 156.321424, 39
74.558093, 1.383713, 197.510399, 40
24.313111, -14.181279, 200.240261, 41
76.972412, -18.443206, 192.017068, 42
77.289629, 3.788722, 186.764835, 43
49.960396, 36.858854, 147.665043, 44
78.503414, 23.492132, 182.936869, 45
80.815091, 10.973415, 140.791452, 46
35.838206, -7.083230, 166.809199, 47
46.711354, -0.277725, 173.697780, 48
60.118769, 38.525959, 139.868213, 49
81.978171, 22.798412, 165.916710, 50
76.307000, 25.545368, 176.400202, 51
73.365682, 12.232143, 182.621786, 52
62.201182, -0.763861, 142.355773, 53
45.784461, 27.630376, 135.159942, 54
58.987461, 15.848144, 183.316884, 55
38.742771, 6.377608, 150.235530, 56
45.072177, 20.649661, 167.817068, 57
77.419452, -22.924790, 192.204136, 58
47.936368, 15.627827, 186.675415, 59
53.342525, 7.320350, 165.418992, 60
84.797153, -6.658285, 146.909742, 61
58.015793, -23.578255, 183.806713, 62
37.456049, 17.056783, 138.988097, 63
45.349790, 41.275083, 191.283275, 64
46.047692, 9.976895, 163.076636, 65
26.183002, 27.153505, 194.119106, 66
41.956469, -18.059957, 170.713924, 67
75.311539, 37.793326, 172.454037, 68
64.334112, -4.555962, 144.027128, 69
47.827955, 27.220388, 176.012290, 70
78.784970, 21.731902, 194.018795, 71
22.513175, -10.537906, 195.105352, 72
71.857798, 5.351962, 168.107372, 73
76.383848, 29.135598, 165.327767, 74
64.485565, -15.102367, 199.969489, 75
24.380734, -10.485500, 183.068258, 76
84.037769, 9.904827, 189.673050, 77
51.570316, -5.069422, 183.412525, 78
89.562244, 37.698685, 134.800998, 79
30.407860, -4.758974, 186.686238, 80
71.958083, -16.259683, 164.363339, 81
62.795312, -15.312683, 178.490225, 82
54.719102, 34.978981, 139.787480, 83
88.364429, 21.077187, 193.587872, 84
50.510657, -4.722879, 203.150369, 85
47.298553, -1.908295, 148.609995, 86
27.185239, -8.156138, 183.179695, 87
82.396221, 21.847946, 202.775179, 88
62.626346, 21.124554, 196.419173, 89
62.965278, 29.966258, 147.605430, 90
46.469903, 11.638711, 156.010489, 91
76.371191, -15.851607, 165.362646, 92
51.679880, 17.301342, 156.286906, 93
57.005304, 15.380132, 202.028942, 94
47.411611, -24.394845, 153.251279, 95
47.380536, 1.337554, 176.007514, 96
61.528355, 6.956626, 192.516471, 97
41.526501, -0.932730, 170.309309, 98
41.120088, 40.127401, 147.379503, 99
34.357697, 12.807045, 202.010584, 100
47.501073, 37.710777, 169.594546, 101
69.049551, 23.796331, 178.407727, 102
31.230661, -14.809422, 151.654321, 103
53.055551, 20.629710, 191.699301, 104
51.902884, -22.244312, 191.969278, 105
70.692162, 3.569887, 149.252021, 106
43.518424, 43.532077, 180.873460, 107
32.853289, -5.227096, 135.885948, 108
68.700885, 14.326825, 200.678174, 109
81.618329, 27.118360, 169.430482, 110
80.447325, -15.666211, 163.086544, 111
46.860337, 31.817183, 142.828177, 112
22.086519, 41.481691, 152.683531, 113
39.278823, 4.251602, 197.978110, 114
27.796548, 34.588340, 200.398502, 115
85.303682, 14.994860, 159.913670, 116
31.374189, 36.947127, 159.391043, 117
77.785573, -20.485230, 178.828729, 118
79.209487, 26.649499, 149.100844, 119
76.706092, 17.982188, 200.884005, 120
42.955033, 8.143884, 141.163050, 121
71.579526, 33.438057, 197.645048, 122
79.945649, 33.958415, 195.072031, 123
29.447634, -17.048397, 155.268873, 124
24.244116, -10.818013, 145.802523, 125
90.180541, -15.799977, 185.462193, 126
46.912677, -5.991939, 178.354605, 127
