x coord, y coord, z coord, scalar
96.140811, -1.354562, 684.143169, 0
107.403740, -10.794871, 697.354421, 1
116.656525, 14.359880, 718.844059, 2
88.646718, -22.800559, 735.164729, 3
77.873551, -33.178924, 716.876442, 4
86.614024, -25.907567, 737.388047, 5
65.822329, -18.286090, 731.818124, 6
87.559774, 1.227749, 726.045856, 7
96.228960, 24.924080, 735.573534, 8
94.547163, 12.691469, 703.160772, 9
72.869884, -10.660823, 742.584292, 10
80.672156, -22.750225, 703.845900, 11
101.685695, -25.586803, 690.264809, 12
75.469297, 12.286294, 708.241910, 13
65.572773, -29.332996, 715.840039, 14
106.109008, 6.507295, 730.710688, 15
98.435894, 21.555978, 684.482497, 16
85.192641, -10.377436, 726.488359, 17
66.177767, -33.641481, 723.470285, 18
56.690878, 10.131986, 708.219464, 19
83.510686, -36.491278, 738.336667, 20
81.034065, -6.592740, 687.643868, 21
108.540082, -24.400167, 702.834724, 22
53.744583, 0.295502, 687.179079, 23
85.645581, 15.094710, 698.623551, 24
56.425737, 1.710605, 677.188903, 25
110.795377, -19.346631, 739.522623, 26
118.936929, 15.072316, 701.203165, 27
100.364285, -38.242964, 708.339061, 28
78.773806, -32.325714, 690.528908, 29
110.652347, 0.411359, 694.815426, 30
103.928092, -38.047704, 729.000383, 31
115.231200, 19.718762, 676.658172, 32
73.005573, 22.689712, 717.731236, 33
83.843788, -11.157849, 704.883403, 34
106.126393, -5.505731, 678.652591, 35
106.974394, -14.203475, 700.083473, 36
101.436434, -14.759653, 687.213834, 37
57.579142, -33.888449, 689.748381, 38
89.577351, -5.888287, 698.200138, 39
103.765570, -14.729060, 739.389465, 40
53.520582, -30.294035, 742.119374, 41
106.179883, -34.555979, 733.896089, 42
106.497107, -12.324054, 728.643835, 43
79.167874, 20.746090, 689.543918, 44
107.710893, 7.379362, 724.815818, 45
110.022566, -5.139353, 682.670316, 46
65.045677, -23.195960, 708.687343, 47
75.919014, -16.390483, 715.573437, 48
89.326246, 22.413194, 681.747097, 49
111.185649, 6.685643, 707.795610, 50
105.514479, 9.432598, 718.279129, 51
102.573163, -3.880631, 724.500755, 52
91.408658, -16.876629, 684.234542, 53
74.991938, 11.517612, 677.038802, 54
88.194953, -0.264630, 725.195902, 55
67.950250, -9.735153, 692.114217, 56
74.279666, 4.536897, 709.695875, 57
106.626922, -39.037562, 734.083144, 58
77.143865, -0.484939, 728.554537, 59
82.550022, -8.792425, 707.297444, 60
114.004628, -22.771054, 688.788601, 61
87.223245, -39.691035, 725.685801, 62
66.663527, 0.944020, 680.866921, 63
74.557270, 25.162318, 733.162240, 64
75.255186, -6.135868, 704.955171, 65
55.390482, 11.040744, 735.998099, 66
71.163898, -34.172702, 712.592234, 67
104.519017, 21.680559, 714.332959, 68
93.541587, -20.668730, 685.905892, 69
77.035441, 11.107623, 717.891205, 70
107.992448, 5.619133, 735.897777, 71
51.720647, -26.650659, 736.984462, 72
101.065278, -10.760816, 709.986190, 73
105.591326, 13.022830, 707.206667, 74
93.693034, -31.215141, 741.848664, 75
53.588204, -26.598242, 724.947295, 76
113.245246, -6.207944, 731.552027, 77
80.777826, -21.182369, 725.295733, 78
118.769720, 21.585920, 676.679902, 79
59.615337, -20.871705, 728.565542, 80
101.165552, -32.372459, 706.242133, 81
92.002767, -31.425481, 720.369164, 82
83.926579, 18.866216, 681.666355, 83
117.571906, 4.964419, 735.466837, 84
79.718133, -20.835646, 745.029746, 85
76.506030, -18.021060, 690.488618, 86
56.392710, -24.268872, 725.058788, 87
111.603698, 5.735178, 744.654163, 88
91.833828, 5.011785, 738.298214, 89
92.172756, 13.853492, 689.484294, 90
75.677387, -4.474053, 697.889150, 91
105.578662, -31.964382, 707.241483, 92
80.887363, 1.188576, 698.165657, 93
86.212785, -0.732636, 743.908054, 94
76.619078, -40.507609, 695.129978, 95
76.588219, -14.775224, 717.885003, 96
90.735841, -9.156153, 734.395689, 97
70.734026, -17.045440, 712.186501, 98
70.327566, 24.014637, 689.258386, 99
63.565179, -3.305715, 743.889708, 100
76.708554, 21.598013, 711.473452, 101
98.257033, 7.683561, 720.286661, 102
60.438132, -30.922180, 693.533029, 103
82.263038, 4.516943, 733.578369, 104
81.110338, -38.357082, 733.848583, 105
99.899639, -12.542883, 691.130814, 106
72.725904, 27.419313, 722.752400, 107
62.060763, -21.339858, 677.764748, 108
97.908365, -1.785945, 742.557229, 109
110.825807, 11.005592, 711.309394, 110
109.654797, -31.778983, 704.965399, 111
76.067815, 15.704419, 684.707039, 112
51.293996, 25.368928, 694.562430, 113
68.486308, -11.861154, 739.857474, 114
57.004026, 18.475578, 742.277485, 115
114.511159, -1.117910, 701.792554, 116
60.581668, 20.834364, 701.269933, 117
106.993043, -36.598005, 720.707666, 118
108.416964, 10.536732, 690.979726, 119
105.913570, 1.869419, 742.763011, 120
72.162510, -7.968880, 683.041820, 121
100.787004, 17.325290, 739.524024, 122
109.153126, 17.845648, 736.950994, 123
58.655104, -33.161154, 697.147588, 124
53.451590, -26.930773, 687.681312, 125
119.388013, -31.912748, 727.341149, 126
76.120153, -22.104698, 720.233517, 127
