x coord, y coord, z coord, scalar
97.973809, -16.252822, 835.454362, 0
109.236737, -25.693132, 848.665616, 1
118.489522, -0.538380, 870.155282, 2
90.479714, -37.698825, 886.476116, 3
79.706514, -48.077188, 868.187495, 4
88.447018, -40.805831, 888.699433, 5
67.655330, -33.184337, 883.129579, 6
89.392776, -13.670513, 877.357104, 7
98.061957, 10.025821, 886.884766, 8
96.380162, -2.206791, 854.471978, 9
74.702883, -25.559081, 893.895627, 10
82.505152, -37.648488, 855.156853, 11
103.518691, -40.485063, 841.575993, 12
77.302297, -2.611964, 859.553113, 13
67.405755, -44.231235, 867.151117, 14
107.942006, -8.390966, 882.021922, 15
100.268892, 6.657719, 835.793707, 16
87.025651, -25.275705, 877.799705, 17
68.010748, -48.539727, 874.781578, 18
58.523877, -4.766271, 859.530671, 19
85.343677, -51.389539, 889.647994, 20
82.867063, -21.490999, 838.955037, 21
110.373078, -39.298429, 854.145919, 22
55.577581, -14.602755, 838.490274, 23
87.478579, 0.196451, 849.934753, 24
58.258734, -13.187653, 828.500103, 25
112.628373, -34.244892, 890.833871, 26
120.769926, 0.174056, 852.514381, 27
102.197279, -53.141227, 859.650253, 28
80.606800, -47.223973, 841.840054, 29
112.485344, -14.486901, 846.126631, 30
105.761086, -52.945967, 880.311625, 31
117.064197, 4.820503, 827.969386, 32
74.838572, 7.791453, 869.042457, 33
85.676791, -26.056112, 856.194479, 34
107.959390, -20.403991, 829.963793, 35
108.807391, -29.101736, 851.394666, 36
103.269431, -29.657914, 838.525022, 37
59.412137, -48.786706, 841.059557, 38
91.410350, -20.786548, 849.511298, 39
105.598567, -29.627322, 890.700726, 40
55.353577, -45.192290, 893.430649, 41
108.012878, -49.454241, 885.207338, 42
108.330104, -27.222317, 879.955077, 43
81.000871, 5.847831, 840.855124, 44
109.543891, -7.518898, 876.127046, 45
111.855563, -20.037612, 833.981519, 46
66.878672, -38.094206, 859.998338, 47
77.752078, -31.288739, 866.883715, 48
91.159243, 7.514935, 833.058306, 49
113.018646, -8.212618, 859.106823, 50
107.347477, -5.465662, 869.590350, 51
104.406162, -18.778894, 875.811989, 52
93.241654, -31.774889, 835.545717, 53
76.824935, -3.380647, 828.350004, 54
90.027955, -15.162892, 876.507150, 55
69.783248, -24.633410, 843.425369, 56
76.112668, -10.361361, 861.007062, 57
108.459917, -53.935823, 885.394388, 58
78.976870, -15.383198, 879.865815, 59
84.383027, -23.690688, 858.608529, 60
115.837624, -37.669314, 840.099803, 61
89.056232, -54.589299, 876.997069, 62
68.496524, -13.954238, 832.178113, 63
76.390268, 10.264060, 884.473472, 64
77.088189, -21.034127, 856.266279, 65
57.223481, -3.857514, 887.309339, 66
72.996877, -49.070954, 863.903277, 67
106.352014, 6.782299, 865.644179, 68
95.374583, -35.566990, 837.217066, 69
78.868441, -3.790635, 869.202423, 70
109.825445, -9.279127, 887.209014, 71
53.553643, -41.548913, 888.295736, 72
102.898277, -25.659079, 861.297380, 73
107.424324, -1.875430, 858.517880, 74
95.526029, -46.113403, 893.159957, 75
55.421198, -41.496492, 876.258548, 76
115.078243, -21.106205, 882.863263, 77
82.610836, -36.080694, 876.608189, 78
120.602716, 6.687660, 827.991117, 79
61.448334, -35.769951, 879.876871, 80
102.998546, -47.270722, 857.553316, 81
93.835756, -46.323751, 871.680389, 82
85.759576, 3.967957, 832.977561, 83
119.404903, -9.933841, 886.778069, 84
81.551129, -35.733906, 896.341097, 85
78.339027, -32.919318, 841.799752, 86
58.225705, -39.167120, 876.370057, 87
113.436695, -9.163082, 895.965401, 88
93.666826, -9.886475, 889.609468, 89
94.005754, -1.044767, 840.795497, 90
77.510387, -19.372312, 849.200294, 91
107.411657, -46.862644, 858.552679, 92
82.720363, -13.709684, 849.476828, 93
88.045784, -15.630896, 895.219329, 94
78.452071, -55.405868, 846.441133, 95
78.421292, -29.673487, 869.195809, 96
92.568841, -24.054416, 885.706995, 97
72.567041, -31.943679, 863.497222, 98
72.160563, 9.116379, 840.569595, 99
65.398177, -18.203972, 895.200986, 100
78.541553, 6.699754, 862.784667, 101
100.090032, -7.214700, 871.597884, 102
62.271127, -45.820437, 844.844187, 103
84.096038, -10.381317, 884.889630, 104
82.943327, -53.255343, 885.159914, 105
101.732635, -27.441144, 842.441997, 106
74.558902, 12.521054, 874.063625, 107
63.893759, -36.238116, 829.075933, 108
99.741363, -16.684205, 893.868488, 109
112.658804, -3.892668, 862.620611, 110
111.487792, -46.677245, 856.276600, 111
77.900812, 0.806160, 836.018241, 112
53.126993, 10.470670, 845.873643, 113
70.319308, -26.759410, 891.168822, 114
58.837024, 3.577320, 893.588723, 115
116.344156, -16.016170, 853.103764, 116
62.414666, 5.936106, 852.581143, 117
108.826037, -51.496267, 872.018890, 118
110.249961, -4.361528, 842.290935, 119
107.746568, -13.028841, 894.074256, 120
73.995507, -22.867138, 834.352996, 121
102.620002, 2.427030, 890.835260, 122
110.986124, 2.947388, 888.262226, 123
60.488098, -48.059410, 848.458748, 124
55.284585, -41.829030, 838.992494, 125
121.221009, -46.811009, 878.652378, 126
77.953149, -37.002954, 871.544734, 127
