x coord, y coord, z coord, scalar
91.390728, 0.687674, 473.650340, 0
102.653657, -8.752634, 486.861590, 1
111.906442, 16.402116, 508.351190, 2
83.896637, -20.758317, 524.671633, 3
73.123495, -31.136691, 506.383807, 4
81.863944, -23.865327, 526.894953, 5
61.072241, -16.243864, 521.324935, 6
82.809687, 3.269987, 515.552951, 7
91.478876, 26.966316, 525.080653, 8
89.797079, 14.733705, 492.667927, 9
68.119798, -8.618588, 532.091268, 10
75.922075, -20.707987, 493.353403, 11
96.935613, -23.544566, 479.771994, 12
70.719212, 14.328530, 497.749068, 13
60.822697, -27.290780, 505.347368, 14
101.358924, 8.549532, 520.217803, 15
93.685811, 23.598214, 473.989645, 16
80.442550, -8.335190, 515.995321, 17
61.427693, -31.599259, 512.977319, 18
51.940793, 12.174221, 497.726616, 19
78.760607, -34.449042, 527.843656, 20
76.283981, -4.550504, 477.151074, 21
103.790000, -22.357930, 492.341893, 22
48.994500, 2.337737, 476.686248, 23
80.895497, 17.136946, 488.130709, 24
51.675654, 3.752840, 466.696065, 25
106.045294, -17.304394, 529.029719, 26
114.186846, 17.114552, 490.710305, 27
95.614205, -36.200727, 497.846234, 28
74.023724, -30.283478, 480.036144, 29
105.902264, 2.453596, 484.322582, 30
99.178012, -36.005467, 518.507486, 31
110.481117, 21.760998, 466.165315, 32
68.255489, 24.731947, 507.238369, 33
79.093702, -9.115609, 494.390737, 34
101.376310, -3.463495, 468.159751, 35
102.224312, -12.161237, 489.590646, 36
96.686351, -12.717417, 476.721013, 37
52.829060, -31.846215, 479.255575, 38
84.827267, -3.846050, 487.707356, 39
99.015487, -12.686822, 528.896543, 40
48.770500, -28.251802, 531.626433, 41
101.429802, -32.513742, 523.403185, 42
101.747024, -10.281815, 518.150939, 43
74.417790, 22.788325, 479.051071, 44
102.960809, 9.421599, 514.322942, 45
105.272483, -3.097117, 472.177474, 46
60.295593, -21.153735, 498.194787, 47
71.168878, -14.348237, 505.081868, 48
84.576163, 24.455430, 471.254247, 49
106.435565, 8.727879, 497.302754, 50
100.764395, 11.474835, 507.786262, 51
97.823079, -1.838393, 514.007871, 52
86.658575, -14.834393, 473.741737, 53
70.241854, 13.559847, 466.545961, 54
83.444866, 1.777609, 514.702999, 55
63.200166, -7.692918, 481.621445, 56
69.529579, 6.579133, 499.203056, 57
101.876841, -36.995325, 523.590244, 58
72.393776, 1.557298, 518.061593, 59
77.799933, -6.750185, 496.804766, 60
109.254545, -20.728817, 478.295761, 61
82.473170, -37.648797, 515.192870, 62
61.913443, 2.986255, 470.374095, 63
69.807186, 27.204554, 522.669357, 64
70.505097, -4.093632, 494.462459, 65
50.640398, 13.082978, 525.505206, 66
66.413827, -32.130476, 502.099612, 67
99.768933, 23.722795, 503.840094, 68
88.791504, -18.626494, 475.413089, 69
72.285355, 13.149859, 507.398343, 70
103.242364, 7.661370, 525.404888, 71
46.970565, -24.608427, 526.491522, 72
96.315195, -8.718577, 499.493366, 73
100.841243, 15.065066, 496.713811, 74
88.942954, -29.172903, 531.355698, 75
48.838121, -24.556013, 514.454384, 76
108.495163, -4.165707, 521.059140, 77
76.027746, -19.140079, 514.801166, 78
114.019637, 23.628155, 466.187044, 79
54.865251, -18.829479, 518.072525, 80
96.415472, -30.330221, 495.749318, 81
87.252692, -29.383237, 509.876292, 82
79.176495, 20.908451, 471.173508, 83
112.821823, 7.006655, 524.973954, 84
74.968050, -18.793410, 534.536700, 85
71.755946, -15.978824, 479.995871, 86
51.642627, -22.226646, 514.565855, 87
106.853614, 7.777415, 534.161273, 88
87.083743, 7.054022, 527.805302, 89
87.422672, 15.895728, 478.991452, 90
70.927302, -2.431817, 487.396388, 91
100.828581, -29.922144, 496.748652, 92
76.137278, 3.230812, 487.672860, 93
81.462701, 1.309601, 533.415113, 94
71.868997, -38.465375, 484.637201, 95
71.838077, -12.732970, 507.392706, 96
85.985756, -7.113913, 523.902706, 97
65.983925, -15.003217, 501.694323, 98
65.577482, 26.056872, 478.765536, 99
58.815094, -1.263480, 533.396762, 100
71.958470, 23.640248, 500.980593, 101
93.506949, 9.725798, 509.793791, 102
55.688050, -28.879947, 483.040248, 103
77.512951, 6.559180, 523.085446, 104
76.360262, -36.314847, 523.355566, 105
95.149556, -10.500646, 480.638000, 106
67.975819, 29.461548, 512.259528, 107
57.310680, -19.297623, 467.271932, 108
93.158281, 0.256292, 532.064311, 109
106.075723, 13.047828, 500.816532, 110
104.904715, -29.736746, 494.472561, 111
71.317731, 17.746654, 474.214198, 112
46.543912, 27.411163, 484.069574, 113
63.736222, -9.818921, 529.364433, 114
52.253942, 20.517813, 531.784595, 115
109.761076, 0.924327, 491.299704, 116
55.831584, 22.876599, 490.777080, 117
102.242962, -34.555767, 510.214795, 118
103.666880, 12.578968, 480.486877, 119
101.163487, 3.911656, 532.270113, 120
67.412427, -5.926644, 472.549015, 121
96.036921, 19.367526, 529.031138, 122
104.403043, 19.887884, 526.458113, 123
53.905022, -31.118921, 486.654805, 124
48.701507, -24.888539, 477.188500, 125
114.637932, -29.870511, 516.848270, 126
71.370069, -20.062464, 509.740656, 127
