x coord, y coord, z coord, scalar
194.987321, 33.868362, 118.391599, 0
195.146976, 60.603143, 153.755533, 1
224.891292, 56.684511, 124.000851, 2
197.049305, 17.402848, 126.953432, 3
206.468182, 58.610523, 133.233284, 4
193.791691, 35.313272, 162.565699, 5
235.799253, 37.458520, 150.764946, 6
192.655116, 31.903228, 145.444652, 7
198.261352, 1.083100, 140.585373, 8
205.293854, 1.506570, 123.713464, 9
229.859001, 13.743269, 158.672927, 10230.250981, 26.139560, 151.647256, 11197.286956, -0.439132, 140.702451, 12203.288133, 13.859612, 159.196358, 13212.243132, 37.577987, 150.191051, 14227.475610, 48.618240, 186.581729, 15203.321251, 32.947555, 156.412996, 16236.086048, 42.851933, 120.685086, 17194.811361, 58.362742, 122.858907, 18217.396771, 12.186528, 125.455884, 19223.110495, 59.294960, 140.289998, 20195.063592, 38.075962, 167.521033, 21228.710474, 52.612299, 168.172370, 22251.412961, 4.430414, 183.122250, 23223.889441, 33.921543, 153.072993, 24187.347540, 9.927362, 134.059656, 25187.209501, 30.498050, 168.098129, 26225.620598, 15.113963, 143.320653, 27228.306067, 27.174700, 134.053818, 28233.165254, 61.820941, 147.331889, 29240.621536, 33.461299, 138.997743, 30194.192276, 45.774350, 178.164870, 31243.712734, 23.014696, 163.148206, 32225.165182, 22.957595, 168.669744, 33221.567891, 64.096459, 134.961742, 34187.918784, -0.026039, 145.979894, 35203.978574, 4.432868, 177.568765, 36185.356928, 47.302944, 125.053442, 37210.677607, 24.139021, 153.320904, 38226.732529, 5.834094, 147.511111, 39187.344981, 63.705060, 182.063212, 40208.342935, 6.427260, 160.208788, 41199.788029, 67.389408, 184.314028, 42244.936004, 41.084508, 139.642460, 43226.885489, 11.182314, 136.109900, 44243.847455, 16.350518, 137.174622, 45203.107937, 37.578717, 142.696783, 46193.956951, 40.184884, 122.371872, 47201.010583, -0.607385, 147.601844, 48236.329653, 43.374525, 154.526836, 49197.121304, 47.969014, 150.602893, 50192.464827, 4.841870, 158.120722, 51234.673349, 21.879243, 157.881504, 52232.267729, 15.345191, 131.336466, 53185.190890, 59.480161, 143.609709, 54203.301112, 51.857569, 161.051431, 55222.475802, 3.495356, 131.000344, 56247.174041, 14.701704, 172.276198, 57182.826851, 32.961749, 172.759482, 58212.428564, 17.821304, 148.505029, 59248.955246, 32.191944, 128.844855, 60212.838582, 41.906237, 134.775296, 61184.239622, 25.109551, 157.747565, 62224.120751, 5.907199, 174.183476, 63237.457555, 8.347474, 166.034680, 64194.347815, 28.898043, 150.263317, 65237.398712, -0.096288, 154.849193, 66250.399292, 64.327171, 170.641557, 67235.955852, 64.403428, 135.974197, 68221.995475, 25.361952, 154.887943, 69183.781062, 22.847253, 119.449102, 70194.626123, 52.935181, 162.446436, 71211.403618, 54.424200, 119.926382, 72251.150990, 27.074878, 126.924439, 73238.614709, 13.062373, 136.362519, 74217.929698, 24.659626, 166.352483, 75250.192882, 10.588287, 167.345716, 76218.322506, 9.517508, 164.044286, 77202.244536, 62.722769, 160.818688, 78220.218820, 33.248278, 118.551009, 79188.385553, 34.278808, 142.489346, 80189.834868, 46.154293, 127.795497, 81234.280978, 6.087796, 183.310791, 82236.207746, 5.768709, 142.756568, 83245.132372, 61.632846, 156.909711, 84194.775565, 28.092535, 182.660205, 85243.126826, 26.815326, 125.619046, 86223.752977, 62.387283, 136.227215, 87201.077343, 13.161750, 131.320947, 88243.895854, 50.629944, 165.660410, 89244.447519, 56.264910, 132.309959, 90200.217552, 63.349196, 179.555189, 91210.013351, 46.160113, 118.013386, 92206.604455, 30.897823, 124.872306, 93231.361081, 24.560081, 118.876822, 94201.551269, 36.585270, 148.060393, 95197.491631, 28.241850, 175.966783, 96205.110925, 0.524715, 170.724934, 97223.338359, 18.851485, 184.977411, 98236.659664, 11.277248, 167.978406, 99215.600371, 4.254699, 156.614406, 10229.910450, 21.721584, 152.334872, 10222.746032, 48.984378, 130.865042, 10222.759873, 4.118784, 162.854423, 10229.633148, 52.729278, 119.785087, 10230.510340, 2.810447, 157.461226, 10191.851236, 17.551515, 118.073807, 10249.817558, 39.911840, 119.689206, 10233.822786, 11.780127, 139.631309, 10232.080433, 65.689225, 151.999406, 10213.338964, 29.819606, 157.349714, 11183.233839, 8.260012, 180.157061, 11217.568452, 48.255395, 161.513518, 11230.434148, 19.545212, 166.722333, 11206.568915, 66.427788, 151.822327, 11208.354417, 45.468141, 155.724727, 11247.815406, 54.568714, 174.365595, 11247.889472, 52.916192, 146.648410, 11249.578839, 35.268932, 159.519323, 11202.490787, 15.879326, 157.579977, 11236.490188, 46.467791, 119.769935, 12207.115387, 46.951078, 129.120027, 12200.552777, 13.049385, 178.467176, 12244.065238, 60.732942, 130.383114, 12224.067557, 15.831754, 129.181630, 12189.170367, 41.435497, 175.741135, 12226.893702, 37.780754, 162.681891, 12214.539619, 34.200259, 147.966830, 12