x coord, y coord, z coord, scalar
54.715588, 26.322964, 50.417825, 0
65.978517, 16.882661, 63.629070, 1
75.231301, 42.037408, 85.118599, 2
47.221499, 4.876996, 101.438612, 3
36.448459, -5.501376, 83.151659, 4
45.188813, 1.769979, 103.661934, 5
24.397095, 9.391385, 98.091736, 6
46.134532, 28.905282, 92.320292, 7
54.803735, 52.601605, 101.848038, 8
53.121936, 40.368996, 69.435379, 9
31.444652, 17.016696, 108.858382, 10
39.246939, 4.927315, 70.121516, 11
60.260477, 2.090728, 56.539503, 12
34.044065, 39.963817, 74.516527, 13
24.147611, -1.655550, 82.115153, 14
64.683782, 34.184825, 96.985181, 15
57.010672, 49.233503, 50.757085, 16
43.767369, 17.300126, 92.762409, 17
24.752606, -5.964005, 89.744543, 18
15.265650, 37.809503, 74.494064, 19
42.085485, -8.813745, 104.610793, 20
39.608840, 21.084784, 53.918624, 21
67.114863, 3.277368, 69.109374, 22
12.319360, 27.973021, 53.453728, 23
44.220354, 42.772235, 64.898169, 24
15.000516, 29.388126, 43.463534, 25
69.370156, 8.330902, 105.797060, 26
77.511706, 42.749842, 67.477730, 27
58.939075, -10.565426, 74.613721, 28
37.348592, -4.648189, 56.803752, 29
69.227124, 28.088888, 61.090036, 30
62.502881, -10.370167, 95.274842, 31
73.805979, 47.396287, 42.932747, 32
31.580345, 50.367234, 84.005782, 33
42.418545, 16.519690, 71.158529, 34
64.701172, 22.171795, 44.927214, 35
65.549172, 13.474059, 66.358132, 36
60.011213, 12.917876, 53.488513, 37
16.153928, -6.210932, 56.023104, 38
48.152121, 21.789244, 64.474927, 39
62.340347, 12.948475, 105.663849, 40
12.095368, -2.616524, 108.393704, 41
64.754669, -6.878443, 100.170525, 42
65.071882, 15.353485, 94.918295, 43
37.742649, 48.423613, 55.818522, 44
66.285667, 35.056892, 91.090337, 45
68.597345, 22.538174, 48.944933, 46
23.620465, 4.481514, 74.962789, 47
34.493532, 11.287021, 81.851744, 48
47.901023, 50.090718, 48.021691, 49
69.760424, 34.363172, 74.070185, 50
64.089253, 37.110128, 84.553674, 51
61.147934, 23.796906, 90.775251, 52
49.983437, 10.800899, 50.509269, 53
33.566715, 39.195135, 43.313424, 54
46.769708, 27.412905, 91.470341, 55
26.525024, 17.942365, 58.389038, 56
32.854426, 32.214418, 75.970557, 57
65.201708, -11.360028, 100.357595, 58
35.718614, 27.192584, 94.828857, 59
41.124770, 18.885112, 73.572535, 60
72.579408, 4.906475, 55.063223, 61
45.798058, -12.013490, 91.960160, 62
25.238304, 28.621541, 47.141584, 63
33.132043, 52.839841, 99.436741, 64
33.829939, 21.541652, 71.230166, 65
13.965255, 38.718261, 102.272567, 66
29.738744, -6.495203, 78.867488, 67
63.093792, 49.358085, 80.607509, 68
52.116367, 7.008798, 52.180624, 69
35.610205, 38.785146, 84.165763, 70
66.567223, 33.296663, 102.172258, 71
10.295432, 1.026847, 103.258796, 72
59.640050, 16.916725, 76.260860, 73
64.166101, 40.700357, 73.481243, 74
52.267821, -3.537605, 108.122922, 75
12.162992, 1.079249, 91.221713, 76
71.820023, 21.469588, 97.826514, 77
39.352547, 6.495410, 91.565351, 78
77.344499, 49.263444, 42.954472, 79
18.190116, 6.805770, 94.839653, 80
59.740339, -4.694919, 72.516830, 81
50.577574, -3.747909, 86.643694, 82
42.501356, 46.543740, 47.940960, 83
76.146683, 32.641947, 101.741338, 84
38.292912, 6.841881, 111.303773, 85
35.080808, 9.656464, 56.763512, 86
14.967498, 3.408608, 91.333141, 87
70.178475, 33.412706, 110.928641, 88
50.408598, 32.689314, 104.572627, 89
50.747532, 41.531017, 55.758911, 90
34.252154, 23.203469, 64.164001, 91
64.153447, -4.286844, 73.516131, 92
39.462132, 28.866101, 64.440404, 93
44.787556, 26.944892, 110.182385, 94
35.193870, -12.830086, 61.404785, 95
35.162703, 12.902307, 84.161202, 96
49.310604, 18.521389, 100.669898, 97
29.308738, 10.632004, 78.463042, 98
28.902342, 51.692159, 55.532981, 99
22.139950, 24.371801, 110.164025, 100
35.283326, 49.275536, 77.748021, 101
56.831803, 35.361092, 86.561197, 102
19.012919, -3.244666, 59.807825, 103
40.837801, 32.194470, 99.852751, 104
39.685148, -10.679549, 100.122692, 105
58.474416, 15.134648, 57.405513, 106
31.300677, 55.096835, 89.026930, 107
20.635544, 6.337662, 44.039439, 108
56.483138, 25.891586, 108.831626, 109
69.400582, 38.683120, 77.583955, 110
68.229580, -4.101449, 71.240026, 111
34.642590, 43.381941, 50.981658, 112
9.868773, 53.046449, 60.837006, 113
27.061074, 15.816357, 106.131515, 114
15.578801, 46.153098, 108.551964, 115
73.085936, 26.559620, 68.067147, 116
19.156442, 48.511884, 67.544520, 117
65.567830, -8.920467, 86.982199, 118
66.991741, 38.214259, 57.254322, 119
64.488346, 29.546948, 109.037465, 120
30.737287, 19.708642, 49.316546, 121
59.361779, 45.002816, 105.798512, 122
67.727903, 45.523174, 103.225497, 123
17.229892, -5.483641, 63.422376, 124
12.026372, 0.746744, 53.956015, 125
77.962796, -4.235216, 93.615660, 126
34.694932, 5.572816, 86.508079, 127
