x coord, y coord, z coord, scalar
79.053894, 5.227199, 292.622984, 0
90.316823, -4.213108, 305.834232, 1
99.569607, 20.941642, 327.323801, 2
71.559803, -16.218786, 343.644053, 3
60.786689, -26.597159, 325.356614, 4
69.527112, -19.325797, 345.867374, 5
48.735405, -11.704349, 340.297276, 6
70.472849, 7.809514, 334.525532, 7
79.142041, 31.505841, 344.053253, 8
77.460244, 19.273231, 311.640556, 9
55.782962, -4.079065, 351.063747, 10
63.585242, -16.168458, 312.326326, 11
84.598780, -19.005040, 298.744649, 12
58.382376, 18.868055, 316.721701, 13
48.485877, -22.751271, 324.320146, 14
89.022089, 13.089058, 339.190400, 15
81.348977, 28.137739, 292.962269, 16
68.105705, -3.795658, 334.967789, 17
49.090873, -27.059743, 331.949848, 18
39.603958, 16.713744, 316.699243, 19
66.423778, -29.909515, 346.816146, 20
63.947147, -0.010979, 296.123747, 21
91.453167, -17.818402, 311.314535, 22
36.657666, 6.877260, 295.658890, 23
68.558662, 21.676471, 307.103342, 24
39.338820, 8.292364, 285.668702, 25
93.708460, -12.764867, 348.002299, 26
101.850012, 21.654077, 309.682923, 27
83.277374, -31.661199, 316.818879, 28
61.686892, -25.743953, 299.008843, 29
93.565429, 6.993122, 303.295212, 30
86.841180, -31.465939, 337.480073, 31
98.144283, 26.300523, 285.137936, 32
55.918653, 29.271472, 326.210981, 33
66.756863, -4.576082, 313.363518, 34
89.039477, 1.076030, 287.132386, 35
89.887478, -7.621710, 308.563291, 36
84.349517, -8.177891, 295.693664, 37
40.492228, -27.306692, 298.228239, 38
72.490431, 0.693476, 306.680039, 39
86.678652, -8.147295, 347.869108, 40
36.433668, -23.712280, 350.598982, 41
89.092969, -27.974214, 342.375765, 42
89.410189, -5.742287, 337.123526, 43
62.080956, 27.327850, 298.023700, 44
90.623974, 13.961125, 333.295546, 45
92.935650, 1.442409, 291.150106, 46
47.958762, -16.614221, 317.167661, 47
58.831988, -9.808720, 324.055574, 48
72.239329, 28.994954, 290.226873, 49
94.098731, 13.267405, 316.275374, 50
88.427560, 16.014361, 326.758874, 51
85.486243, 2.701135, 332.980469, 52
74.321741, -10.294867, 292.714402, 53
57.905020, 18.099372, 285.518596, 54
71.108027, 6.317136, 333.675580, 55
50.863331, -3.153395, 300.594138, 56
57.192741, 11.118657, 318.175707, 57
89.540009, -32.455798, 342.562829, 58
60.056936, 6.096822, 337.034139, 59
65.463093, -2.210658, 315.777536, 60
96.917712, -16.189291, 297.268395, 61
70.136343, -33.109267, 334.165427, 62
49.576609, 7.525779, 289.346741, 63
57.470351, 31.744078, 341.641957, 64
58.168258, 0.445891, 313.435202, 65
38.303563, 17.622502, 344.477795, 66
54.077008, -27.590955, 321.072430, 67
87.432099, 28.262320, 322.812708, 68
76.454671, -14.086968, 294.385756, 69
59.948518, 17.689384, 326.370958, 70
90.905530, 12.200896, 344.377481, 71
34.633732, -20.068906, 345.464073, 72
83.978359, -4.179048, 318.466015, 73
88.504408, 19.604592, 315.686431, 74
76.606121, -24.633376, 350.328227, 75
36.501289, -20.016496, 333.426959, 76
96.158329, 0.373820, 340.031735, 77
63.690895, -14.600500, 333.772344, 78
101.682803, 28.167680, 285.159663, 79
42.528418, -14.289965, 337.045011, 80
84.078639, -25.790693, 314.721975, 81
74.915863, -24.843702, 328.848900, 82
66.839661, 25.447976, 290.146138, 83
100.484989, 11.546181, 343.946554, 84
62.631216, -14.253885, 353.509161, 85
59.419113, -11.439300, 298.968585, 86
39.305795, -17.687130, 333.538411, 87
94.516780, 12.316940, 353.133866, 88
74.746907, 11.593548, 346.777875, 89
75.085838, 20.435253, 297.964085, 90
58.590465, 2.107707, 306.369089, 91
88.491748, -25.382616, 315.721293, 92
63.800442, 7.770337, 306.645530, 93
69.125865, 5.849126, 352.387663, 94
59.532166, -33.925850, 303.609889, 95
59.501180, -8.193449, 326.365800, 96
73.648918, -2.574384, 342.875221, 97
53.647078, -10.463711, 320.667516, 98
53.240648, 30.596397, 297.738163, 99
46.478258, 3.276043, 352.369308, 100
59.621634, 28.179773, 319.953212, 101
81.170113, 14.265325, 328.766400, 102
43.351218, -24.340424, 302.012934, 103
65.176114, 11.098705, 342.058010, 104
64.023434, -31.775319, 342.328051, 105
82.812721, -5.961120, 299.610657, 106
55.638985, 34.001073, 331.232135, 107
44.973847, -14.758099, 286.244586, 108
80.821446, 4.795819, 351.036880, 109
93.738889, 17.587354, 319.789149, 110
92.567882, -25.197219, 313.445196, 111
58.980896, 22.286179, 293.186831, 112
34.207078, 31.950687, 303.042195, 113
51.399385, -5.279399, 348.336899, 114
39.917108, 25.057337, 350.757188, 115
97.424242, 5.463853, 310.272330, 116
43.494749, 27.416123, 309.749705, 117
89.906130, -30.016239, 329.187403, 118
91.330046, 17.118494, 299.459503, 119
88.826652, 8.451182, 351.242698, 120
55.075592, -1.387120, 291.521680, 121
83.700086, 23.907051, 348.003733, 122
92.066209, 24.427409, 345.430713, 123
41.568190, -26.579399, 305.627488, 124
36.364674, -20.349016, 296.161158, 125
102.301099, -25.330985, 335.820872, 126
59.033236, -15.522942, 328.713273, 127
