x coord, y coord, z coord, scalar
77.985285, 4.584330, 302.056072, 0
89.248213, -4.855977, 315.267320, 1
98.500998, 20.298773, 336.756890, 2
70.491194, -16.861656, 353.077152, 3
59.718077, -27.240027, 334.789694, 4
68.458503, -19.968667, 355.300473, 5
47.666797, -12.347218, 349.730379, 6
69.404240, 7.166644, 343.958623, 7
78.073432, 30.862972, 353.486343, 8
76.391635, 18.630361, 321.073645, 9
54.714353, -4.721934, 360.496844, 10
62.516632, -16.811328, 321.759400, 11
83.530170, -19.647909, 308.177736, 12
57.313767, 18.225185, 326.154789, 13
47.417268, -23.394138, 333.753227, 14
87.953480, 12.446188, 348.623490, 15
80.280368, 27.494870, 302.395358, 16
67.037096, -4.438528, 344.400886, 17
48.022263, -27.702610, 341.382942, 18
38.535349, 16.070875, 326.132332, 19
65.355168, -30.552384, 356.249242, 20
62.878538, -0.653849, 305.556834, 21
90.384557, -18.461272, 320.747623, 22
35.589057, 6.234391, 305.091978, 23
67.490053, 21.033601, 316.536431, 24
38.270211, 7.649495, 295.101791, 25
92.639851, -13.407736, 357.435391, 26
100.781402, 21.011208, 319.116012, 27
82.208764, -32.304068, 326.251967, 28
60.618283, -26.386822, 308.441928, 29
92.496820, 6.350252, 312.728301, 30
85.772570, -32.108808, 346.913164, 31
97.075674, 25.657654, 294.571025, 32
54.850044, 28.628602, 335.644071, 33
65.688254, -5.218951, 322.796599, 34
87.970867, 0.433161, 296.565474, 35
88.818868, -8.264580, 317.996379, 36
83.280908, -8.820760, 305.126752, 37
39.423619, -27.949561, 307.661326, 38
71.421822, 0.050607, 316.113125, 39
85.610043, -8.790164, 357.302200, 40
35.365059, -24.355149, 360.032075, 41
88.024360, -28.617084, 351.808856, 42
88.341580, -6.385157, 346.556617, 43
61.012347, 26.684981, 307.456789, 44
89.555365, 13.318256, 342.728636, 45
91.867040, 0.799540, 300.583195, 46
46.890153, -17.257089, 326.600737, 47
57.763384, -10.451593, 333.488608, 48
71.170719, 28.352085, 299.659962, 49
93.030122, 12.624536, 325.708463, 50
87.358951, 15.371492, 336.191963, 51
84.417634, 2.058265, 342.413559, 52
73.253132, -10.937736, 302.147489, 53
56.836411, 17.456503, 294.951684, 54
70.039418, 5.674266, 343.108671, 55
49.794722, -3.796264, 310.027223, 56
56.124133, 10.475788, 327.608795, 57
88.471399, -33.098667, 351.995920, 58
58.988328, 5.453953, 346.467232, 59
64.394484, -2.853528, 325.210618, 60
95.849103, -16.832161, 306.701484, 61
69.067733, -33.752136, 343.598520, 62
48.508000, 6.882910, 298.779829, 63
56.401742, 31.101209, 351.075047, 64
57.099650, -0.196978, 322.868285, 65
37.234954, 16.979632, 353.910886, 66
53.008398, -28.233823, 330.505509, 67
86.363490, 27.619451, 332.245797, 68
75.386062, -14.729837, 303.818842, 69
58.879909, 17.046514, 335.804048, 70
89.836921, 11.558027, 353.810572, 71
33.565123, -20.711775, 354.897166, 72
82.909750, -4.821918, 327.899102, 73
87.435799, 18.961722, 325.119521, 74
75.537512, -25.276245, 359.761321, 75
35.432681, -20.659364, 342.860051, 76
95.089719, -0.269050, 349.464825, 77
62.622284, -15.243376, 343.205507, 78
100.614194, 27.524811, 294.592752, 79
41.459810, -14.932833, 346.478107, 80
83.010030, -26.433562, 324.155062, 81
73.847253, -25.486572, 338.281989, 82
65.771052, 24.805107, 299.579227, 83
99.416379, 10.903312, 353.379644, 84
61.562607, -14.896754, 362.942259, 85
58.350503, -12.082169, 308.401669, 86
38.237187, -18.329998, 342.971503, 87
93.448171, 11.674071, 362.566956, 88
73.678298, 10.950678, 356.210967, 89
74.017229, 19.792384, 307.397173, 90
57.521857, 1.464838, 315.802174, 91
87.423139, -26.025485, 325.154381, 92
62.731833, 7.127467, 316.078617, 93
68.057256, 5.206257, 361.820756, 94
58.463557, -34.568719, 313.042975, 95
58.432577, -8.836322, 335.798865, 96
72.580309, -3.217254, 352.308315, 97
52.578471, -11.106579, 330.100575, 98
52.172039, 29.953528, 307.171251, 99
45.409650, 2.633173, 361.802401, 100
58.553025, 27.536904, 329.386301, 101
80.101504, 13.622455, 338.199490, 102
42.282609, -24.983293, 311.446019, 103
64.107505, 10.455836, 351.491102, 104
62.954824, -32.418188, 351.761147, 105
81.744112, -6.603989, 309.043744, 106
54.570376, 33.358203, 340.665225, 107
43.905238, -15.400968, 295.677673, 108
79.752837, 4.152949, 360.469972, 109
92.670280, 16.944485, 329.222239, 110
91.499273, -25.840088, 322.878285, 111
57.912287, 21.643309, 302.619920, 112
33.138469, 31.307818, 312.475284, 113
50.330777, -5.922268, 357.769996, 114
38.848499, 24.414468, 360.190279, 115
96.355633, 4.820984, 319.705419, 116
42.426140, 26.773254, 319.182794, 117
88.837520, -30.659108, 338.620493, 118
90.261437, 16.475624, 308.892592, 119
87.758043, 7.808312, 360.675789, 120
54.006983, -2.029989, 300.954767, 121
82.631477, 23.264182, 357.436823, 122
90.997600, 23.784540, 354.863803, 123
40.499581, -27.222267, 315.060574, 124
35.296065, -20.991885, 305.594245, 125
101.232489, -25.973854, 345.253962, 126
57.964627, -16.165811, 338.146362, 127
