x coord, y coord, z coord, scalar
88.780503, 6.632094, 438.513439, 0
100.043431, -2.808214, 451.724688, 1
109.296216, 22.346536, 473.214282, 2
81.286411, -14.813895, 489.534688, 3
70.513280, -25.192266, 471.246938, 4
79.253719, -17.920905, 491.758008, 5
58.462015, -10.299448, 486.187974, 6
80.199460, 9.214407, 480.416037, 7
88.868650, 32.910735, 489.943743, 8
87.186853, 20.678125, 457.531022, 9
65.509572, -2.674169, 496.954334, 10
73.311850, -14.763566, 458.216556, 11
94.325388, -17.600146, 444.635094, 12
68.108985, 20.272949, 462.612164, 13
58.212478, -21.346366, 470.210493, 14
98.748698, 14.493952, 485.080892, 15
91.075586, 29.542634, 438.852739, 16
77.832319, -2.390768, 480.858385, 17
58.817474, -25.654842, 477.840395, 18
49.330568, 18.118639, 462.589711, 19
76.150384, -28.504621, 492.706724, 20
73.673756, 1.393915, 442.014178, 21
101.179775, -16.413509, 457.204991, 22
46.384274, 8.282156, 441.549346, 23
78.285271, 23.081365, 452.993805, 24
49.065429, 9.697259, 431.559163, 25
103.435069, -11.359973, 493.892805, 26
111.576620, 23.058972, 455.573398, 27
93.003980, -30.256306, 462.709332, 28
71.413499, -24.339059, 444.899253, 29
103.292038, 8.398016, 449.185677, 30
96.567787, -30.061046, 483.370573, 31
107.870892, 27.705418, 431.028409, 32
65.645263, 30.676367, 472.101462, 33
76.483474, -3.171189, 459.253862, 34
98.766085, 2.480925, 433.022847, 35
99.614086, -6.216817, 454.453744, 36
94.076126, -6.772997, 441.584113, 37
50.218835, -25.901796, 444.118677, 38
82.217041, 2.098370, 452.570462, 39
96.405261, -6.742402, 493.759626, 40
46.160275, -22.307384, 496.489513, 41
98.819577, -26.569321, 488.266271, 42
99.136798, -4.337395, 483.014026, 43
71.807564, 28.732745, 443.914167, 44
100.350583, 15.366019, 479.186033, 45
102.662258, 2.847303, 437.040570, 46
57.685369, -15.209319, 463.057930, 47
68.558630, -8.403824, 469.945174, 48
81.965937, 30.399849, 436.117342, 49
103.825339, 14.672299, 462.165847, 50
98.154169, 17.419255, 472.649354, 51
95.212853, 4.106028, 478.870961, 52
84.048349, -8.889973, 438.604840, 53
67.631629, 19.504267, 431.409058, 54
80.834638, 7.722029, 479.566085, 55
60.589940, -1.748499, 446.484553, 56
66.919352, 12.523552, 464.066155, 57
99.266616, -31.050904, 488.453331, 58
69.783548, 7.501717, 482.924672, 59
75.189705, -0.805765, 461.667889, 60
106.644320, -14.784397, 443.158857, 61
79.862947, -31.704375, 480.055951, 62
59.303218, 8.930674, 435.237194, 63
67.196960, 33.148973, 487.532447, 64
67.894870, 1.850787, 459.325577, 65
48.030172, 19.027397, 490.368293, 66
63.803608, -26.186057, 466.962744, 67
97.158707, 29.667215, 468.703187, 68
86.181279, -12.682074, 440.276192, 69
69.675128, 19.094279, 472.261435, 70
100.632139, 13.605790, 490.267976, 71
44.360340, -18.664009, 491.354603, 72
93.704968, -2.774156, 464.356466, 73
98.231017, 21.009486, 461.576904, 74
86.332729, -23.228483, 496.218774, 75
46.227897, -18.611596, 479.317469, 76
105.884937, 1.778713, 485.922229, 77
73.417510, -13.195639, 479.663977, 78
111.409411, 29.572575, 431.050137, 79
52.255027, -12.885064, 482.935593, 80
93.805247, -24.385800, 460.612419, 81
84.642468, -23.438813, 474.739383, 82
76.566270, 26.852871, 436.036604, 83
110.211597, 12.951075, 489.837044, 84
72.357825, -12.848990, 499.399763, 85
69.145721, -10.034405, 444.858983, 86
49.032403, -16.282230, 479.428936, 87
104.243389, 13.721835, 499.024362, 88
84.473517, 12.998442, 492.668386, 89
84.812447, 21.840148, 443.854548, 90
68.317075, 3.512602, 452.259498, 91
98.218356, -23.977723, 461.611750, 92
73.527052, 9.175231, 452.535963, 93
78.852475, 7.254021, 498.278193, 94
69.258773, -32.520955, 449.500308, 95
69.227827, -6.788556, 472.255893, 96
83.375529, -1.169492, 488.765779, 97
63.373696, -9.058806, 466.557529, 98
62.967256, 32.001292, 443.628631, 99
56.204868, 4.680938, 498.259841, 100
69.348244, 29.584668, 465.843687, 101
90.896723, 15.670218, 474.656883, 102
53.077826, -22.935528, 447.903355, 103
74.902725, 12.503599, 487.948528, 104
73.750039, -30.370426, 488.218633, 105
92.539330, -4.556226, 445.501101, 106
65.365594, 35.405968, 477.122619, 107
54.700455, -13.353204, 432.135032, 108
90.548055, 6.200712, 496.927395, 109
103.465498, 18.992248, 465.679625, 110
102.294490, -23.792325, 459.335657, 111
68.707505, 23.691073, 439.077294, 112
43.933687, 33.355583, 448.932668, 113
61.125995, -3.874502, 494.227497, 114
49.643717, 26.462232, 496.647684, 115
107.150850, 6.868747, 456.162799, 116
53.221358, 28.821018, 455.640175, 117
99.632737, -28.611346, 475.077886, 118
101.056655, 18.523388, 445.349972, 119
98.553261, 9.856076, 497.133200, 120
64.802201, 0.017775, 437.412118, 121
93.426695, 25.311946, 493.894226, 122
101.792817, 25.832304, 491.321203, 123
51.294798, -25.174502, 451.517911, 124
46.091282, -18.944120, 442.051601, 125
112.027706, -23.926091, 481.711360, 126
68.759844, -14.118045, 474.603749, 127
