x coord, y coord, z coord, scalar
165.230644, 32.937067, 100.391713, 0
165.390296, 59.671847, 135.755506, 1
195.134612, 55.753219, 106.000952, 2
167.292631, 16.471553, 108.953541, 3
176.711500, 57.679228, 115.233381, 4
164.035014, 34.381973, 144.565545, 5
206.042572, 36.527238, 132.764899, 6
162.898441, 30.971924, 127.444692, 7
168.504678, 0.151806, 122.585397, 8
175.537179, 0.575277, 105.713522, 9
200.102328, 12.811981, 140.672841, 10200.494310, 25.208283, 133.647149, 11167.530282, -1.370426, 122.702472, 12173.531462, 12.928316, 141.196246, 13182.486294, 36.646549, 132.187260, 14197.718931, 47.686948, 168.581647, 15173.564579, 32.016241, 138.412479, 16206.329370, 41.920642, 102.685188, 17165.054682, 57.431448, 104.858974, 18187.640098, 11.255236, 107.456006, 19193.353812, 58.363669, 122.290061, 20165.306915, 37.144664, 149.520878, 21198.953793, 51.681008, 150.172251, 22221.656284, 3.499123, 165.122220, 23194.132759, 32.990291, 135.072269, 24157.590866, 8.996068, 116.059696, 25157.452825, 29.566754, 150.098042, 26195.863929, 14.182676, 125.320722, 27198.549393, 26.243416, 116.054084, 28203.408573, 60.889651, 129.331892, 29210.864858, 32.530013, 120.997816, 30164.435598, 44.843056, 160.164777, 31213.956057, 22.083407, 145.148144, 32195.408508, 22.026306, 150.669538, 33191.811209, 63.165166, 116.961802, 34158.162109, -0.957333, 127.979899, 35174.221899, 3.501575, 159.568702, 36155.600250, 46.371649, 107.053507, 37180.920962, 23.207721, 135.320377, 38196.975856, 4.902804, 129.511114, 39157.588303, 62.773766, 164.063172, 40178.586263, 5.495967, 142.208717, 41170.031351, 66.458115, 166.313982, 42215.179325, 40.153220, 121.642503, 43197.128816, 10.251025, 118.109986, 44214.090779, 15.419229, 119.174662, 45173.351256, 36.647396, 124.697192, 46164.200273, 39.253588, 104.371990, 47171.253910, -1.538679, 129.601846, 48206.572971, 42.443240, 136.526760, 49167.364622, 47.037712, 132.602852, 50162.708153, 3.910576, 140.120690, 51204.916675, 20.947957, 139.881403, 52202.511055, 14.413902, 113.336564, 53155.434211, 58.548865, 125.609722, 54173.544429, 50.926272, 143.051281, 55192.719128, 2.564065, 113.000406, 56217.417365, 13.770413, 154.276153, 57153.070175, 32.030453, 154.759416, 58182.671906, 16.890012, 130.505008, 59219.198569, 31.260654, 110.844908, 60183.081894, 40.974940, 116.775919, 61154.482947, 24.178254, 139.747519, 62194.364076, 4.975907, 156.183404, 63207.700880, 7.416184, 148.034627, 64164.591142, 27.966739, 132.263274, 65207.642037, -1.027579, 136.849177, 66220.642613, 63.395879, 152.641529, 67206.199172, 63.472137, 117.974232, 68192.238815, 24.430678, 136.887457, 69154.024386, 21.915958, 101.449161, 70164.869443, 52.003884, 144.446352, 71181.646938, 53.492906, 101.926497, 72221.394312, 26.143587, 108.924485, 73208.858034, 12.131084, 118.362569, 74188.173026, 23.728336, 148.352142, 75220.436206, 9.656996, 149.345684, 76188.565833, 8.586217, 146.044180, 77172.487855, 61.791474, 142.818630, 78190.462143, 32.316986, 100.551196, 79158.628877, 33.347508, 124.489395, 80160.078189, 45.222996, 109.795584, 81204.524302, 5.156505, 165.310740, 82206.451072, 4.837419, 124.756587, 83215.375692, 60.701555, 138.909690, 84165.018889, 27.161241, 164.660115, 85213.370150, 25.884036, 107.619121, 86193.996295, 61.455991, 118.227277, 87171.320671, 12.230455, 113.321052, 88214.139175, 49.698654, 147.660355, 89214.690840, 55.333619, 114.310000, 90170.460873, 62.417903, 161.555130, 91180.256672, 45.228819, 100.013535, 92176.847779, 29.966528, 106.872571, 93201.604405, 23.628790, 100.876939, 94171.794590, 35.653947, 130.060386, 95167.734955, 27.310555, 157.966653, 96175.354250, -0.406578, 152.724881, 97193.581683, 17.920193, 166.977319, 98206.902989, 10.345958, 149.978341, 99185.843699, 3.323407, 138.614357, 10200.153779, 20.790302, 134.334782, 10192.989349, 48.053088, 112.865253, 10193.003200, 3.187493, 144.854361, 10199.876469, 51.797987, 101.785183, 10200.753666, 1.879156, 139.461192, 10162.094560, 16.620221, 100.073881, 10220.060881, 38.980550, 101.689257, 10204.066113, 10.848838, 121.631359, 10202.323752, 64.757934, 133.999392, 10183.582308, 28.888311, 139.348290, 11153.477163, 7.328718, 162.157021, 11187.811765, 47.324103, 143.513216, 11200.677474, 18.613923, 148.722196, 11176.812233, 65.496494, 133.822310, 11178.597723, 44.536836, 137.724333, 11218.058728, 53.637423, 156.365552, 11218.132792, 51.984902, 128.648414, 11219.822161, 34.337643, 141.519283, 11172.734118, 14.948030, 139.579856, 11206.733509, 45.536500, 101.770025, 12177.358706, 46.019782, 111.120263, 12170.796102, 12.118091, 160.467092, 12214.308559, 59.801651, 112.383151, 12194.310884, 14.900465, 111.181778, 12159.413690, 40.504202, 157.741050, 12197.137021, 36.849470, 144.681552, 12184.782946, 33.268958, 129.967169, 12