x coord, y coord, z coord, scalar
68.264429, 20.092003, 191.277834, 0
79.527357, 10.651698, 204.489081, 1
88.780142, 35.806446, 225.978632, 2
60.770338, -1.353975, 242.298780, 3
49.997256, -11.732341, 224.011553, 4
58.737649, -4.460988, 244.522101, 5
37.945940, 3.160440, 238.951960, 6
59.683378, 22.674318, 233.180347, 7
68.352576, 46.370644, 242.708079, 8
66.670778, 34.138034, 210.295398, 9
44.993496, 10.785737, 249.718507, 10
52.795778, -1.303651, 210.981328, 11
73.809316, -4.140235, 197.399505, 12
47.592909, 33.732857, 215.376544, 13
37.696433, -7.886484, 222.975068, 14
78.232624, 27.953862, 237.845224, 15
70.559512, 43.002542, 191.617108, 16
57.316225, 11.069152, 233.622543, 17
38.301427, -12.194948, 230.604634, 18
28.814492, 31.578545, 215.354084, 19
55.634318, -15.044708, 245.470912, 20
53.157681, 14.853824, 194.778613, 21
80.663702, -2.953596, 209.969384, 22
25.868201, 21.742062, 194.313739, 23
57.769196, 36.541274, 205.758186, 24
28.549356, 23.157166, 184.323548, 25
82.918996, 2.099939, 246.657115, 26
91.060547, 36.518881, 208.337758, 27
72.487911, -16.796391, 215.473730, 28
50.897430, -10.879149, 197.663723, 29
82.775964, 21.857926, 201.950055, 30
76.051717, -16.601132, 236.134892, 31
87.354819, 41.165327, 183.792773, 32
45.129187, 44.136274, 224.865814, 33
55.967392, 10.288724, 212.018442, 34
78.250012, 15.940834, 185.787230, 35
79.098012, 7.243095, 207.218141, 36
73.560053, 6.686914, 194.348517, 37
29.702766, -12.441890, 196.883099, 38
61.700964, 15.558281, 205.334909, 39
75.889187, 6.717511, 246.523914, 40
25.644206, -8.847480, 249.253780, 41
78.303506, -13.109408, 241.030580, 42
78.620723, 9.122519, 235.778345, 43
51.291491, 42.192653, 196.678542, 44
79.834508, 28.825930, 231.950374, 45
82.146185, 16.307213, 189.804950, 46
37.169303, -1.749430, 215.822636, 47
48.042457, 5.056061, 222.711003, 48
61.449864, 43.859757, 188.881713, 49
83.309265, 28.132210, 214.930211, 50
77.638094, 30.879166, 225.413706, 51
74.696776, 17.565941, 231.635293, 52
63.532277, 4.569937, 191.369263, 53
47.115555, 32.964175, 184.173440, 54
60.318556, 21.181941, 232.330395, 55
40.073866, 11.711407, 199.249013, 56
46.403273, 25.983458, 216.830561, 57
78.750546, -17.590991, 241.217647, 58
49.267464, 20.961623, 235.688936, 59
54.673620, 12.654147, 214.432455, 60
86.128248, -1.324487, 195.923240, 61
59.346886, -18.244456, 232.820230, 62
38.787144, 22.390581, 188.001592, 63
46.680885, 46.608881, 240.296782, 64
47.378788, 15.310692, 212.090106, 65
27.514097, 32.487303, 243.132615, 66
43.287563, -12.726154, 219.727375, 67
76.642633, 43.127124, 221.467540, 68
65.665207, 0.777836, 193.040617, 69
49.159050, 32.554186, 225.025792, 70
80.116064, 27.065700, 243.032303, 71
23.844271, -5.204107, 244.118872, 72
73.188892, 10.685759, 217.120867, 73
77.714942, 34.469396, 214.341269, 74
65.816658, -9.768569, 248.983014, 75
25.711830, -5.151700, 232.081771, 76
85.368863, 15.238625, 238.686558, 77
52.901400, 0.264365, 232.426395, 78
90.893339, 43.032484, 183.814499, 79
31.738957, 0.574826, 235.699774, 80
73.289176, -10.925885, 213.376831, 81
64.126403, -9.978885, 227.503729, 82
56.050196, 40.312779, 188.800980, 83
89.695524, 26.410985, 242.601379, 84
51.841752, 0.610919, 252.163911, 85
48.629648, 3.425503, 197.623472, 86
28.516336, -2.822338, 232.193213, 87
83.727315, 27.181744, 251.788687, 88
63.957440, 26.458352, 245.432686, 89
64.296373, 35.300056, 196.618928, 90
47.800998, 16.972509, 205.023970, 91
77.702285, -10.517809, 214.376142, 92
53.010975, 22.635140, 205.300395, 93
58.336398, 20.713930, 251.042461, 94
48.742706, -19.061046, 202.264763, 95
48.711639, 6.671338, 225.020894, 96
62.859449, 12.290423, 241.529999, 97
42.857602, 4.401068, 219.322664, 98
42.451183, 45.461199, 196.393003, 99
35.688793, 18.140843, 251.024104, 100
48.832168, 43.044575, 218.608048, 101
70.380646, 29.130129, 227.421231, 102
32.561756, -9.475623, 200.667806, 103
54.386646, 25.963508, 240.712817, 104
53.233977, -16.910512, 240.982814, 105
72.023256, 8.903685, 198.265513, 106
44.849519, 48.865875, 229.886965, 107
34.184384, 0.106703, 184.899441, 108
70.031980, 19.660623, 249.691688, 109
82.949423, 32.452158, 218.443984, 110
81.778419, -10.332412, 212.100041, 111
48.191432, 37.150981, 191.841675, 112
23.417614, 46.815490, 201.697032, 113
40.609919, 9.585401, 246.991651, 114
29.127643, 39.922139, 249.412010, 115
86.634777, 20.328658, 208.927170, 116
32.705284, 42.280925, 208.404544, 117
79.116667, -15.151432, 227.842233, 118
80.540581, 31.983297, 198.114344, 119
78.037187, 23.315986, 249.897516, 120
44.286128, 13.477682, 190.176541, 121
72.910621, 38.771855, 246.658556, 122
81.276744, 39.292213, 244.085538, 123
30.778729, -11.714598, 204.282358, 124
25.575211, -5.484214, 194.816015, 125
91.511635, -10.466179, 234.475699, 126
48.243772, -0.658141, 227.368108, 127
