x coord, y coord, z coord, scalar
100.965797, -13.853926, 788.465556, 0
112.228725, -23.294236, 801.676808, 1
121.481510, 1.860516, 823.166466, 2
93.471703, -35.299928, 839.487249, 3
82.698511, -45.678296, 821.198732, 4
91.439008, -38.406934, 841.710566, 5
70.647315, -30.785444, 836.140691, 6
92.384763, -11.271616, 830.368280, 7
101.053945, 12.424717, 839.895947, 8
99.372149, 0.192105, 807.483167, 9
77.694870, -23.160185, 846.906776, 10
85.497141, -35.249592, 808.168121, 11
106.510679, -38.086167, 794.587189, 12
80.294284, -0.213068, 812.564303, 13
70.397743, -41.832347, 820.162346, 14
110.933994, -5.992069, 835.033103, 15
103.260879, 9.056615, 788.804895, 16
90.017637, -22.876804, 830.810851, 17
71.002738, -46.140837, 827.792740, 18
61.515864, -2.367376, 812.541860, 19
88.335667, -48.990644, 842.659145, 20
85.859050, -19.092103, 791.966238, 21
113.365067, -36.899532, 807.157112, 22
58.569568, -12.203860, 791.501467, 23
90.470567, 2.595347, 802.945944, 24
61.250722, -10.788757, 781.511294, 25
115.620361, -31.845996, 843.845047, 26
123.761914, 2.572952, 805.525567, 27
105.189268, -50.742330, 812.661446, 28
83.598789, -44.825077, 794.851262, 29
115.477332, -12.088005, 799.137821, 30
108.753075, -50.547070, 833.322803, 31
120.056185, 7.219399, 780.980573, 32
77.830559, 10.190349, 822.053642, 33
88.668778, -23.657214, 809.205709, 34
110.951378, -18.005095, 782.974983, 35
111.799380, -26.702840, 804.405859, 36
106.261419, -27.259018, 791.536217, 37
62.404125, -46.387811, 794.070756, 38
94.402338, -18.387652, 802.522502, 39
108.590555, -27.228425, 843.711898, 40
58.345565, -42.793396, 846.441817, 41
111.004867, -47.055345, 838.218514, 42
111.322092, -24.823420, 832.966255, 43
83.992859, 8.246727, 793.866313, 44
112.535879, -5.120002, 829.138228, 45
114.847551, -17.638716, 786.992709, 46
69.870658, -35.695314, 813.009593, 47
80.744048, -28.889834, 819.895193, 48
94.151231, 9.913831, 786.069494, 49
116.010634, -5.813721, 812.118010, 50
110.339465, -3.066766, 822.601535, 51
107.398150, -16.379997, 828.823169, 52
96.233642, -29.375993, 788.556916, 53
79.816922, -0.981751, 781.361194, 54
93.019942, -12.763995, 829.518326, 55
72.775235, -22.234515, 796.436575, 56
79.104654, -7.962465, 814.018258, 57
111.451905, -51.536927, 838.405565, 58
81.968856, -12.984301, 832.876982, 59
87.375013, -21.291790, 811.619756, 60
118.829612, -35.270418, 793.110993, 61
92.048223, -52.190403, 830.008239, 62
71.488512, -11.555343, 785.189307, 63
79.382255, 12.662956, 837.484653, 64
80.080175, -18.635230, 809.277499, 65
60.215468, -1.458618, 840.320518, 66
75.988868, -46.672063, 816.914517, 67
109.344002, 9.181195, 818.655364, 68
98.366571, -33.168094, 790.228265, 69
81.860428, -1.391739, 822.213609, 70
112.817433, -6.880231, 840.220193, 71
56.545630, -39.150019, 841.306904, 72
105.890265, -23.260182, 814.308575, 73
110.416312, 0.523466, 811.529067, 74
98.518018, -43.714507, 846.171120, 75
58.413185, -39.097599, 829.269722, 76
118.070231, -18.707309, 835.874443, 77
85.602831, -33.681779, 829.618989, 78
123.594704, 9.086556, 781.002303, 79
64.440320, -33.371059, 832.888022, 80
105.990536, -44.871826, 810.564512, 81
96.827748, -43.924854, 824.691573, 82
88.751564, 6.366853, 785.988750, 83
122.396891, -7.534945, 839.789250, 84
84.543117, -33.335010, 849.352241, 85
81.331014, -30.520423, 794.810964, 86
61.217692, -36.768227, 829.381227, 87
116.428683, -6.764185, 848.976581, 88
96.658814, -7.487579, 842.620643, 89
96.997741, 1.354129, 793.806687, 90
80.502374, -16.973415, 802.211503, 91
110.403646, -44.463748, 811.563871, 92
85.712350, -11.310788, 802.488028, 93
91.037772, -13.231999, 848.230497, 94
81.444060, -53.006973, 799.452338, 95
81.413260, -27.274578, 822.207123, 96
95.560829, -21.655519, 838.718153, 97
75.559021, -29.544786, 816.508563, 98
75.152551, 11.515274, 793.580783, 99
68.390164, -15.805076, 848.212153, 100
81.533540, 9.098650, 815.795854, 101
103.082020, -4.815803, 824.609068, 102
65.263115, -43.421542, 797.855391, 103
87.088025, -7.982420, 837.900802, 104
85.935317, -50.856448, 838.171064, 105
104.724624, -25.042247, 795.453193, 106
77.550889, 14.919950, 827.074808, 107
66.885747, -33.839220, 782.087129, 108
102.733350, -14.285309, 846.879661, 109
115.650792, -1.493772, 815.631796, 110
114.479781, -44.278348, 809.287791, 111
80.892800, 3.205056, 789.029432, 112
56.118981, 12.869566, 798.884830, 113
73.311294, -24.360515, 844.179967, 114
61.829011, 5.976216, 846.599902, 115
119.336144, -13.617274, 806.114952, 116
65.406653, 8.335002, 805.592331, 117
111.818026, -49.097371, 825.030074, 118
113.241949, -1.962632, 795.302123, 119
110.738556, -10.629945, 847.085433, 120
76.987495, -20.468242, 787.364194, 121
105.611990, 4.825926, 843.846440, 122
113.978112, 5.346284, 841.273407, 123
63.480086, -45.660515, 801.469951, 124
58.276573, -39.430135, 792.003691, 125
124.212998, -44.412113, 831.663560, 126
80.945137, -34.604059, 824.555920, 127
