x coord, y coord, z coord, scalar
70.505578, 22.705710, 106.178724, 0
81.768507, 13.265406, 119.389970, 1
91.021291, 38.420153, 140.879507, 2
63.011490, 1.259738, 157.199571, 3
52.238432, -9.118643, 138.912515, 4
60.978802, -1.847278, 159.422893, 5
40.187081, 5.774139, 153.852716, 6
61.924524, 25.288029, 148.081209, 7
70.593724, 48.984351, 157.608949, 8
68.911926, 36.751742, 125.196282, 9
47.234642, 13.399443, 164.619325, 10
55.036929, 1.310058, 125.882341, 11
76.050466, -1.526527, 112.300400, 12
49.834055, 36.346564, 130.277429, 13
39.937585, -5.272798, 137.876016, 14
80.473772, 30.567571, 152.746093, 15
72.800661, 45.616249, 106.517990, 16
59.557367, 13.682871, 148.523355, 17
40.542583, -9.581257, 145.505473, 18
31.055639, 34.192251, 130.254967, 19
57.875472, -12.431001, 160.371734, 20
55.398829, 17.467531, 109.679515, 21
82.904853, -0.339888, 124.870273, 22
28.109349, 24.355768, 109.214628, 23
60.010344, 39.154981, 120.659071, 24
30.790504, 25.770872, 99.224435, 25
85.160146, 4.713647, 161.557977, 26
93.301696, 39.132588, 123.238636, 27
74.729063, -14.182683, 130.374620, 28
53.138580, -8.265443, 112.564637, 29
85.017113, 24.471633, 116.850939, 30
78.292869, -13.987423, 151.035756, 31
89.595968, 43.779033, 98.693652, 32
47.370334, 46.749981, 139.766690, 33
58.208538, 12.902436, 126.919392, 34
80.491161, 18.554541, 100.688116, 35
81.339162, 9.856804, 122.119031, 36
75.801202, 9.300621, 109.249410, 37
31.943915, -9.828186, 111.783998, 38
63.942112, 18.171990, 120.235816, 39
78.130337, 9.331220, 161.424770, 40
27.885355, -6.233776, 164.154629, 41
80.544657, -10.495699, 155.931441, 42
80.861872, 11.736229, 150.679210, 43
53.532638, 44.806360, 111.579425, 44
82.075657, 31.439638, 146.851247, 45
84.387334, 18.920920, 104.705835, 46
39.410448, 0.864266, 130.723627, 47
50.283555, 7.669790, 137.612360, 48
63.691012, 46.473464, 103.782595, 49
85.550414, 30.745918, 129.831091, 50
79.879243, 33.492874, 140.314582, 51
76.937925, 20.179651, 146.536163, 52
65.773426, 7.183644, 106.270162, 53
49.356704, 35.577881, 99.074326, 54
62.559701, 23.795652, 147.231257, 55
42.315013, 14.325113, 114.149925, 56
48.644417, 28.597166, 131.731454, 57
80.991697, -14.977284, 156.118510, 58
51.508607, 23.575333, 150.589782, 59
56.914764, 15.267859, 129.333401, 60
88.369397, 1.289221, 110.824125, 61
61.588043, -15.630749, 147.721082, 62
41.028292, 25.004288, 102.902483, 63
48.922033, 49.222588, 155.197652, 64
49.619931, 17.924401, 126.991039, 65
29.755244, 35.101009, 158.033481, 66
45.528722, -10.112459, 134.628341, 67
78.883782, 45.740831, 136.368417, 68
67.906356, 3.391544, 107.941517, 69
51.400196, 35.167894, 139.926670, 70
82.357213, 29.679408, 157.933171, 71
26.085419, -2.590404, 159.019721, 72
75.430041, 13.299470, 132.021758, 73
79.956091, 37.083103, 129.242148, 74
68.057810, -7.154861, 163.883853, 75
27.952977, -2.538001, 146.982631, 76
87.610012, 17.852333, 153.587426, 77
55.142563, 2.878126, 147.326641, 78
93.134487, 45.646190, 98.715378, 79
33.980101, 3.188523, 150.600595, 80
75.530328, -8.312176, 128.277726, 81
66.367562, -7.365172, 142.404603, 82
58.291345, 42.926486, 103.701863, 83
91.936672, 29.024693, 157.502249, 84
54.082901, 3.224626, 167.064721, 85
50.870797, 6.039210, 112.524392, 86
30.757482, -0.208640, 147.094064, 87
85.968464, 29.795452, 166.689554, 88
66.198588, 29.072060, 160.333545, 89
66.537521, 37.913763, 111.519813, 90
50.042144, 19.586217, 119.924885, 91
79.943436, -7.904100, 129.277030, 92
55.252122, 25.248848, 120.201296, 93
60.577546, 23.327638, 165.943310, 94
50.983857, -16.447340, 117.165672, 95
50.952733, 9.285076, 139.921981, 96
65.100596, 14.904134, 156.430832, 97
45.098730, 7.014766, 134.223795, 98
44.692331, 48.074906, 111.293885, 99
37.929939, 20.754549, 165.924951, 100
51.073316, 45.658282, 133.508927, 101
72.621794, 31.743838, 142.322106, 102
34.802906, -6.861919, 115.568713, 103
56.627792, 28.577217, 155.613672, 104
55.475133, -14.296807, 155.883634, 105
74.264406, 11.517393, 113.166409, 106
47.090667, 51.479582, 144.787839, 107
36.425532, 2.720409, 99.800336, 108
72.273128, 22.274332, 164.592545, 109
85.190572, 35.065866, 133.344862, 110
84.019569, -7.718704, 127.000927, 111
50.432580, 39.764688, 106.742560, 112
25.658762, 49.429196, 116.597912, 113
42.851064, 12.199106, 161.892462, 114
31.368790, 42.535845, 164.312877, 115
88.875926, 22.942366, 123.828051, 116
34.946431, 44.894631, 123.305425, 117
81.357819, -12.537723, 142.743107, 118
82.781730, 34.597005, 113.015226, 119
80.278335, 25.929694, 164.798380, 120
46.527276, 16.091389, 105.077439, 121
75.151769, 41.385562, 161.559424, 122
83.517892, 41.905920, 158.986409, 123
33.019879, -9.100894, 119.183265, 124
27.816360, -2.870509, 109.716911, 125
93.752785, -7.852471, 149.376570, 126
50.484920, 1.955564, 142.268986, 127
