x coord, y coord, z coord, scalar
76.076522, 4.695876, 321.378091, 0
87.339450, -4.744431, 334.589339, 1
96.592235, 20.410318, 356.078912, 2
68.582430, -16.750110, 372.399194, 3
57.809309, -27.128477, 354.111695, 4
66.549739, -19.857121, 374.622515, 5
45.758036, -12.235671, 369.052430, 6
67.495477, 7.278189, 363.280648, 7
76.164670, 30.974517, 372.808367, 8
74.482872, 18.741907, 340.395665, 9
52.805591, -4.610388, 379.818880, 10
60.607869, -16.699782, 341.081389, 11
81.621407, -19.536363, 327.499754, 12
55.405004, 18.336731, 345.476809, 13
45.508506, -23.282588, 353.075231, 14
86.044718, 12.557734, 367.945514, 15
78.371605, 27.606416, 321.717379, 16
65.128334, -4.326985, 363.722923, 17
46.113500, -27.591061, 360.704972, 18
36.626587, 16.182420, 345.454352, 19
63.446405, -30.440837, 375.571276, 20
60.969775, -0.542303, 324.878849, 21
88.475794, -18.349726, 340.069642, 22
33.680294, 6.345937, 324.413997, 23
65.581290, 21.145147, 335.858450, 24
36.361448, 7.761041, 314.423810, 25
90.731088, -13.296191, 376.757416, 26
98.872640, 21.122754, 338.438033, 27
80.300000, -32.192522, 345.573985, 28
58.709520, -26.275276, 327.763941, 29
90.588057, 6.461798, 332.050321, 30
83.863807, -31.997262, 366.235189, 31
95.166912, 25.769200, 313.893046, 32
52.941282, 28.740148, 354.966093, 33
63.779491, -5.107407, 342.118603, 34
86.062105, 0.544707, 315.887493, 35
86.910105, -8.153034, 337.318397, 36
81.372145, -8.709215, 324.448769, 37
37.514856, -27.838015, 326.983342, 38
69.513059, 0.162152, 335.435139, 39
83.701280, -8.678619, 376.624227, 40
33.456296, -24.243603, 379.354104, 41
86.115597, -28.505538, 371.130881, 42
86.432817, -6.273611, 365.878641, 43
59.103584, 26.796527, 326.778809, 44
87.646602, 13.429802, 362.050659, 45
89.958278, 0.911086, 319.905215, 46
44.981392, -17.145541, 345.922731, 47
55.854630, -10.340055, 352.810514, 48
69.261957, 28.463631, 318.981982, 49
91.121359, 12.736082, 345.030484, 50
85.450189, 15.483037, 355.513985, 51
82.508871, 2.169810, 361.735583, 52
71.344369, -10.826190, 321.469505, 53
54.927648, 17.568049, 314.273704, 54
68.130655, 5.785811, 362.430696, 55
47.885959, -3.684718, 329.349236, 56
54.215371, 10.587333, 346.930812, 57
86.562636, -32.987121, 371.317945, 58
57.079566, 5.565498, 365.789261, 59
62.485722, -2.741983, 344.532623, 60
93.940340, -16.720615, 326.023503, 61
67.158968, -33.640590, 362.920547, 62
46.599237, 6.994456, 318.101847, 63
54.492979, 31.212755, 370.397070, 64
55.190888, -0.085433, 342.190293, 65
35.326192, 17.091178, 373.232910, 66
51.099634, -28.122274, 349.827509, 67
84.454727, 27.730997, 351.567819, 68
73.477299, -14.618291, 323.140859, 69
56.971147, 17.158060, 355.126069, 70
87.928158, 11.669572, 373.132595, 71
31.656361, -20.600228, 374.219194, 72
81.000987, -4.710372, 347.221120, 73
85.527036, 19.073268, 344.441542, 74
73.628749, -25.164699, 379.083351, 75
33.523919, -20.547817, 362.182076, 76
93.180956, -0.157504, 368.786849, 77
60.713515, -15.131839, 362.527681, 78
98.705431, 27.636357, 313.914773, 79
39.551048, -14.821286, 365.800142, 80
81.101266, -26.322016, 343.477079, 81
71.938488, -25.375026, 357.604012, 82
63.862289, 24.916653, 318.901247, 83
97.507617, 11.014857, 372.701667, 84
59.653844, -14.785208, 382.264296, 85
56.441741, -11.970623, 327.723680, 86
36.328425, -18.218451, 362.293531, 87
91.539408, 11.785617, 381.888980, 88
71.769536, 11.062224, 375.532993, 89
72.108466, 19.903929, 326.719193, 90
55.613094, 1.576383, 335.124187, 91
85.514376, -25.913940, 344.476400, 92
60.823071, 7.239013, 335.400633, 93
66.148494, 5.317802, 381.142784, 94
56.554794, -34.457172, 332.364989, 95
56.523822, -8.724786, 355.120836, 96
70.671546, -3.105709, 371.630347, 97
50.669713, -10.995033, 349.422536, 98
50.263276, 30.065074, 326.493272, 99
43.500887, 2.744719, 381.124430, 100
56.644263, 27.648449, 348.708323, 101
78.192741, 13.734001, 357.521512, 102
40.373846, -24.871747, 330.768034, 103
62.198743, 10.567381, 370.813129, 104
61.046061, -32.306642, 371.083182, 105
79.835349, -6.492443, 328.365761, 106
52.661613, 33.469749, 359.987247, 107
41.996475, -15.289422, 314.999691, 108
77.844074, 4.264495, 379.791998, 109
90.761517, 17.056031, 348.544260, 110
89.590510, -25.728542, 342.200304, 111
56.003525, 21.754855, 321.941939, 112
31.229707, 31.419364, 331.797305, 113
48.422015, -5.810722, 377.092033, 114
36.939736, 24.526014, 379.512303, 115
94.446870, 4.932530, 339.027439, 116
40.517378, 26.884800, 338.504814, 117
86.928757, -30.547563, 357.942515, 118
88.352674, 16.587170, 328.214613, 119
85.849280, 7.919858, 379.997814, 120
52.098221, -1.918443, 320.276783, 121
80.722714, 23.375728, 376.758847, 122
89.088837, 23.896086, 374.185826, 123
38.590819, -27.110721, 334.382588, 124
33.387302, -20.880339, 324.916262, 125
99.323726, -25.862308, 364.575985, 126
56.055864, -16.054264, 357.468384, 127
