x coord, y coord, z coord, scalar
90.983767, 2.760037, 461.786092, 0
102.246696, -6.680270, 474.997342, 1
111.499481, 18.474480, 496.486940, 2
83.489676, -18.685953, 512.807370, 3
72.716538, -29.064326, 494.519570, 4
81.456984, -21.792963, 515.030690, 5
60.665280, -14.171502, 509.460667, 6
82.402725, 5.342351, 503.688699, 7
91.071915, 29.038679, 513.216402, 8
89.390118, 16.806069, 480.803678, 9
67.712837, -6.546225, 520.227009, 10
75.515114, -18.635623, 481.489173, 11
96.528652, -21.472203, 467.907746, 12
70.312250, 16.400894, 485.884819, 13
60.415738, -25.218419, 493.483129, 14
100.951963, 10.621895, 508.353552, 15
93.278850, 25.670577, 462.125395, 16
80.035587, -6.262825, 504.131062, 17
61.020734, -29.526896, 501.113063, 18
51.533832, 14.246584, 485.862366, 19
78.353647, -32.376678, 515.979398, 20
75.877020, -2.478141, 465.286828, 21
103.383039, -20.285566, 480.477645, 22
48.587539, 4.410100, 464.822000, 23
80.488536, 19.209309, 476.266460, 24
51.268693, 5.825203, 454.831817, 25
105.638333, -15.232030, 517.165467, 26
113.779885, 19.186915, 478.846055, 27
95.207245, -34.128363, 485.981986, 28
73.616763, -28.211115, 468.171900, 29
105.495303, 4.525959, 472.458333, 30
98.771051, -33.933103, 506.643234, 31
110.074156, 23.833361, 454.301066, 32
67.848527, 26.804311, 495.374119, 33
78.686740, -7.043245, 482.526498, 34
100.969350, -1.391132, 456.295502, 35
101.817351, -10.088874, 477.726398, 36
96.279390, -10.645053, 464.856766, 37
52.422099, -29.773852, 467.391328, 38
84.420306, -1.773686, 475.843110, 39
98.608526, -10.614458, 517.032289, 40
48.363539, -26.179439, 519.762179, 41
101.022841, -30.441378, 511.538932, 42
101.340063, -8.209451, 506.286687, 43
74.010829, 24.860689, 467.186822, 44
102.553848, 11.493963, 502.458691, 45
104.865522, -1.024753, 460.313225, 46
59.888632, -19.081373, 486.330554, 47
70.761909, -12.275875, 493.217690, 48
84.169202, 26.527793, 459.389998, 49
106.028604, 10.800243, 485.438504, 50
100.357434, 13.547199, 495.922012, 51
97.416118, 0.233971, 502.143620, 52
86.251614, -12.762029, 461.877491, 53
69.834893, 15.632211, 454.681713, 54
83.037904, 3.849972, 502.838746, 55
62.793204, -5.620555, 469.757200, 56
69.122618, 8.651497, 487.338808, 57
101.469880, -34.922961, 511.725992, 58
71.986814, 3.629661, 506.197338, 59
77.392972, -4.677822, 484.940526, 60
108.847584, -18.656454, 466.431512, 61
82.066210, -35.576433, 503.328616, 62
61.506482, 5.058618, 458.509847, 63
69.400225, 29.276917, 510.805106, 64
70.098136, -2.021269, 482.598218, 65
50.233437, 15.155341, 513.640954, 66
66.006868, -30.058113, 490.235375, 67
99.361972, 25.795158, 491.975844, 68
88.384544, -16.554130, 463.548843, 69
71.878393, 15.222223, 495.534093, 70
102.835403, 9.733734, 513.540636, 71
46.563604, -22.536064, 514.627268, 72
95.908234, -6.646213, 487.629119, 73
100.434281, 17.137429, 484.849561, 74
88.535993, -27.100540, 519.491443, 75
48.431160, -22.483651, 502.590131, 76
108.088202, -2.093343, 509.194889, 77
75.620782, -17.067708, 502.936821, 78
113.612676, 25.700519, 454.322794, 79
54.458290, -16.757117, 506.208267, 80
96.008511, -28.257857, 483.885071, 81
86.845732, -27.310872, 498.012042, 82
78.769534, 22.980815, 459.309259, 83
112.414862, 9.079019, 513.109703, 84
74.561089, -16.721047, 522.672440, 85
71.348986, -13.906461, 468.131628, 86
51.235666, -20.154284, 502.701601, 87
106.446653, 9.849778, 522.297022, 88
86.676782, 9.126386, 515.941049, 89
87.015711, 17.968091, 467.127203, 90
70.520341, -0.359454, 475.532144, 91
100.421620, -27.849780, 484.884403, 92
75.730317, 5.303175, 475.808614, 93
81.055740, 3.381964, 521.550859, 94
71.462037, -36.393011, 472.772956, 95
71.431107, -10.660608, 495.528488, 96
85.578794, -5.041549, 512.038450, 97
65.576962, -12.930856, 489.830111, 98
65.170521, 28.129236, 466.901287, 99
58.408133, 0.808883, 521.532508, 100
71.551508, 25.712612, 489.116344, 101
93.099988, 11.798162, 497.929541, 102
55.281090, -26.807584, 471.176003, 103
77.105990, 8.631543, 511.221192, 104
75.953302, -34.242483, 511.491307, 105
94.742595, -8.428282, 468.773753, 106
67.568858, 31.533912, 500.395277, 107
56.903719, -17.225260, 455.407684, 108
92.751320, 2.328656, 520.200058, 109
105.668762, 15.120192, 488.952283, 110
104.497754, -27.664382, 482.608312, 111
70.910770, 19.819017, 462.349949, 112
46.136951, 29.483527, 472.205324, 113
63.329260, -7.746558, 517.500174, 114
51.846981, 22.590176, 519.920344, 115
109.354115, 2.996691, 479.435455, 116
55.424623, 24.948962, 478.912831, 117
101.836001, -32.483403, 498.350544, 118
103.259919, 14.651332, 468.622628, 119
100.756526, 5.984020, 520.405861, 120
67.005466, -3.854281, 460.684769, 121
95.629960, 21.439890, 517.166886, 122
103.996082, 21.960247, 514.593862, 123
53.498061, -29.046558, 474.790559, 124
48.294546, -22.816176, 465.324253, 125
114.230971, -27.798148, 504.984019, 126
70.963108, -17.990101, 497.876406, 127
