x coord, y coord, z coord, scalar
59.019220, 26.570288, 33.641886, 0
70.282149, 17.129984, 46.853131, 1
79.534933, 42.284731, 68.342657, 2
51.525134, 5.124321, 84.662657, 3
40.752102, -5.254061, 66.375732, 4
49.492447, 2.017303, 86.885979, 5
28.700722, 9.638706, 81.315775, 6
50.438162, 29.152607, 75.544349, 7
59.107367, 52.848928, 85.072096, 8
57.425568, 40.616320, 52.659439, 9
35.748283, 17.264019, 92.082431, 10
43.550572, 5.174639, 53.345597, 11
64.564109, 2.338051, 39.763565, 12
38.347696, 40.211140, 57.740587, 13
28.451241, -1.408238, 65.339223, 14
68.987414, 34.432149, 80.209239, 15
61.314304, 49.480826, 33.981145, 16
48.070999, 17.547455, 75.986457, 17
29.056239, -5.716690, 72.968596, 18
19.569281, 38.056826, 57.718123, 19
46.389119, -8.566423, 87.834843, 20
43.912472, 21.332108, 37.142687, 21
71.418496, 3.524692, 52.333434, 22
16.622992, 28.220343, 36.677789, 23
48.523986, 43.019558, 48.122229, 24
19.304147, 29.635448, 26.687594, 25
73.673789, 8.578226, 89.021117, 26
81.815338, 42.997166, 50.701789, 27
63.242709, -10.318103, 57.837782, 28
41.652225, -4.400866, 40.027817, 29
73.530756, 28.336211, 44.314096, 30
66.806514, -10.122844, 78.498899, 31
78.109611, 47.643610, 26.156806, 32
35.883976, 50.614557, 67.229840, 33
46.722176, 16.767016, 54.382600, 34
69.004804, 22.419118, 28.151274, 35
69.852805, 13.721383, 49.582193, 36
64.314845, 13.165199, 36.712574, 37
20.457559, -5.963610, 39.247166, 38
52.455753, 22.036568, 47.698991, 39
66.643979, 13.195799, 88.887905, 40
16.398999, -2.369202, 91.617758, 41
69.058302, -6.631120, 83.394581, 42
69.375515, 15.600809, 78.142352, 43
42.046281, 48.670936, 39.042582, 44
70.589299, 35.304216, 74.314395, 45
72.900977, 22.785498, 32.168993, 46
27.924094, 4.728832, 58.186866, 47
38.797142, 11.534362, 65.075881, 48
52.204655, 50.338041, 31.245750, 49
74.064056, 34.610495, 57.294245, 50
68.392885, 37.357452, 67.777732, 51
65.451566, 24.044230, 73.999309, 52
54.287069, 11.048222, 33.733331, 53
37.870346, 39.442458, 26.537484, 54
51.073339, 27.660231, 74.694398, 55
30.828655, 18.189688, 41.613102, 56
37.158057, 32.461742, 59.194618, 57
69.505342, -11.112705, 83.581652, 58
40.022244, 27.439909, 78.052911, 59
45.428400, 19.132439, 56.796605, 60
76.883041, 5.153798, 38.287284, 61
50.101694, -11.766168, 75.184214, 62
29.541935, 28.868864, 30.365645, 63
37.435675, 53.087164, 82.660798, 64
38.133569, 21.788977, 54.454234, 65
18.268886, 38.965584, 85.496624, 66
34.042379, -6.247887, 62.091562, 67
67.397424, 49.605409, 63.831568, 68
56.420000, 7.256122, 35.404686, 69
39.913836, 39.032470, 67.389822, 70
70.870855, 33.543986, 85.396315, 71
14.599063, 1.274169, 86.482850, 72
63.943683, 17.164050, 59.484921, 73
68.469733, 40.947681, 56.705302, 74
56.571455, -3.290281, 91.346975, 75
16.466622, 1.326569, 74.445769, 76
76.123655, 21.716912, 81.050571, 77
43.656193, 6.742757, 74.789306, 78
81.648131, 49.510767, 26.178531, 79
22.493744, 7.053089, 78.063703, 80
64.043973, -4.447596, 55.740892, 81
54.881211, -3.500585, 69.867752, 82
46.804987, 46.791063, 31.165020, 83
80.450315, 32.889270, 84.965395, 84
42.596544, 7.089204, 94.527820, 85
39.384440, 9.903786, 39.987578, 86
19.271127, 3.655927, 74.557195, 87
74.482107, 33.660030, 94.152698, 88
54.712229, 32.936638, 87.796683, 89
55.051163, 41.778340, 38.982971, 90
38.555785, 23.450793, 47.388066, 91
68.457081, -4.039521, 56.740191, 92
43.765763, 29.113424, 47.664467, 93
49.091187, 27.192216, 93.406440, 94
39.497503, -12.582764, 44.628849, 95
39.466313, 13.149652, 67.385295, 96
53.614236, 18.768715, 83.893950, 97
33.612359, 10.879325, 61.687142, 98
33.205973, 51.939482, 38.757040, 99
26.443581, 24.619124, 93.388079, 100
39.586957, 49.522859, 60.972080, 101
61.135435, 35.608416, 69.785256, 102
23.316550, -2.997344, 43.031889, 103
45.141432, 32.441794, 83.076806, 104
43.988783, -10.432228, 83.346742, 105
62.778048, 15.381971, 40.629575, 106
35.604309, 55.344158, 72.250988, 107
24.939176, 6.584985, 27.263501, 108
60.786770, 26.138910, 92.055681, 109
73.704214, 38.930444, 60.808014, 110
72.533213, -3.854125, 54.464086, 111
38.946222, 43.629265, 34.205718, 112
14.172404, 53.293772, 44.061066, 113
31.364704, 16.063680, 89.355563, 114
19.882433, 46.400421, 91.776022, 115
77.389568, 26.806943, 51.291207, 116
23.460074, 48.759207, 50.768580, 117
69.871463, -8.673144, 70.206257, 118
71.295373, 38.461582, 40.478382, 119
68.791978, 29.794272, 92.261521, 120
35.040919, 19.955965, 32.540608, 121
63.665411, 45.250140, 89.022569, 122
72.031535, 45.770498, 86.449555, 123
21.533524, -5.236320, 46.646440, 124
16.330004, 0.994066, 37.180077, 125
82.266429, -3.987893, 76.839718, 126
38.998563, 5.820139, 69.732138, 127
