x coord, y coord, z coord, scalar
177.849755, 40.089917, 109.391658, 0
178.009408, 66.824697, 144.755519, 1
207.753724, 62.906069, 115.000903, 2
179.911742, 23.624402, 117.953489, 3
189.330612, 64.832079, 124.233335, 4
176.654125, 41.534824, 153.565619, 5
218.661686, 43.680086, 141.764922, 6
175.517552, 38.124776, 136.444673, 7
181.123789, 7.304656, 131.585386, 8
188.156291, 7.728127, 114.713494, 9
212.721439, 19.964830, 149.672882, 10213.113422, 32.361129, 142.647200, 11180.149394, 5.782424, 131.702462, 12186.150572, 20.081166, 150.196300, 13195.105420, 43.799438, 141.189077, 14210.338043, 54.839797, 177.581686, 15186.183688, 39.169094, 147.412727, 16218.948482, 49.073492, 111.685139, 17177.673794, 64.584298, 113.858941, 18200.259209, 18.408085, 116.455948, 19205.972924, 65.516519, 131.290031, 20177.926026, 44.297515, 158.520952, 21211.572906, 58.833858, 159.172308, 22234.275396, 10.651972, 174.122234, 23206.751875, 40.143134, 144.072616, 24170.209977, 16.148917, 125.059677, 25170.071936, 36.719604, 159.098083, 26208.483040, 21.335524, 134.320689, 27211.168505, 33.396264, 125.053956, 28216.027685, 68.042500, 138.331891, 29223.483971, 39.682861, 129.997781, 30177.054710, 51.995906, 169.164822, 31226.575169, 29.236256, 154.148173, 32208.027619, 29.179154, 159.669636, 33204.430322, 70.318016, 125.961773, 34170.781220, 6.195517, 136.979897, 35186.841011, 10.654424, 168.568732, 36168.219362, 53.524499, 116.053476, 37193.540067, 30.360569, 144.320630, 38209.594967, 12.055653, 138.511113, 39170.207415, 69.926616, 173.063191, 40191.205373, 12.648816, 151.208751, 41182.650463, 73.610965, 175.314004, 42227.798438, 47.306069, 130.642482, 43209.747927, 17.403873, 127.109945, 44226.709891, 22.572077, 128.174643, 45185.970366, 43.800251, 133.696996, 46176.819385, 46.406438, 113.371933, 47183.873021, 5.614170, 138.601845, 48219.192085, 49.596089, 145.526796, 49179.983734, 54.190564, 141.602871, 50175.327264, 11.063426, 149.120705, 51217.535787, 28.100805, 148.881452, 52215.130167, 21.566751, 122.336517, 53168.053323, 65.701715, 134.609716, 54186.163541, 58.079123, 152.051353, 55205.338239, 9.716914, 122.000376, 56230.036477, 20.923263, 163.276175, 57165.689286, 39.183303, 163.759448, 58195.291015, 24.042860, 139.505018, 59231.817681, 38.413503, 119.844883, 60195.701007, 48.127791, 125.775620, 61167.102058, 31.331105, 148.747541, 62206.983187, 12.128757, 165.183438, 63220.319992, 14.569033, 157.034653, 64177.210252, 35.119590, 141.263295, 65220.261148, 6.125270, 145.849185, 66233.261725, 70.548729, 161.641543, 67218.818285, 70.624986, 126.974215, 68204.857926, 31.583523, 145.887690, 69166.643497, 29.068808, 110.449133, 70177.488555, 59.156735, 153.446392, 71194.266050, 60.645756, 110.926442, 72234.013424, 33.296437, 117.924463, 73221.477145, 19.283933, 127.362545, 74200.792137, 30.881185, 157.352306, 75233.055318, 16.809846, 158.345699, 76201.184944, 15.739066, 155.044231, 77185.106968, 68.944324, 151.818658, 78203.081255, 39.469836, 109.551106, 79171.247988, 40.500359, 133.489372, 80172.697301, 52.375847, 118.795542, 81217.143413, 12.309354, 174.310765, 82219.070183, 11.990268, 133.756578, 83227.994805, 67.854405, 147.909700, 84177.638000, 34.314091, 173.660158, 85225.989261, 33.036885, 116.619085, 86206.615407, 68.608841, 127.227247, 87183.939781, 19.383305, 122.321002, 88226.758287, 56.851504, 156.660381, 89227.309952, 62.486468, 123.309980, 90183.079985, 69.570753, 170.555158, 91192.875784, 52.381669, 109.013463, 92189.466891, 37.119378, 115.872444, 93214.223517, 30.781640, 109.876883, 94184.413699, 42.806802, 139.060390, 95180.354066, 34.463404, 166.966715, 96187.973362, 6.746271, 161.724906, 97206.200794, 25.073042, 175.977363, 98219.522100, 17.498807, 158.978372, 99198.462810, 10.476256, 147.614380, 10212.772890, 27.943150, 143.334825, 10205.608462, 55.205937, 121.865152, 10205.622311, 10.340342, 153.854390, 10212.495581, 58.950837, 110.785137, 10213.372777, 9.032005, 148.461208, 10174.713671, 23.773071, 109.073846, 10232.679993, 46.133399, 110.689232, 10216.685224, 18.001687, 130.631335, 10214.942865, 71.910784, 142.999399, 10196.201416, 36.041159, 148.348973, 11166.096274, 14.481568, 171.157040, 11200.430879, 54.476954, 152.513361, 11213.296585, 25.766772, 157.722262, 11189.431346, 72.649344, 142.822318, 11191.216837, 51.689689, 146.724522, 11230.677840, 60.790273, 165.365572, 11230.751905, 59.137751, 137.648412, 11232.441273, 41.490492, 150.519302, 11185.353228, 22.100879, 148.579914, 11219.352621, 52.689350, 110.769982, 12189.977818, 53.172633, 120.120150, 12183.415213, 19.270941, 169.467132, 12226.927671, 66.954501, 121.383133, 12206.929995, 22.053313, 120.181707, 12172.032801, 47.657052, 166.741091, 12209.756134, 44.002318, 153.681714, 12197.402056, 40.421809, 138.967007, 12