x coord, y coord, z coord, scalar
69.788718, 24.765793, 100.696271, 0
81.051647, 15.325489, 113.907517, 1
90.304432, 40.480237, 135.397053, 2
62.294631, 3.319821, 151.717112, 3
51.521576, -7.058559, 133.430066, 4
60.261943, 0.212806, 153.940434, 5
39.470222, 7.834221, 148.370255, 6
61.207664, 27.348112, 142.598754, 7
69.876865, 51.044434, 152.126495, 8
68.195067, 38.811825, 119.713829, 9
46.517782, 15.459526, 159.136867, 10
54.320069, 3.370142, 120.399896, 11
75.333606, 0.533556, 106.817947, 12
49.117196, 38.406647, 124.794976, 13
39.220728, -3.212717, 132.393567, 14
79.756913, 32.627654, 147.263639, 15
72.083802, 47.676332, 101.035536, 16
58.840507, 15.742955, 143.040897, 17
39.825726, -7.521175, 140.023017, 18
30.338780, 36.252333, 124.772514, 19
57.158613, -10.370918, 154.889277, 20
54.681970, 19.527614, 104.197063, 21
82.187994, 1.720196, 119.387820, 22
27.392490, 26.415851, 103.732175, 23
59.293484, 41.215064, 115.176618, 24
30.073645, 27.830955, 93.741982, 25
84.443287, 6.773730, 156.075522, 26
92.584836, 41.192671, 117.756183, 27
74.012205, -12.122600, 124.892167, 28
52.421721, -6.205360, 107.082185, 29
84.300254, 26.531717, 111.368485, 30
77.576010, -11.927340, 145.553302, 31
88.879109, 45.839116, 93.211199, 32
46.653475, 48.810064, 134.284236, 33
57.491678, 14.962519, 121.436943, 34
79.774302, 20.614624, 95.205663, 35
80.622303, 11.916887, 116.636578, 36
75.084343, 11.360704, 103.766958, 37
31.227056, -7.768103, 106.301546, 38
63.225252, 20.232073, 114.753365, 39
77.413477, 11.391303, 155.942315, 40
27.168496, -4.173694, 158.672173, 41
79.827798, -8.435616, 150.448987, 42
80.145013, 13.796312, 145.196755, 43
52.815779, 46.866442, 106.096972, 44
81.358797, 33.499721, 141.368793, 45
83.670475, 20.981003, 99.223382, 46
38.693590, 2.924348, 125.241180, 47
49.566688, 9.729871, 132.129936, 48
62.974153, 48.533547, 98.300141, 49
84.833555, 32.806001, 124.348637, 50
79.162383, 35.552957, 134.832128, 51
76.221065, 22.239734, 141.053709, 52
65.056567, 9.243728, 100.787710, 53
48.639844, 37.637964, 93.591873, 54
61.842841, 25.855735, 141.748803, 55
41.598154, 16.385195, 108.667473, 56
47.927558, 30.657249, 126.249001, 57
80.274838, -12.917200, 150.636056, 58
50.791747, 25.635416, 145.107327, 59
56.197904, 17.327942, 123.850951, 60
87.652538, 3.349304, 105.341672, 61
60.871185, -13.570665, 142.238627, 62
40.311433, 27.064371, 97.420030, 63
48.205173, 51.282671, 149.715198, 64
48.903071, 19.984483, 121.508589, 65
29.038385, 37.161092, 152.551027, 66
44.811865, -8.052376, 129.145893, 67
78.166922, 47.800914, 130.885963, 68
67.189497, 5.451627, 102.459065, 69
50.683336, 37.227977, 134.444216, 70
81.640353, 31.739491, 152.450716, 71
25.368560, -0.530322, 153.537265, 72
74.713182, 15.359553, 126.539305, 73
79.239231, 39.143186, 123.759695, 74
67.340951, -5.094777, 158.401396, 75
27.236118, -0.477919, 141.500176, 76
86.893153, 19.912417, 148.104972, 77
54.425701, 4.938216, 141.844148, 78
92.417628, 47.706273, 93.232925, 79
33.263242, 5.248604, 145.118137, 80
74.813469, -6.252093, 122.795273, 81
65.650704, -5.305087, 136.922149, 82
57.574485, 44.986569, 98.219410, 83
91.219813, 31.084776, 152.019795, 84
53.366042, 5.284710, 161.582263, 85
50.153937, 8.099293, 107.041941, 86
30.040623, 1.851442, 141.611608, 87
85.251605, 31.855535, 161.207100, 88
65.481729, 31.132143, 154.851090, 89
65.820662, 39.973846, 106.037360, 90
49.325285, 21.646299, 114.442434, 91
79.226577, -5.844017, 123.794577, 92
54.535262, 27.308930, 114.718844, 93
59.860686, 25.387721, 160.460854, 94
50.266998, -14.387257, 111.683220, 95
50.235865, 11.345157, 134.439541, 96
64.383737, 16.964218, 150.948376, 97
44.381869, 9.074846, 128.741357, 98
43.975472, 50.134989, 105.811431, 99
37.213080, 22.814632, 160.442495, 100
50.356456, 47.718365, 128.026473, 101
71.904934, 33.803921, 136.839652, 102
34.086047, -4.801836, 110.086262, 103
55.910932, 30.637300, 150.131217, 104
54.758275, -12.236723, 150.401177, 105
73.547546, 13.577476, 107.683956, 106
46.373807, 53.539665, 139.305385, 107
35.708673, 4.780492, 94.317883, 108
71.556269, 24.334415, 159.110090, 109
84.473713, 37.125949, 127.862408, 110
83.302710, -5.658621, 121.518474, 111
49.715720, 41.824771, 101.260107, 112
24.941902, 51.489279, 111.115458, 113
42.134204, 14.259189, 156.410004, 114
30.651931, 44.595928, 158.830423, 115
88.159067, 25.002449, 118.345598, 116
34.229572, 46.954714, 117.822971, 117
80.640960, -10.477640, 137.260653, 118
82.064871, 36.657088, 107.532772, 119
79.561476, 27.989777, 159.315925, 120
45.810417, 18.151472, 99.594987, 121
74.434910, 43.445645, 156.076970, 122
82.801033, 43.966003, 153.503954, 123
32.303020, -7.040812, 113.700813, 124
27.099501, -0.810427, 104.234458, 125
93.035926, -5.792388, 143.894116, 126
49.768061, 4.015647, 136.786532, 127
