x coord, y coord, z coord, scalar
61.072677, 30.833050, 75.563219, 0
72.335606, 21.392747, 88.774465, 1
81.588390, 46.547494, 110.263997, 2
53.578588, 9.387082, 126.584033, 3
42.805546, -0.991291, 108.297034, 4
51.545901, 6.280065, 128.807355, 5
30.754183, 13.901472, 123.237166, 6
52.491621, 33.415368, 117.465694, 7
61.160824, 57.111691, 126.993438, 8
59.479025, 44.879082, 94.580775, 9
37.801741, 21.526782, 134.003795, 10
45.604028, 9.437401, 95.266878, 11
66.617565, 6.600814, 81.684897, 12
40.401154, 44.473903, 99.661923, 13
30.504698, 2.854536, 107.260532, 14
71.040871, 38.694911, 122.130581, 15
63.367761, 53.743589, 75.902482, 16
50.124458, 21.810212, 117.907824, 17
31.109694, -1.453918, 114.889951, 18
21.622739, 42.319589, 99.639460, 19
48.442574, -4.303659, 129.756206, 20
45.965929, 25.594871, 79.064015, 21
73.471952, 7.787454, 94.254768, 22
18.676449, 32.483107, 78.599123, 23
50.577443, 47.282321, 90.043565, 24
21.357604, 33.898212, 68.608929, 25
75.727245, 12.840988, 130.942462, 26
83.868795, 47.259929, 92.623128, 27
65.296164, -6.055340, 99.759116, 28
43.705681, -0.138103, 81.949140, 29
75.584213, 32.598974, 86.235432, 30
68.859969, -5.860081, 120.420243, 31
80.163068, 51.906374, 68.078144, 32
37.937434, 54.877320, 109.151180, 33
48.775634, 21.029776, 96.303908, 34
71.058261, 26.681881, 70.072610, 35
71.906261, 17.984145, 91.503527, 36
66.368302, 17.427962, 78.633907, 37
22.511016, -1.700846, 81.168496, 38
54.509210, 26.299330, 89.620318, 39
68.697436, 17.458561, 130.809253, 40
18.452457, 1.893562, 133.539110, 41
71.111757, -2.368357, 125.315927, 42
71.428971, 19.863571, 120.063697, 43
44.099738, 52.933699, 80.963918, 44
72.642756, 39.566979, 116.235736, 45
74.954434, 27.048261, 74.090329, 46
29.977553, 8.991601, 100.108156, 47
40.850624, 15.797109, 106.997015, 48
54.258112, 54.600804, 73.167087, 49
76.117513, 38.873258, 99.215583, 50
70.446342, 41.620214, 109.699072, 51
67.505023, 28.306992, 115.920651, 52
56.340526, 15.310985, 75.654661, 53
39.923804, 43.705221, 68.458820, 54
53.126798, 31.922992, 116.615743, 55
32.882113, 22.452452, 83.534427, 56
39.211515, 36.724505, 101.115951, 57
71.558797, -6.849942, 125.502997, 58
42.075703, 31.702671, 119.974263, 59
47.481859, 23.395199, 98.717915, 60
78.936497, 9.416561, 80.208619, 61
52.155146, -7.503404, 117.105564, 62
31.595392, 33.131627, 72.286979, 63
39.489132, 57.349927, 124.582141, 64
40.187028, 26.051739, 96.375549, 65
20.322344, 43.228348, 127.417968, 66
36.095832, -1.985117, 104.012863, 67
69.450881, 53.868171, 105.752908, 68
58.473456, 11.518885, 77.326016, 69
41.967294, 43.295233, 109.311161, 70
72.924312, 37.806749, 127.317658, 71
16.652521, 5.536934, 128.404202, 72
65.997139, 21.426811, 101.406254, 73
70.523190, 45.210444, 98.626640, 74
58.624910, 0.972481, 133.268330, 75
18.520081, 5.589336, 116.367115, 76
78.177111, 25.979674, 122.971914, 77
45.709638, 11.005493, 116.710916, 78
83.701587, 53.773531, 68.099870, 79
24.547204, 11.315857, 119.985066, 80
66.097428, -0.184833, 97.662223, 81
56.934662, 0.762176, 111.789093, 82
48.858444, 51.053826, 73.086356, 83
82.503772, 37.152033, 126.886738, 84
44.650001, 11.351967, 136.449189, 85
41.437897, 14.166550, 81.908898, 86
21.324586, 7.918695, 116.478546, 87
76.535563, 37.922792, 136.074042, 88
56.765687, 37.199400, 129.718030, 89
57.104620, 46.041103, 80.904307, 90
40.609243, 27.713556, 89.309389, 91
70.510536, 0.223242, 98.661525, 92
45.819221, 33.376187, 89.585795, 93
51.144645, 31.454978, 135.327791, 94
41.550959, -8.319999, 86.550174, 95
41.519796, 17.412396, 109.306544, 96
55.667693, 23.031475, 125.815308, 97
35.665827, 15.142091, 103.608373, 98
35.259431, 56.202246, 80.678377, 99
28.497039, 28.881888, 135.309431, 100
41.640415, 53.785622, 102.893418, 101
63.188892, 39.871178, 111.706596, 102
25.370007, 1.265421, 84.953215, 103
47.194890, 36.704556, 124.998155, 104
46.042236, -6.169463, 125.268106, 105
64.831505, 19.644734, 82.550906, 106
37.657766, 59.606921, 114.172329, 107
26.992633, 10.847748, 69.184832, 108
62.840227, 30.401672, 133.977029, 109
75.757671, 43.193206, 102.729353, 110
74.586669, 0.408637, 96.385421, 111
40.999679, 47.892028, 76.127054, 112
16.225862, 57.556535, 85.982404, 113
33.418163, 20.326444, 131.276930, 114
21.935890, 50.663184, 133.697365, 115
79.443025, 31.069706, 93.212544, 116
25.513531, 53.021971, 92.689917, 117
71.924919, -4.410381, 112.127597, 118
73.348829, 42.724345, 82.399719, 119
70.845435, 34.057035, 134.182866, 120
37.094376, 24.218728, 74.461938, 121
65.718868, 49.512903, 130.943912, 122
74.084992, 50.033261, 128.370897, 123
23.586981, -0.973555, 88.567766, 124
18.383461, 5.256830, 79.101408, 125
84.319885, 0.274870, 118.761059, 126
41.052021, 10.082903, 111.653477, 127
