x coord, y coord, z coord, scalar
101.758750, -10.307932, 757.899422, 0
113.021679, -19.748242, 771.110674, 1
122.274464, 5.406510, 792.600326, 2
94.264657, -31.753932, 808.921076, 3
83.491474, -42.132302, 790.632627, 4
92.231963, -34.860940, 811.144394, 5
71.440268, -27.239453, 805.574504, 6
93.177716, -7.725621, 799.802135, 7
101.846899, 15.970710, 809.329806, 8
100.165103, 3.738099, 776.917031, 9
78.487824, -19.614192, 816.340614, 10
86.290095, -31.703597, 777.602036, 11
107.303633, -34.540174, 764.021057, 12
81.087237, 3.332925, 781.998167, 13
71.190700, -38.286359, 789.596236, 14
111.726948, -2.446075, 804.466961, 15
104.053833, 12.602609, 758.238758, 16
90.810588, -19.330808, 800.244686, 17
71.795695, -42.594847, 797.226586, 18
62.308818, 1.178618, 781.975723, 19
89.128622, -45.444650, 812.092985, 20
86.652004, -15.546110, 761.400109, 21
114.158021, -33.353538, 776.590978, 22
59.362522, -8.657867, 760.935333, 23
91.263521, 6.141340, 772.379808, 24
62.043676, -7.242764, 750.945159, 25
116.413315, -28.300002, 813.278903, 26
124.554868, 6.118946, 774.959429, 27
105.982223, -47.196336, 782.095313, 28
84.391743, -41.279084, 764.285138, 29
116.270286, -8.542011, 768.571685, 30
109.546030, -47.001076, 802.756660, 31
120.849139, 10.765393, 750.414435, 32
78.623513, 13.736343, 791.487502, 33
89.461730, -20.111220, 778.639599, 34
111.744332, -14.459101, 752.408848, 35
112.592334, -23.156846, 773.839726, 36
107.054373, -23.713024, 760.970084, 37
63.197080, -42.841818, 763.504625, 38
95.195291, -14.841658, 771.956375, 39
109.383509, -23.682431, 813.145751, 40
59.138519, -39.247403, 815.875667, 41
111.797821, -43.509351, 807.652369, 42
112.115046, -21.277425, 802.400111, 43
84.785813, 11.792720, 763.300177, 44
113.328832, -1.574008, 798.572088, 45
115.640505, -14.092723, 756.426573, 46
70.663612, -32.149323, 782.443499, 47
81.536986, -25.343839, 789.329244, 48
94.944185, 13.459824, 755.503357, 49
116.803588, -2.267728, 781.551873, 50
111.132419, 0.479228, 792.035396, 51
108.191104, -12.834003, 798.257028, 52
97.026596, -25.829999, 757.990786, 53
80.609876, 2.564242, 750.795059, 54
93.812895, -9.218001, 798.952182, 55
73.568189, -18.688522, 765.870450, 56
79.897607, -4.416471, 783.452125, 57
112.244860, -47.990933, 807.839421, 58
82.761808, -9.438307, 802.310831, 59
88.167965, -17.745795, 781.053644, 60
119.622566, -31.724424, 762.544858, 61
92.841180, -48.644409, 799.442090, 62
72.281466, -8.009349, 754.623173, 63
80.175209, 16.208949, 806.918511, 64
80.873127, -15.089237, 778.711383, 65
61.008421, 2.087375, 809.754375, 66
76.781826, -43.126072, 786.348414, 67
110.136956, 12.727189, 788.089225, 68
99.159526, -29.622101, 759.662136, 69
82.653381, 2.154254, 791.647470, 70
113.610387, -3.334237, 809.654051, 71
57.338585, -35.604027, 810.740754, 72
106.683218, -19.714187, 783.742442, 73
111.209265, 4.069459, 780.962929, 74
99.310972, -40.168513, 815.604966, 75
59.206140, -35.551608, 798.703577, 76
118.863185, -15.161315, 805.308300, 77
86.395784, -30.135770, 799.052600, 78
124.387658, 12.632550, 750.436165, 79
65.233273, -29.825068, 802.321861, 80
106.783490, -41.325831, 779.998380, 81
97.620704, -40.378858, 794.125433, 82
89.544518, 9.912846, 755.422614, 83
123.189845, -3.988952, 809.223108, 84
85.336071, -29.789017, 818.786075, 85
82.123968, -26.974429, 764.244842, 86
62.010646, -33.222236, 798.815078, 87
117.221637, -3.218192, 818.410438, 88
97.451767, -3.941585, 812.054497, 89
97.790695, 4.900122, 763.240552, 90
81.295327, -13.427422, 771.645379, 91
111.196601, -40.917754, 780.997737, 92
86.505303, -7.764794, 771.921899, 93
91.830725, -9.686006, 817.664346, 94
82.237015, -49.460980, 768.886212, 95
82.206196, -23.728581, 791.641067, 96
96.353782, -18.109524, 808.151997, 97
76.351970, -25.998797, 785.942524, 98
75.945505, 15.061268, 763.014646, 99
69.183118, -12.259083, 817.646002, 100
82.326494, 12.644643, 785.229716, 101
103.874973, -1.269809, 794.042928, 102
66.056070, -39.875549, 767.289264, 103
87.880978, -4.436426, 807.334655, 104
86.728273, -47.310455, 807.604903, 105
105.517578, -21.496253, 764.887062, 106
78.343843, 18.465944, 796.508668, 107
67.678701, -30.293227, 751.520997, 108
103.526304, -10.739315, 816.313514, 109
116.443746, 2.052222, 785.065658, 110
115.272735, -40.732354, 778.721656, 111
81.685753, 6.751049, 758.463296, 112
56.911935, 16.415559, 768.318692, 113
74.104247, -20.814522, 813.613802, 114
62.621965, 9.522209, 816.033759, 115
120.129098, -10.071280, 775.548815, 116
66.199607, 11.880995, 775.026194, 117
112.610981, -45.551377, 794.463934, 118
114.034903, 1.583362, 764.735987, 119
111.531509, -7.083951, 816.519289, 120
77.780449, -16.922249, 756.798064, 121
106.404943, 8.371920, 813.280298, 122
114.771066, 8.892278, 810.707266, 123
64.273041, -42.114522, 770.903824, 124
59.069527, -35.884142, 761.437560, 125
125.005952, -40.866119, 801.097419, 126
81.738091, -31.058066, 793.989781, 127
