x coord, y coord, z coord, scalar
81.061671, 9.673492, 265.235406, 0
92.324599, 0.233185, 278.446653, 1
101.577384, 25.387934, 299.936217, 2
73.567581, -11.772491, 316.256440, 3
62.794477, -22.150868, 297.969060, 4
71.534890, -14.879504, 318.479761, 5
50.743179, -7.258061, 312.909652, 6
72.480624, 12.255807, 307.137943, 7
81.149818, 35.952133, 316.665668, 8
79.468021, 23.719523, 284.252975, 9
57.790738, 0.367227, 323.676144, 10
65.593019, -11.722165, 284.938789, 11
86.606557, -14.558747, 271.357072, 12
60.390151, 23.314347, 289.334120, 13
50.493657, -18.304987, 296.932587, 14
91.029866, 17.535351, 311.802814, 15
83.356754, 32.584031, 265.574688, 16
70.113478, 0.650639, 307.580184, 17
51.098654, -22.613457, 304.562252, 18
41.611734, 21.160035, 289.311662, 19
68.431557, -25.463222, 319.428544, 20
65.954923, 4.435313, 268.736173, 21
93.460944, -13.372109, 283.926956, 22
38.665442, 11.323552, 268.271311, 23
70.566438, 26.122763, 279.715762, 24
41.346597, 12.738656, 258.281122, 25
95.716238, -8.318574, 320.614711, 26
103.857788, 26.100370, 282.295340, 27
85.285152, -27.214906, 289.431301, 28
63.694670, -21.297661, 271.621272, 29
95.573206, 11.439414, 275.907631, 30
88.848958, -27.019646, 310.092486, 31
100.152060, 30.746815, 257.750353, 32
57.926429, 33.717764, 298.823398, 33
68.764638, -0.129788, 285.975959, 34
91.047254, 5.522322, 259.744805, 35
91.895255, -3.175417, 281.175712, 36
86.357294, -3.731598, 268.306086, 37
42.500005, -22.860401, 270.840663, 38
74.498207, 5.139769, 279.292465, 39
88.686429, -3.701002, 320.481517, 40
38.441445, -19.265989, 323.211389, 41
91.100747, -23.527921, 314.988176, 42
91.417966, -1.295994, 309.735939, 43
64.088732, 31.774142, 270.636119, 44
92.631751, 18.407418, 305.907962, 45
94.943426, 5.888701, 263.762526, 46
49.966538, -12.167933, 289.780116, 47
60.839742, -5.362423, 296.668153, 48
74.247105, 33.441247, 262.839291, 49
96.106507, 17.713698, 288.887792, 50
90.435337, 20.460654, 299.371290, 51
87.494020, 7.147428, 305.592883, 52
76.329518, -5.848575, 265.326826, 53
59.912797, 22.545664, 258.131016, 54
73.115802, 10.763430, 306.287991, 55
52.871107, 1.292897, 273.206566, 56
59.200517, 15.564949, 290.788129, 57
91.547786, -28.009505, 315.175241, 58
62.064710, 10.543115, 309.646546, 59
67.470867, 2.235636, 288.389976, 60
98.925489, -11.742999, 269.880815, 61
72.144123, -28.662974, 306.777836, 62
51.584386, 11.972071, 261.959163, 63
59.478127, 36.190370, 314.254371, 64
60.176033, 4.892184, 286.047638, 65
40.311339, 22.068793, 317.090208, 66
56.084790, -23.144667, 293.684877, 67
89.439875, 32.708613, 295.425124, 68
78.462448, -9.640676, 266.998180, 69
61.956293, 22.135676, 298.983375, 70
92.913306, 16.647189, 316.989895, 71
36.641509, -15.622616, 318.076480, 72
85.986136, 0.267246, 291.078436, 73
90.512184, 24.050884, 288.298849, 74
78.613899, -20.187083, 322.940631, 75
38.509066, -15.570207, 306.039370, 76
98.166105, 4.820113, 312.644149, 77
65.698674, -10.154185, 306.384547, 78
103.690580, 32.613972, 257.772081, 79
44.536193, -9.843677, 309.657409, 80
86.086417, -21.344399, 287.334397, 81
76.923644, -20.397406, 301.461315, 82
68.847438, 29.894268, 262.758557, 83
102.492765, 15.992473, 316.558968, 84
64.638993, -9.807592, 326.121555, 85
61.426889, -6.993008, 271.581016, 86
41.313572, -13.240842, 306.150819, 87
96.524557, 16.763233, 325.746279, 88
76.754683, 16.039841, 319.390286, 89
77.093615, 24.881545, 270.576504, 90
60.598241, 6.553999, 278.981519, 91
90.499526, -20.936323, 288.333714, 92
65.808218, 12.216629, 279.257955, 93
71.133641, 10.295419, 325.000070, 94
61.539944, -29.479558, 276.222317, 95
61.508932, -3.747148, 298.978288, 96
75.656694, 1.871910, 315.487622, 97
55.654847, -6.017423, 293.280018, 98
55.248424, 35.042689, 270.350581, 99
48.486034, 7.722334, 324.981714, 100
61.629411, 32.626065, 292.565630, 101
83.177889, 18.711617, 301.378816, 102
45.358995, -19.894133, 274.625361, 103
67.183890, 15.544998, 314.670419, 104
66.031214, -27.329027, 314.940449, 105
84.820498, -1.514827, 272.223080, 106
57.646761, 38.447365, 303.844551, 107
46.981624, -10.311808, 258.857009, 108
82.829222, 9.242111, 323.649290, 109
95.746665, 22.033647, 292.401566, 110
94.575660, -20.750926, 286.057616, 111
60.988673, 26.732471, 265.799251, 112
36.214855, 36.396979, 275.654612, 113
53.407161, -0.833107, 320.949293, 114
41.924884, 29.503629, 323.369602, 115
99.432019, 9.910146, 282.884748, 116
45.502525, 31.862415, 282.362123, 117
91.913908, -25.569946, 301.799819, 118
93.337823, 21.564786, 272.071922, 119
90.834429, 12.897475, 323.855110, 120
57.083369, 3.059172, 264.134104, 121
85.707863, 28.353344, 320.616147, 122
94.073985, 28.873702, 318.043127, 123
43.575968, -22.133108, 278.239914, 124
38.372451, -15.902724, 268.773581, 125
104.308876, -20.884692, 308.433287, 126
61.041012, -11.076650, 301.325690, 127
