x coord, y coord, z coord, scalar
85.699091, -3.733007, 587.266210, 0
96.962019, -13.173316, 600.477461, 1
106.214805, 11.981435, 621.967082, 2
78.204997, -25.179002, 638.287646, 3
67.431834, -35.557362, 619.999573, 4
76.172304, -28.286010, 640.510966, 5
55.380611, -20.664537, 634.940999, 6
77.118053, -1.150697, 629.168862, 7
85.787240, 22.545635, 638.696551, 8
84.105443, 10.313024, 606.283805, 9
62.428164, -13.039268, 645.707243, 10
70.230436, -25.128669, 606.969094, 11
91.243975, -27.965247, 593.387856, 12
65.027577, 9.907849, 611.364945, 13
55.131058, -31.711441, 618.963153, 14
95.667288, 4.128850, 633.833703, 15
87.994175, 19.177534, 587.605527, 16
74.750918, -12.755881, 629.611304, 17
55.736051, -36.019925, 626.593263, 18
46.249159, 7.753541, 611.342496, 19
73.068966, -38.869721, 641.459624, 20
70.592345, -8.971185, 590.766925, 21
98.098362, -26.778611, 605.957764, 22
43.302864, -2.082943, 590.302119, 23
75.203861, 12.716265, 601.746586, 24
45.984018, -0.667840, 580.311940, 25
100.353656, -21.725075, 642.645629, 26
108.495209, 12.693871, 604.326191, 27
89.922565, -40.621408, 611.462103, 28
68.332086, -34.704158, 593.651979, 29
100.210627, -1.967085, 597.938460, 30
93.486372, -40.426148, 632.123393, 31
104.789480, 17.340318, 579.781200, 32
62.563853, 20.311267, 620.854260, 33
73.402067, -13.536294, 608.006519, 34
95.684673, -7.884176, 581.775627, 35
96.532674, -16.581919, 603.206515, 36
90.994714, -17.138098, 590.336879, 37
47.137423, -36.266894, 592.871432, 38
79.135631, -8.266732, 601.323201, 39
93.323849, -17.107504, 642.512463, 40
43.078863, -32.672480, 645.242363, 41
95.738163, -36.934423, 637.019095, 42
96.055386, -14.702498, 631.766845, 43
68.726154, 18.367645, 592.666950, 44
97.269173, 5.000918, 627.938837, 45
99.580846, -7.517797, 585.793351, 46
54.603960, -25.574406, 611.810510, 47
65.477286, -18.768940, 618.697060, 48
78.884526, 20.034749, 584.870128, 49
100.743928, 4.307198, 610.918638, 50
95.072759, 7.054154, 621.402152, 51
92.131443, -6.259076, 627.623771, 52
80.966938, -19.255073, 587.357594, 53
64.550218, 9.139167, 580.161837, 54
77.753231, -2.643076, 628.318909, 55
57.508530, -12.113598, 595.237284, 56
63.837946, 2.158452, 612.818921, 57
96.185202, -41.416006, 637.206152, 58
66.702145, -2.863385, 631.677525, 59
72.108300, -11.170871, 610.420555, 60
103.562908, -25.149498, 591.911637, 61
76.781525, -42.069477, 628.808795, 62
56.221807, -1.434425, 583.989964, 63
64.115550, 22.783873, 636.285256, 64
64.813465, -8.514314, 608.078266, 65
44.948763, 8.662299, 639.121110, 66
60.722181, -36.551145, 615.715370, 67
94.077297, 19.302114, 617.455984, 68
83.099867, -23.047175, 589.028945, 69
66.593721, 8.729178, 621.014231, 70
97.550728, 3.240689, 639.020790, 71
41.278929, -29.029104, 640.107452, 72
90.623557, -13.139260, 613.109234, 73
95.149606, 10.644385, 610.329695, 74
83.251314, -33.593585, 644.971642, 75
43.146486, -28.976687, 628.070298, 76
102.803526, -8.586389, 634.675041, 77
70.336093, -23.560808, 628.417971, 78
108.328000, 19.207475, 579.802929, 79
49.173619, -23.250151, 631.688496, 80
90.723832, -34.750903, 609.365180, 81
81.561046, -33.803922, 623.492185, 82
73.484859, 16.487771, 584.789388, 83
107.130186, 2.585974, 638.589853, 84
69.276413, -23.214091, 648.152687, 85
66.064310, -20.399504, 593.611697, 86
45.950993, -26.647318, 628.181781, 87
101.161978, 3.356734, 647.777176, 88
81.392107, 2.633340, 641.421216, 89
81.731036, 11.475047, 592.607329, 90
65.235667, -6.852498, 601.012222, 91
95.136942, -34.342826, 610.364523, 92
70.445643, -1.189870, 601.288713, 93
75.771065, -3.111081, 647.031043, 94
66.177358, -42.886053, 598.253043, 95
66.146489, -17.153682, 621.008290, 96
80.294120, -11.534597, 637.518659, 97
60.292308, -19.423891, 615.309843, 98
59.885846, 21.636192, 592.381417, 99
53.123459, -5.684160, 647.012695, 100
66.266834, 19.219568, 614.596479, 101
87.815313, 5.305116, 623.409683, 102
49.996413, -33.300625, 596.656092, 103
71.821317, 2.138498, 636.701366, 104
70.668619, -40.735525, 636.971537, 105
89.457918, -14.921327, 594.253862, 106
62.284184, 25.040868, 625.875421, 107
51.619044, -23.718303, 580.887795, 108
87.466644, -4.164389, 645.680229, 109
100.384087, 8.627147, 614.432420, 110
99.213077, -34.157427, 608.088436, 111
65.626095, 13.325974, 587.830074, 112
40.852276, 22.990483, 597.685458, 113
58.044588, -14.239600, 642.980417, 114
46.562306, 16.097133, 645.400498, 115
104.069439, -3.496354, 604.915585, 116
50.139948, 18.455919, 604.392963, 117
96.551322, -38.976449, 623.830687, 118
97.975244, 8.158287, 594.102758, 119
95.471850, -0.509025, 645.886020, 120
61.720790, -10.347324, 586.164872, 121
90.345284, 14.946845, 642.647039, 122
98.711406, 15.467203, 640.074011, 123
48.213385, -35.539598, 600.270650, 124
43.009870, -29.309218, 590.804361, 125
108.946293, -34.291192, 630.464167, 126
65.678433, -24.483143, 623.356543, 127
