x coord, y coord, z coord, scalar
85.735399, -4.714013, 574.034435, 0
96.998327, -14.154321, 587.245685, 1
106.251112, 11.000430, 608.735303, 2
78.241304, -26.160008, 625.055854, 3
67.468142, -36.538369, 606.767809, 4
76.208611, -29.267016, 627.279173, 5
55.416918, -21.645543, 621.709201, 6
77.154360, -2.131702, 615.937081, 7
85.823547, 21.564629, 625.464772, 8
84.141751, 9.332018, 593.052029, 9
62.464471, -14.020274, 632.475455, 10
70.266743, -26.109675, 593.737340, 11
91.280282, -28.946253, 580.156082, 12
65.063884, 8.926844, 598.133168, 13
55.167365, -32.692447, 605.731387, 14
95.703595, 3.147845, 620.601924, 15
88.030482, 18.196528, 574.373750, 16
74.787226, -13.736887, 616.379515, 17
55.772358, -37.000931, 613.361479, 18
46.285466, 6.772535, 598.110719, 19
73.105274, -39.850727, 628.227837, 20
70.628652, -9.952191, 577.535152, 21
98.134669, -27.759617, 592.725988, 22
43.339171, -3.063949, 577.070343, 23
75.240169, 11.735259, 588.514809, 24
46.020325, -1.648845, 567.080164, 25
100.389964, -22.706081, 629.413849, 26
108.531516, 11.712865, 591.094414, 27
89.958873, -41.602414, 598.230327, 28
68.368393, -35.685164, 580.420207, 29
100.246934, -2.948091, 584.706683, 30
93.522680, -41.407154, 618.891613, 31
104.825788, 16.359312, 566.549423, 32
62.600160, 19.330261, 607.622482, 33
73.438374, -14.517300, 594.774754, 34
95.720981, -8.865182, 568.543851, 35
96.568982, -17.562925, 589.974739, 36
91.031021, -18.119104, 577.105104, 37
47.173730, -37.247900, 579.639658, 38
79.171938, -9.247738, 588.091428, 39
93.360157, -18.088510, 629.280681, 40
43.115170, -33.653486, 632.010581, 41
95.774470, -37.915429, 623.787315, 42
96.091694, -15.683504, 618.535065, 43
68.762461, 17.386639, 579.435174, 44
97.305480, 4.019912, 614.707059, 45
99.617154, -8.498803, 572.561574, 46
54.640267, -26.555412, 598.578751, 47
65.513593, -19.749943, 605.465363, 48
78.920834, 19.053744, 571.638351, 49
100.780236, 3.326192, 597.686861, 50
95.109066, 6.073148, 608.170375, 51
92.167750, -7.240082, 614.391992, 52
81.003245, -20.236079, 574.125820, 53
64.586525, 8.158161, 566.930061, 54
77.789539, -3.624081, 615.087128, 55
57.544837, -13.094604, 582.005512, 56
63.874253, 1.177446, 599.587146, 57
96.221509, -42.397012, 623.974372, 58
66.738452, -3.844390, 618.445742, 59
72.144608, -12.151876, 597.188789, 60
103.599215, -26.130504, 578.679861, 61
76.817833, -43.050483, 615.577013, 62
56.258114, -2.415431, 570.758188, 63
64.151857, 21.802868, 623.053477, 64
64.849772, -9.495320, 594.846498, 65
44.985070, 7.681293, 625.889331, 66
60.758489, -37.532151, 602.483608, 67
94.113604, 18.321108, 604.224206, 68
83.136174, -24.028180, 575.797171, 69
66.630028, 7.748172, 607.782453, 70
97.587035, 2.259683, 625.789011, 71
41.315236, -30.010110, 626.875669, 72
90.659865, -14.120266, 599.877458, 73
95.185913, 9.663379, 597.097918, 74
83.287622, -34.574591, 631.739858, 75
43.182793, -29.957693, 614.838517, 76
102.839833, -9.567394, 621.443262, 77
70.372403, -24.541812, 615.186086, 78
108.364307, 18.226469, 566.571152, 79
49.209926, -24.231157, 618.456709, 80
90.760139, -35.731909, 596.133406, 81
81.597354, -34.784928, 610.260407, 82
73.521166, 15.506765, 571.557611, 83
107.166493, 1.604968, 625.358074, 84
69.312720, -24.195097, 634.920897, 85
66.100617, -21.380510, 580.379927, 86
45.987300, -27.628324, 614.949999, 87
101.198285, 2.375728, 634.545397, 88
81.428415, 1.652335, 628.189436, 89
81.767343, 10.494042, 579.375552, 90
65.271975, -7.833504, 587.780451, 91
95.173249, -35.323831, 597.132747, 92
70.481950, -2.170875, 588.056939, 93
75.807372, -4.092086, 633.799261, 94
66.213666, -43.867059, 585.021270, 95
66.182796, -18.134684, 607.776548, 96
80.330427, -12.515603, 624.286874, 97
60.328614, -20.404896, 602.078108, 98
59.922153, 20.655187, 579.149641, 99
53.159766, -6.665166, 633.780912, 100
66.303141, 18.238562, 601.364702, 101
87.851620, 4.324111, 610.177905, 102
50.032720, -34.281631, 583.424320, 103
71.857624, 1.157492, 623.469585, 104
70.704926, -41.716531, 623.739750, 105
89.494226, -15.902333, 581.022087, 106
62.320491, 24.059862, 612.643642, 107
51.655351, -24.699308, 567.656020, 108
87.502952, -5.145395, 632.448448, 109
100.420394, 7.646142, 601.200642, 110
99.249384, -35.138433, 594.856660, 111
65.662402, 12.344968, 574.598298, 112
40.888583, 22.009478, 584.453681, 113
58.080895, -15.220606, 629.748629, 114
46.598614, 15.116127, 632.168719, 115
104.105747, -4.477360, 591.683809, 116
50.176255, 17.474913, 591.161186, 117
96.587630, -39.957454, 610.598909, 118
98.011551, 7.177282, 580.870981, 119
95.508157, -1.490031, 632.654240, 120
61.757098, -11.328330, 572.933098, 121
90.381592, 13.965839, 629.415259, 122
98.747714, 14.486197, 626.842232, 123
48.249692, -36.520604, 587.038877, 124
43.046178, -30.290223, 577.572586, 125
108.982601, -35.272198, 617.232388, 126
65.714741, -25.464148, 610.124766, 127
