x coord, y coord, z coord, scalar
89.050601, -5.371459, 522.626807, 0
100.313529, -14.811768, 535.838057, 1
109.566314, 10.342983, 557.327667, 2
81.556508, -26.817453, 573.648162, 3
70.783352, -37.195822, 555.360229, 4
79.523815, -29.924462, 575.871482, 5
58.732116, -22.302991, 570.301486, 6
80.469562, -2.789147, 564.529436, 7
89.138749, 20.907183, 574.057132, 8
87.456952, 8.674572, 541.644398, 9
65.779672, -14.677720, 581.067780, 10
73.581946, -26.767121, 542.329793, 11
94.595485, -29.603699, 528.748458, 12
68.379085, 8.269397, 546.725538, 13
58.482565, -33.349902, 554.323799, 14
99.018797, 2.490398, 569.194283, 15
91.345684, 17.539081, 522.966117, 16
78.102427, -14.394328, 564.971837, 17
59.087560, -37.658384, 561.953818, 18
49.600667, 6.115088, 546.703087, 19
76.420477, -40.508175, 576.820165, 20
73.943854, -10.609637, 526.127533, 21
101.449872, -28.417063, 541.318361, 22
46.654373, -3.721395, 525.662716, 23
78.555370, 11.077813, 537.107179, 24
49.335527, -2.306292, 515.672535, 25
103.705166, -23.363527, 578.006203, 26
111.846718, 11.055419, 539.686779, 27
93.274076, -42.259860, 546.822700, 28
71.683596, -36.342611, 529.012596, 29
103.562136, -3.605537, 533.299052, 30
96.837883, -42.064600, 567.483969, 31
108.140990, 15.701865, 515.141789, 32
65.915362, 18.672815, 556.214845, 33
76.753576, -15.174744, 543.367166, 34
99.036183, -9.522628, 517.136221, 35
99.884184, -18.220371, 538.567113, 36
94.346224, -18.776550, 525.697478, 37
50.488932, -37.905347, 528.232037, 38
82.487140, -9.905184, 536.683812, 39
96.675359, -18.745956, 577.873031, 40
46.430372, -34.310933, 580.602926, 41
99.089673, -38.572875, 572.379669, 42
99.406896, -16.340950, 567.127421, 43
72.077663, 16.729193, 528.027542, 44
100.620682, 3.362466, 563.299420, 45
102.932356, -9.156249, 521.153944, 46
57.955466, -27.212862, 547.171191, 47
68.828780, -20.407376, 554.058043, 48
82.236035, 18.396297, 520.230719, 49
104.095438, 2.668746, 546.279227, 50
98.424268, 5.415702, 556.762738, 51
95.482952, -7.897527, 562.984351, 52
84.318447, -20.893526, 522.718199, 53
67.901727, 7.500715, 515.522431, 54
81.104740, -4.281526, 563.679483, 55
60.860039, -13.752050, 530.597899, 56
67.189454, 0.520000, 548.179521, 57
99.536712, -43.054458, 572.566728, 58
70.053652, -4.501835, 567.038086, 59
75.459809, -12.809320, 545.781198, 60
106.914417, -26.787950, 527.272231, 61
80.133038, -43.707931, 564.169360, 62
59.573316, -3.072877, 519.350562, 63
67.467059, 21.145421, 571.645837, 64
68.164973, -10.152765, 543.438899, 65
48.300271, 7.023846, 574.481688, 66
64.073692, -38.189603, 551.076031, 67
97.428806, 17.663662, 552.816570, 68
86.451377, -24.685627, 524.389550, 69
69.945229, 7.090727, 556.374818, 70
100.902237, 1.602237, 574.381369, 71
44.630437, -30.667558, 575.468015, 72
93.975067, -14.777711, 548.469832, 73
98.501115, 9.005933, 545.690284, 74
86.602825, -35.232037, 580.332197, 75
46.497993, -30.615142, 563.430870, 76
106.155035, -10.224840, 570.035620, 77
73.687617, -25.199242, 563.778035, 78
111.679509, 17.569022, 515.163518, 79
52.525125, -24.888606, 567.049036, 80
94.075343, -36.389355, 544.725782, 81
84.912560, -35.442374, 558.852769, 82
76.836368, 14.849319, 520.149980, 83
110.481695, 0.947522, 573.950434, 84
72.627922, -24.852543, 583.513217, 85
69.415819, -22.037957, 528.972320, 86
49.302499, -28.285773, 563.542346, 87
104.513487, 1.718282, 583.137754, 88
84.743616, 0.994889, 576.781788, 89
85.082545, 9.836595, 527.967922, 90
68.587176, -8.490950, 536.372840, 91
98.488452, -35.981278, 545.725119, 92
73.797152, -2.828321, 536.649320, 93
79.122574, -4.749532, 582.391606, 94
69.528868, -44.524507, 533.613656, 95
69.497983, -18.792113, 556.369050, 96
83.645629, -13.173048, 572.879209, 97
63.643807, -21.062343, 550.670640, 98
63.237355, 19.997740, 527.742008, 99
56.474967, -7.322612, 582.373256, 100
69.618343, 17.581116, 549.957067, 101
91.166822, 3.666665, 558.770268, 102
53.347922, -34.939078, 532.016704, 103
75.172826, 0.500047, 572.061934, 104
74.020130, -42.373979, 572.332077, 105
92.809428, -16.559779, 529.614464, 106
65.635693, 23.402416, 561.236005, 107
54.970553, -25.356755, 516.248396, 108
90.818154, -5.802841, 581.040799, 109
103.735596, 6.988695, 549.793007, 110
102.564587, -35.795879, 543.449030, 111
68.977604, 11.687521, 523.190668, 112
44.203785, 21.352031, 533.046047, 113
61.396096, -15.878052, 578.340950, 114
49.913815, 14.458681, 580.761077, 115
107.420949, -5.134806, 540.276176, 116
53.491457, 16.817467, 539.753553, 117
99.902833, -40.614901, 559.191271, 118
101.326753, 6.519835, 529.463349, 119
98.823359, -2.147477, 581.246596, 120
65.072299, -11.985777, 521.525477, 121
93.696793, 13.308393, 578.007618, 122
102.062916, 13.828751, 575.434592, 123
51.564894, -37.178052, 535.631261, 124
46.361379, -30.947671, 526.164963, 125
112.297803, -35.929645, 565.824749, 126
69.029942, -26.121596, 558.717131, 127
