x coord, y coord, z coord, scalar
65.994081, 14.898089, 148.810424, 0
77.257009, 5.457783, 162.021671, 1
86.509794, 30.612532, 183.511214, 2
58.499991, -6.547889, 199.831320, 3
47.726911, -16.926260, 181.544179, 4
56.467302, -9.654902, 202.054642, 5
35.675590, -2.033474, 196.484483, 6
57.413030, 17.480404, 190.712923, 7
66.082228, 41.176730, 200.240659, 8
64.400430, 28.944120, 167.827985, 9
42.723147, 5.591823, 207.251061, 10
50.525430, -6.497565, 168.513980, 11
71.538968, -9.334149, 154.932097, 12
45.322560, 28.538942, 172.909132, 13
35.426083, -13.080402, 180.507688, 14
75.962275, 22.759948, 195.377804, 15
68.289164, 37.808628, 149.149694, 16
55.045877, 5.875240, 191.155094, 17
36.031079, -17.388866, 188.137199, 18
26.544144, 26.384630, 172.886671, 19
53.363971, -20.238623, 203.003467, 20
50.887333, 9.659909, 152.311209, 21
78.393354, -8.147510, 167.501974, 22
23.597853, 16.548147, 151.846328, 23
55.498848, 31.347359, 163.290774, 24
26.279007, 17.963252, 141.856137, 25
80.648648, -3.093976, 204.189691, 26
88.790199, 31.324967, 165.870342, 27
70.217564, -21.990306, 173.006320, 28
48.627082, -16.073064, 155.196325, 29
80.505616, 16.664011, 159.482642, 30
73.781370, -21.795046, 193.667469, 31
85.084471, 35.971412, 141.325357, 32
42.858839, 38.942360, 182.398397, 33
53.697043, 5.094811, 169.551063, 34
75.979664, 10.746920, 143.319818, 35
76.827664, 2.049181, 164.750731, 36
71.289705, 1.492999, 151.881109, 37
27.432417, -17.635805, 154.415694, 38
59.430616, 10.364367, 162.867508, 39
73.618839, 1.523597, 204.056487, 40
23.373857, -14.041395, 206.786349, 41
76.033158, -18.303322, 198.563155, 42
76.350375, 3.928605, 193.310922, 43
49.021142, 36.998738, 154.211129, 44
77.564160, 23.632016, 189.482956, 45
79.875837, 11.113299, 147.337538, 46
34.898953, -6.943346, 173.355277, 47
45.772104, -0.137845, 180.243829, 48
59.179515, 38.665843, 146.414299, 49
81.038917, 22.938295, 172.462796, 50
75.367746, 25.685251, 182.946289, 51
72.426428, 12.372027, 189.167873, 52
61.261928, -0.623977, 148.901858, 53
44.845207, 27.770260, 141.706028, 54
58.048207, 15.988027, 189.862971, 55
37.803517, 6.517492, 156.781614, 56
44.132924, 20.789544, 174.363153, 57
76.480198, -22.784906, 198.750223, 58
46.997115, 15.767710, 193.221504, 59
52.403271, 7.460234, 171.965073, 60
83.857900, -6.518401, 153.455828, 61
57.076539, -23.438371, 190.352801, 62
36.516796, 17.196667, 145.534183, 63
44.410537, 41.414967, 197.829362, 64
45.108439, 10.116779, 169.622718, 65
25.243749, 27.293388, 200.665193, 66
41.017215, -17.920071, 177.260004, 67
74.372285, 37.933209, 179.000124, 68
63.394859, -4.416078, 150.573212, 69
46.888701, 27.360272, 182.558376, 70
77.845716, 21.871786, 200.564882, 71
21.573922, -10.398022, 201.651441, 72
70.918544, 5.491845, 174.653458, 73
75.444594, 29.275481, 171.873853, 74
63.546311, -14.962483, 206.515578, 75
23.441481, -10.345616, 189.614346, 76
83.098515, 10.044711, 196.219137, 77
50.631059, -4.929543, 189.958660, 78
88.622990, 37.838569, 141.347084, 79
29.468607, -4.619090, 193.232329, 80
71.018828, -16.119799, 170.909424, 81
61.856057, -15.172799, 185.036311, 82
53.779848, 35.118865, 146.333566, 83
87.425175, 21.217071, 200.133959, 84
49.571404, -4.582995, 209.696461, 85
46.359300, -1.768411, 155.156078, 86
26.245986, -8.016253, 189.725783, 87
81.456967, 21.987830, 209.321266, 88
61.687092, 21.264438, 202.965261, 89
62.026024, 30.106142, 154.151516, 90
45.530650, 11.778595, 162.556573, 91
75.431937, -15.711723, 171.908731, 92
50.740627, 17.441226, 162.832991, 93
56.066050, 15.520016, 208.575031, 94
46.472358, -24.254961, 159.797363, 95
46.441286, 1.477433, 182.553584, 96
60.589101, 7.096509, 199.062561, 97
40.587249, -0.792846, 176.855376, 98
40.180834, 40.267285, 153.925589, 99
33.418444, 12.946929, 208.556672, 100
46.561820, 37.850661, 176.140633, 101
68.110298, 23.936215, 184.953814, 102
30.291408, -14.669538, 158.200405, 103
52.116297, 20.769594, 198.245389, 104
50.963630, -22.104427, 198.515369, 105
69.752908, 3.709771, 155.798106, 106
42.579171, 43.671961, 187.419547, 107
31.914035, -5.087212, 142.432034, 108
67.761631, 14.466709, 207.224262, 109
80.679075, 27.258244, 175.976568, 110
79.508071, -15.526327, 169.632629, 111
45.921083, 31.957067, 149.374263, 112
21.147265, 41.621575, 159.229617, 113
38.339570, 4.391486, 204.524201, 114
26.857294, 34.728224, 206.944589, 115
84.364429, 15.134743, 166.459756, 116
30.434935, 37.087011, 165.937129, 117
76.846319, -20.345346, 185.374815, 118
78.270233, 26.789383, 155.646930, 119
75.766839, 18.122072, 207.430093, 120
42.015779, 8.283768, 147.709135, 121
70.640272, 33.577941, 204.191135, 122
79.006395, 34.098299, 201.618118, 123
28.508381, -16.908513, 161.814957, 124
23.304863, -10.678129, 152.348608, 125
89.241287, -15.660094, 192.008280, 126
45.973423, -5.852055, 184.900692, 127
