x coord, y coord, z coord, scalar
59.826302, 27.949142, 30.742540, 0
71.089231, 18.508839, 43.953786, 1
80.342015, 43.663586, 65.443311, 2
52.332216, 6.503176, 81.763309, 3
41.559188, -3.875207, 63.476388, 4
50.299529, 3.396158, 83.986631, 5
29.507803, 11.017559, 78.416426, 6
51.245244, 30.531462, 72.645003, 7
59.914448, 54.227783, 82.172750, 8
58.232649, 41.995174, 49.760093, 9
36.555364, 18.642874, 89.183084, 10
44.357654, 6.553494, 50.446255, 11
65.371191, 3.716906, 36.864220, 12
39.154777, 41.589995, 54.841242, 13
29.258324, -0.029386, 62.439879, 14
69.794495, 35.811003, 77.309893, 15
62.121385, 50.859681, 31.081799, 16
48.878080, 18.926311, 73.087110, 17
29.863322, -4.337837, 70.069249, 18
20.376362, 39.435680, 54.818778, 19
47.196201, -7.187568, 84.935496, 20
44.719553, 22.710962, 34.243342, 21
72.225578, 4.903546, 49.434089, 22
17.430073, 29.599198, 33.778443, 23
49.331067, 44.398413, 45.222884, 24
20.111229, 31.014303, 23.788249, 25
74.480871, 9.957080, 86.121771, 26
82.622420, 44.376020, 47.802444, 27
64.049791, -8.939248, 54.938437, 28
42.459307, -3.022012, 37.128472, 29
74.337838, 29.715066, 41.414750, 30
67.613596, -8.743989, 75.599553, 31
78.916693, 49.022465, 23.257460, 32
36.691058, 51.993412, 64.330495, 33
47.529257, 18.145871, 51.483256, 34
69.811886, 23.797973, 25.251929, 35
70.659886, 15.100237, 46.682848, 36
65.121927, 14.544054, 33.813229, 37
21.264641, -4.584756, 36.347821, 38
53.262834, 23.415423, 44.799646, 39
67.451061, 14.574654, 85.988558, 40
17.206081, -0.990348, 88.718412, 41
69.865384, -5.252265, 80.495235, 42
70.182596, 16.979664, 75.243006, 43
42.853362, 50.049791, 36.143236, 44
71.396380, 36.683071, 71.415049, 45
73.708059, 24.164352, 29.269647, 46
28.731175, 6.107685, 55.287524, 47
39.604217, 12.913218, 62.176548, 48
53.011737, 51.716896, 28.346405, 49
74.871138, 35.989350, 54.394899, 50
69.199966, 38.736306, 64.878387, 51
66.258647, 25.423085, 71.099963, 52
55.094151, 12.427077, 30.833986, 53
38.677428, 40.821312, 23.638139, 54
51.880421, 29.039086, 71.795052, 55
31.635736, 19.568542, 38.713758, 56
37.965138, 33.840597, 56.295273, 57
70.312424, -9.733850, 80.682306, 58
40.829325, 28.818764, 75.153565, 59
46.235481, 20.511294, 53.897261, 60
77.690122, 6.532653, 35.387938, 61
50.908776, -10.387313, 72.284868, 62
30.349017, 30.247718, 27.466300, 63
38.242756, 54.466019, 79.761453, 64
38.940650, 23.167831, 51.554890, 65
19.075968, 40.344439, 82.597279, 66
34.849463, -4.869034, 59.192219, 67
68.204505, 50.984263, 60.932222, 68
57.227081, 8.634976, 32.505341, 69
40.720917, 40.411325, 64.490476, 70
71.677937, 34.922841, 82.496969, 71
15.406145, 2.653023, 83.583504, 72
64.750764, 18.542905, 56.585576, 73
69.276814, 42.326536, 53.805956, 74
57.378537, -1.911427, 88.447628, 75
17.273704, 2.705422, 71.546423, 76
76.930737, 23.095767, 78.151225, 77
44.463275, 8.121619, 71.889944, 78
82.455212, 50.889622, 23.279186, 79
23.300825, 8.431942, 75.164356, 80
64.851055, -3.068741, 52.841547, 81
55.688294, -2.121729, 66.968407, 82
47.612069, 48.169917, 28.265674, 83
81.257397, 34.268125, 82.066050, 84
43.403626, 8.468059, 91.628473, 85
40.191521, 11.282641, 37.088233, 86
20.078208, 5.034781, 71.657849, 87
75.289188, 35.038884, 91.253353, 88
55.519311, 34.315493, 84.897337, 89
55.858245, 43.157195, 36.083625, 90
39.362866, 24.829647, 44.488721, 91
69.264163, -2.660666, 53.840846, 92
44.572844, 30.492279, 44.765122, 93
49.898269, 28.571070, 90.507093, 94
40.304585, -11.203909, 41.729504, 95
40.273387, 14.528510, 64.485955, 96
54.421317, 20.147570, 80.994603, 97
34.419438, 12.258179, 58.787803, 98
34.013055, 53.318337, 35.857695, 99
27.250662, 25.997979, 90.488733, 100
40.394039, 50.901714, 58.072734, 101
61.942516, 36.987271, 66.885910, 102
24.123632, -1.618490, 40.132544, 103
45.948513, 33.820649, 80.177460, 104
44.795865, -9.053373, 80.447395, 105
63.585130, 16.760826, 37.730230, 106
36.411390, 56.723013, 69.351642, 107
25.746257, 7.963839, 24.364155, 108
61.593851, 27.517764, 89.156335, 109
74.511296, 40.309298, 57.908669, 110
73.340295, -2.475271, 51.564741, 111
39.753304, 45.008119, 31.306373, 112
14.979486, 54.672626, 41.161720, 113
32.171786, 17.442534, 86.456216, 114
20.689514, 47.779275, 88.876676, 115
78.196650, 28.185798, 48.391861, 116
24.267155, 50.138062, 47.869234, 117
70.678545, -7.294289, 67.306911, 118
72.102454, 39.840437, 37.579036, 119
69.599059, 31.173127, 89.362175, 120
35.848000, 21.334820, 29.641263, 121
64.472493, 46.628994, 86.123223, 122
72.838616, 47.149352, 83.550209, 123
22.340606, -3.857466, 43.747095, 124
17.137085, 2.372920, 34.280732, 125
83.073511, -2.609038, 73.940372, 126
39.805645, 7.198993, 66.832793, 127
