x coord, y coord, z coord, scalar
60.070724, 22.089123, 208.306478, 0
28.157293, 17.796732, 178.249355, 1
29.210868, 24.262927, 200.141188, 2
53.617403, 7.895007, 194.540672, 3
60.847194, -21.203825, 180.133558, 4
40.705365, 10.894224, 187.570457, 5
53.341842, -14.716838, 172.097285, 6
53.092943, -11.739943, 182.504060, 7
29.867078, 26.417430, 163.533328, 8
43.978700, -15.586916, 173.003503, 9
62.221171, 24.730365, 165.659725, 1057.429907, -18.405368, 205.563282, 1122.581539, -8.947916, 200.393388, 1261.164621, 24.916062, 178.855597, 1342.607532, 14.470254, 179.758598, 1461.182891, -16.117417, 212.759600, 1535.655605, 17.471063, 168.609928, 1646.194524, -0.729001, 178.976920, 1767.140341, 9.384627, 175.961473, 1869.115545, -17.929676, 182.481331, 1929.021251, 24.538079, 177.778832, 2033.122871, 10.674966, 181.480287, 2125.588410, 13.503085, 194.639158, 2264.423681, 3.374667, 190.122469, 2330.181544, 26.228781, 175.159849, 2448.382003, 16.118649, 181.149275, 2548.043828, -19.518765, 169.187555, 2655.095681, 6.922318, 190.565331, 2720.974742, 2.769626, 170.517105, 2835.378037, 0.592164, 174.694283, 2956.301229, 9.859979, 169.799602, 3020.982304, 23.229429, 202.581275, 3140.904462, 29.064421, 186.651558, 3222.445890, 22.195072, 212.133025, 3351.010184, -18.916413, 208.929014, 3464.611928, 9.712160, 195.614871, 3532.663441, -13.536999, 198.202875, 3640.292826, 21.805262, 175.692380, 3769.299983, 23.026579, 200.568801, 3826.719365, -12.888401, 171.728140, 3939.855501, 23.659363, 203.694921, 4048.096903, 24.888249, 197.491548, 4137.580455, -5.500315, 197.123178, 4262.673896, -2.807850, 189.885493, 4361.709205, 28.448921, 193.075816, 4457.540493, 21.767822, 173.355181, 4540.057592, -16.861751, 181.925015, 4625.162740, 3.677651, 174.297423, 4739.297007, 1.684626, 167.891227, 4826.768070, 8.650556, 177.109592, 4936.938095, 28.752633, 171.336137, 5027.535287, 5.556516, 166.791580, 5163.468716, 23.383541, 183.398086, 5247.494142, 14.764415, 202.697041, 5324.281839, 5.180593, 201.713148, 5455.799531, -8.571953, 194.048217, 5567.596588, 11.732227, 199.293224, 5636.423838, 17.141556, 173.538048, 5749.163133, -14.854478, 197.329476, 5855.496204, -7.839825, 176.547531, 5971.047699, 9.344830, 175.867056, 6029.286110, 17.126711, 203.530320, 6134.519582, 9.302396, 197.481069, 6256.359526, -14.496491, 182.812783, 6345.958841, -9.968069, 210.100071, 6434.574269, 26.078050, 172.095294, 6567.064311, 22.381605, 205.934336, 6653.259788, -12.487587, 193.643127, 6765.239720, 16.922129, 200.895412, 6849.471523, 1.125416, 163.622795, 6964.460508, 0.879981, 195.074452, 7027.229797, 10.412682, 182.768320, 7169.202006, 25.178835, 162.637884, 7253.585363, 10.245358, 170.248290, 7323.300268, -15.088825, 182.386950, 7420.302606, -0.267979, 179.032186, 7530.839790, -4.496685, 171.981001, 7623.676401, 29.009676, 181.600194, 7755.761372, 22.956367, 169.089527, 7843.559036, 1.134783, 192.321692, 7945.623679, -5.697640, 163.768853, 8027.600369, 1.778641, 196.288317, 8148.810568, -0.312388, 192.034398, 8249.890321, -18.020071, 172.847006, 8358.580432, -14.473236, 179.865010, 8427.869667, -13.924041, 201.703685, 8545.343753, -2.837601, 167.774331, 8655.766768, 1.085330, 167.351655, 8724.269085, -14.446352, 212.414211, 8831.800500, 9.359270, 184.116201, 8962.564028, -16.310079, 200.525275, 9064.774728, -8.463169, 172.871363, 9147.965332, 20.594024, 194.665507, 9226.901948, -0.808647, 198.752218, 9338.190720, -13.521226, 206.385791, 9456.497467, -5.404978, 163.028887, 95