x coord, y coord, z coord, scalar
55.260634, 34.451802, 66.941212, 0
23.347200, 30.159407, 36.884092, 1
24.400777, 36.625604, 58.775927, 2
48.807311, 20.257686, 53.175375, 3
56.037116, -8.841145, 38.768228, 4
35.895272, 23.256900, 46.205168, 5
48.531784, -2.354178, 30.731793, 6
48.282859, 0.622731, 41.138672, 7
25.056984, 38.780106, 22.168081, 8
39.168621, -3.224256, 31.638162, 9
57.411073, 37.093047, 24.294472, 10
52.619819, -6.042690, 64.198004, 11
17.771450, 3.414760, 59.028123, 12
56.354526, 37.278742, 37.490325, 13
37.797436, 26.832929, 38.393309, 14
56.372802, -3.754739, 71.394329, 15
30.845508, 29.833738, 27.244670, 16
41.384427, 11.633667, 37.611535, 17
62.330243, 21.747316, 34.596151, 18
64.305463, -5.566992, 41.116016, 19
24.211159, 36.900755, 36.413574, 20
28.312778, 23.037641, 40.115010, 21
20.778319, 25.865762, 53.273893, 22
59.613589, 15.737349, 48.757155, 23
25.371451, 38.591458, 33.794593, 24
43.571906, 28.481326, 39.783982, 25
43.233759, -7.156104, 27.822235, 26
50.285588, 19.284997, 49.200019, 27
16.164650, 15.132299, 29.151849, 28
30.567942, 12.954831, 33.328988, 29
51.491112, 22.222663, 28.434261, 30
16.172214, 35.592107, 61.216017, 31
36.094369, 41.427098, 45.286294, 32
17.635800, 34.557750, 70.767767, 33
46.200096, -6.553735, 67.563741, 34
59.801837, 22.074841, 54.249582, 35
27.853352, -1.174323, 56.837601, 36
35.482731, 34.167938, 34.327112, 37
64.489892, 35.389259, 59.203533, 38
21.909276, -0.525730, 30.362876, 39
35.045410, 36.022041, 62.329656, 40
43.286811, 37.250927, 56.126280, 41
32.770365, 6.862361, 55.757895, 42
57.863807, 9.554831, 48.520165, 43
56.899114, 40.811601, 51.710549, 44
52.730395, 34.130503, 31.989907, 45
35.247506, -4.499080, 40.559710, 46
20.352647, 16.040323, 32.932159, 47
34.486905, 14.047286, 26.525937, 48
21.957978, 21.013229, 35.744326, 49
32.128001, 41.115310, 29.970882, 50
22.725194, 17.919187, 25.426325, 51
58.658622, 35.746222, 42.032811, 52
42.684051, 27.127093, 61.331767, 53
19.471749, 17.543270, 60.347883, 54
50.989443, 3.790725, 52.682904, 55
62.786497, 24.094907, 57.927945, 56
31.613742, 29.504231, 32.172781, 57
44.353045, -2.491801, 55.964183, 58
50.686122, 4.522848, 35.181950, 59
66.237603, 21.707519, 34.501752, 60
24.476019, 29.489388, 62.165056, 61
29.709492, 21.665072, 56.115795, 62
51.549445, -2.133815, 41.447412, 63
41.148752, 2.394608, 68.734798, 64
29.764175, 38.440726, 30.730038, 65
62.254221, 34.744285, 64.569070, 66
48.449701, -0.124910, 52.277818, 67
60.429629, 29.284809, 59.530138, 68
44.661357, 13.488040, 22.257505, 69
59.650418, 13.242662, 53.709150, 70
22.419704, 22.775356, 41.403051, 71
64.391910, 37.541518, 21.272638, 72
48.775249, 22.608038, 28.882956, 73
18.490180, -2.726151, 41.021683, 74
15.492516, 12.094695, 37.666923, 75
26.029699, 7.865982, 30.615725, 76
18.866310, 41.372353, 40.234938, 77
50.951274, 35.319047, 27.724264, 78
38.748945, 13.497459, 50.956391, 79
40.813577, 6.664967, 22.403569, 80
22.790279, 14.141317, 54.923047, 81
44.000477, 12.050289, 50.669085, 82
45.080251, -5.657408, 31.481636, 83
53.770354, -2.110558, 38.499610, 84
23.059579, -1.561365, 60.338417, 85
40.533642, 9.525030, 26.408923, 86
50.956561, 13.448020, 25.985826, 87
19.458996, -2.083675, 71.048949, 88
26.990407, 21.721944, 42.750924, 89
57.753941, -3.947400, 59.159989, 90
59.964657, 3.899538, 31.505841, 91
43.155240, 32.956703, 53.300233, 92
22.091858, 11.554029, 57.386949, 93
33.380632, -1.158549, 65.020519, 94
51.687378, 6.957702, 21.663666, 95
