x coord, y coord, z coord, scalar
71.895930, 9.190345, 350.587269, 0
39.982500, 4.897957, 320.530141, 1
41.036074, 11.364150, 342.421973, 2
65.442610, -5.003770, 336.821497, 3
72.672393, -34.102605, 322.414419, 4
52.530572, -2.004551, 329.851274, 5
65.167025, -27.615611, 314.378328, 6
64.918144, -24.638719, 324.784986, 7
41.692285, 13.518655, 305.814097, 8
55.803896, -28.485685, 315.284377, 9
74.046382, 11.831587, 307.940500, 1069.255111, -31.304146, 347.844086, 1134.406744, -21.846692, 342.674178, 1272.989831, 12.017284, 321.136393, 1354.432741, 1.571480, 322.039414, 1473.008095, -29.016195, 355.040396, 1547.480814, 4.572290, 310.890710, 1658.019732, -13.627770, 321.257843, 1778.965554, -3.514154, 318.242326, 1880.940747, -30.828457, 324.762177, 1940.846458, 11.639303, 320.059614, 2044.948078, -2.223807, 323.761091, 2137.413616, 0.604310, 336.919947, 2276.248888, -9.524112, 332.403314, 2342.006752, 13.330006, 317.440629, 2460.207212, 3.219874, 323.430096, 2559.869018, -32.417536, 311.468405, 2666.920889, -5.976459, 332.846172, 2732.799947, -10.129147, 312.797884, 2847.203243, -12.306606, 316.975107, 2968.126452, -3.038796, 312.080476, 3032.807510, 10.330653, 344.862057, 3152.729669, 16.165644, 328.932346, 3234.271095, 9.296296, 354.413806, 3362.835388, -31.815190, 351.209813, 3476.437135, -3.186618, 337.895687, 3544.488645, -26.435775, 340.483676, 3652.118035, 8.906487, 317.973172, 3781.125189, 10.127801, 342.849593, 3838.544568, -25.787173, 314.008928, 3951.680707, 10.760587, 345.975710, 4059.922109, 11.989472, 339.772341, 4149.405660, -18.399091, 339.403989, 4274.499103, -15.706629, 332.166353, 4373.534413, 15.550144, 335.356608, 4469.365704, 8.869045, 315.635980, 4551.882794, -29.760524, 324.205849, 4636.987945, -9.221122, 316.578212, 4751.122215, -11.214137, 310.172046, 4838.593277, -4.248218, 319.390383, 4948.763302, 15.853858, 313.616915, 5039.360494, -7.342256, 309.072358, 5175.293924, 10.484763, 325.678887, 5259.319349, 1.865638, 344.977840, 5336.107044, -7.718183, 343.993937, 5467.624736, -21.470731, 336.329060, 5579.421794, -1.166551, 341.574029, 5648.249047, 4.242783, 315.818840, 5760.988337, -27.753255, 339.610296, 5867.321404, -20.738602, 318.828674, 5982.872911, -3.553952, 318.147889, 6041.111316, 4.227934, 345.811108, 6146.344788, -3.596380, 339.761868, 6268.184726, -27.395270, 325.093690, 6357.784045, -22.866846, 352.380870, 6446.399476, 13.179274, 314.376074, 6578.889518, 9.482827, 348.215127, 6665.084992, -25.386364, 335.923966, 6777.064927, 4.023351, 343.176211, 6861.296762, -11.773312, 305.903612, 6976.285714, -12.018797, 337.355281, 7039.055003, -2.486093, 325.049114, 7181.027216, 12.280057, 304.918652, 7265.410584, -2.653414, 312.529157, 7335.125472, -27.987600, 324.667741, 7432.127812, -13.166753, 321.312973, 7542.664995, -17.395456, 314.261802, 7635.501608, 16.110901, 323.880973, 7767.586584, 10.057591, 311.370314, 7855.384242, -11.763992, 334.602522, 7957.448876, -18.596371, 306.049663, 8039.425575, -11.120134, 338.569113, 8160.635774, -13.211163, 334.315241, 8261.715512, -30.918844, 315.127911, 8370.405630, -27.372016, 322.145950, 8439.694872, -26.822817, 343.984478, 8557.168961, -15.736345, 310.055280, 8667.592046, -11.813428, 309.633073, 8736.094290, -27.345129, 354.694997, 8843.625706, -3.539504, 326.397003, 8974.389232, -29.208857, 342.806087, 9076.599929, -21.361967, 315.152440, 9159.790540, 7.695248, 336.946307, 9238.727153, -13.707423, 341.033012, 9350.015925, -26.420002, 348.666589, 9468.322673, -18.303756, 305.309627, 95