x coord, y coord, z coord, scalar
75.361188, 18.540678, 286.682896, 0
43.447757, 14.248289, 256.625770, 1
44.501331, 20.714483, 278.517603, 2
68.907867, 4.346563, 272.917109, 3
76.137656, -24.752272, 258.510014, 4
55.995829, 7.345781, 265.946889, 5
68.632296, -18.265287, 250.473841, 6
68.383404, -15.288388, 260.880552, 7
45.157541, 22.868987, 241.909734, 8
59.269158, -19.135360, 251.379966, 9
77.511637, 21.181922, 244.036135, 1072.720370, -21.953813, 283.939707, 1137.872002, -12.496360, 278.769806, 1276.455086, 21.367618, 257.232018, 1357.897997, 10.921811, 258.135030, 1476.473354, -19.665862, 291.136021, 1550.946069, 13.922621, 246.986341, 1661.484987, -4.277442, 257.353410, 1782.430809, 5.836183, 254.337925, 1884.406008, -21.478123, 260.857779, 1944.311715, 20.989635, 256.155245, 2048.413334, 7.126524, 259.856712, 2140.878873, 9.954642, 273.015575, 2279.714145, -0.173778, 268.498917, 2345.472008, 22.680338, 253.536261, 2463.672467, 12.570206, 259.525710, 2563.334284, -23.067211, 247.564006, 2670.386145, 3.373874, 268.941776, 2736.265204, -0.778817, 248.893517, 2850.668499, -2.956278, 253.070719, 2971.591699, 6.311539, 248.176065, 3036.272768, 19.680985, 280.957688, 3156.194926, 25.515977, 265.027975, 3237.736353, 18.646628, 290.509438, 3366.300647, -22.464858, 287.305437, 3479.902392, 6.163716, 273.991303, 3547.953904, -17.085443, 276.579299, 3655.583290, 18.256819, 254.068798, 3784.590447, 19.478134, 278.945220, 3842.009826, -16.436844, 250.104556, 3955.145964, 20.110919, 282.071338, 4063.387367, 21.339805, 275.867968, 4152.870917, -9.048759, 275.499607, 4277.964361, -6.356295, 268.261949, 4376.999670, 24.900477, 271.452235, 4472.830959, 18.219379, 251.731604, 4555.348053, -20.410195, 260.301457, 4640.453202, 0.129208, 252.673840, 4754.587468, -1.863812, 246.267660, 4842.058533, 5.102113, 255.486011, 4952.228559, 25.204190, 249.712548, 5042.825750, 2.008074, 245.167991, 5178.759181, 19.835097, 261.774510, 5262.784606, 11.215971, 281.073464, 5339.572302, 1.632149, 280.089565, 5471.089994, -12.120398, 272.424664, 5582.887052, 8.183782, 277.669650, 5651.714302, 13.593114, 251.914467, 5764.453595, -18.402923, 275.705910, 5870.786665, -11.388271, 254.924141, 5986.338166, 5.796385, 254.243497, 6044.576573, 13.578267, 281.906736, 6149.810046, 5.753952, 275.857492, 6271.649988, -18.044938, 261.189264, 6361.249304, -13.516514, 288.476493, 6449.864732, 22.529606, 250.471706, 6582.354775, 18.833161, 284.310754, 6668.550251, -16.036032, 272.019572, 6780.530184, 13.373684, 279.271835, 6864.761988, -2.423000, 241.999227, 6979.750972, -2.668463, 273.450891, 7042.520260, 6.864238, 261.144740, 7184.492472, 21.630391, 241.014289, 7268.875832, 6.696920, 248.624750, 7338.590731, -18.637269, 260.763368, 7435.593069, -3.816422, 257.408602, 7546.130252, -8.045127, 250.357425, 7638.966865, 25.461233, 259.976606, 7771.051838, 19.407924, 247.465943, 7858.849500, -2.413660, 270.698132, 7960.914128, -9.246068, 242.145281, 8042.890832, -1.769803, 274.664738, 8164.101031, -3.860831, 270.410845, 8265.180778, -21.568518, 251.223487, 8373.870893, -18.021684, 258.241509, 8443.160130, -17.472485, 280.080104, 8560.634209, -6.386031, 246.150835, 8671.057257, -2.463088, 245.728416, 8739.559548, -17.994797, 290.790626, 8847.090963, 5.810827, 262.492626, 8977.854491, -19.858524, 278.901705, 9080.065195, -12.011623, 251.247937, 9163.255796, 17.045581, 273.041930, 9242.192411, -4.357091, 277.128638, 9353.481183, -17.069670, 284.762213, 9471.787931, -8.953423, 241.405278, 95