x coord, y coord, z coord, scalar
63.565090, 31.462444, 134.311855, 0
31.651657, 27.170052, 104.254733, 1
32.705233, 33.636247, 126.146567, 2
57.111767, 17.268328, 120.546031, 3
64.341567, -11.830504, 106.138899, 4
44.199729, 20.267544, 113.575821, 5
56.836225, -5.343529, 98.102537, 6
56.587312, -2.366625, 108.509369, 7
33.361442, 35.790750, 89.538715, 8
47.473071, -6.213606, 99.008838, 9
65.715533, 34.103689, 91.665109, 10
60.924274, -9.032047, 131.568652, 1126.075905, 0.425404, 126.398765, 1264.658985, 34.289384, 104.860970, 1346.101895, 23.843573, 105.763962, 1464.677257, -6.744096, 138.764974, 1539.149967, 26.844383, 94.615309, 16
49.688886, 8.644315, 104.982231, 1770.634703, 18.757955, 101.966819, 1872.609916, -8.556352, 108.486680, 1932.515616, 33.911399, 103.784213, 2036.617235, 20.048285, 107.485658, 2129.082775, 22.876406, 120.644535, 2267.918046, 12.747990, 116.127819, 2333.675908, 35.602101, 101.165231, 2451.876365, 25.491969, 107.154636, 2551.538204, -10.145455, 95.192901, 26
58.590045, 16.295639, 116.570682, 2724.469106, 12.142944, 96.522487, 28
38.872400, 9.965479, 100.699643, 2959.795580, 19.233304, 95.804937, 30
24.476670, 32.602750, 128.586656, 3144.398826, 38.437742, 112.656936, 3225.940255, 31.568393, 138.138406, 3354.504551, -9.543092, 134.934387, 3468.106293, 19.085483, 121.620235, 3536.157807, -4.163679, 124.208247, 3643.787189, 31.178582, 101.697756, 3772.794348, 32.399901, 126.574177, 3830.213731, -3.515084, 97.733517, 39
43.349866, 33.032684, 129.700298, 4051.591268, 34.261570, 123.496923, 4141.074821, 3.873005, 123.128545, 4266.168263, 6.565472, 115.890835, 4365.203570, 37.822243, 119.081192, 4461.034855, 31.141145, 99.360553, 45
43.551960, -7.488434, 107.930370, 4628.657104, 13.050969, 100.302801, 4742.791365, 11.057938, 93.896590, 48
30.262434, 18.023874, 103.114969, 4940.432458, 38.125954, 97.341520, 50
31.029651, 14.929833, 92.796963, 51
66.963080, 32.756864, 109.403458, 5250.988508, 24.137736, 128.702413, 5327.776204, 14.553914, 127.718525, 5459.293898, 0.801368, 120.053568, 5571.090953, 21.105549, 125.298593, 5639.918201, 26.514876, 99.543424, 57
52.657500, -5.481158, 123.334838, 5858.990574, 1.533493, 102.552734, 5974.542062, 18.718157, 101.872412, 6032.780475, 26.500031, 129.535698, 6138.013948, 18.675716, 123.486441, 6259.853896, -5.123172, 108.818101, 6349.453207, -0.594749, 136.105443, 6438.068632, 35.451370, 98.100676, 65
70.558677, 31.754927, 131.939713, 6656.754155, -3.114267, 119.648480, 6768.734086, 26.295451, 126.900784, 6852.965844, 10.498711, 89.628158, 69
67.954874, 10.253304, 121.079809, 7030.724161, 19.786001, 108.773695, 7172.696369, 34.552159, 88.643271, 72
57.079716, 19.618681, 96.253629, 73
26.794635, -5.715507, 108.392326, 7423.796972, 9.105340, 105.037564, 7534.334155, 4.876630, 97.986372, 76
27.170766, 38.382997, 107.605576, 7759.255734, 32.329690, 95.094905, 78
47.053401, 10.508103, 118.327050, 7949.118035, 3.675643, 89.774220, 80
31.094735, 11.151961, 122.293691, 8152.304933, 9.060933, 118.039748, 8253.384697, -8.646760, 98.852325, 83
62.074805, -5.099916, 105.870313, 8431.364034, -4.550721, 127.709060, 8548.838105, 6.535695, 93.779629, 86
59.261071, 10.458664, 93.356721, 87
27.763451, -5.073032, 138.419590, 8835.294864, 18.732589, 110.121572, 8966.058395, -6.936758, 126.530640, 9068.269106, 0.910167, 98.876598, 91
51.459697, 29.967345, 120.670879, 9230.396314, 8.564673, 124.757593, 9341.685087, -4.147905, 132.391164, 9459.991833, 3.968344, 89.034289, 95
