x coord, y coord, z coord, scalar
74.107250, 14.694847, 421.937072, 0
42.193820, 10.402459, 391.879942, 1
43.247393, 16.868652, 413.771774, 2
67.653929, 0.500732, 408.171318, 3
74.883712, -28.598102, 393.764259, 4
54.741892, 3.499951, 401.201090, 5
67.378344, -22.111106, 385.728260, 6
67.129463, -19.134217, 396.134858, 7
43.903605, 19.023157, 377.163889, 8
58.015216, -22.981181, 386.634223, 9
76.257702, 17.336088, 379.290295, 1071.466431, -25.799644, 419.193895, 1136.618063, -16.342190, 414.023981, 1275.201150, 17.521785, 392.486200, 1356.644062, 7.075981, 393.389230, 1475.219415, -23.511693, 426.390201, 1549.692134, 10.076792, 382.240509, 1660.231052, -8.123268, 392.607714, 1781.176874, 1.990346, 389.592160, 1883.152066, -25.323955, 396.112008, 1943.057778, 17.143805, 391.409413, 2047.159398, 3.280694, 395.110900, 2139.624935, 6.108811, 408.269750, 2278.460207, -4.019611, 403.753145, 2344.218071, 18.834507, 388.790427, 2462.418532, 8.724375, 394.779915, 2562.080337, -26.913032, 382.818240, 2669.132208, -0.471958, 404.196001, 2735.011267, -4.624645, 384.147681, 2849.414564, -6.802104, 388.324927, 2970.337773, 2.465703, 383.430321, 3035.018829, 15.835155, 416.211855, 3154.940989, 21.670146, 400.282148, 3236.482415, 14.800797, 425.763605, 3365.046707, -26.310688, 422.559620, 3478.648454, 2.317884, 409.245503, 3546.699965, -20.931273, 411.833484, 3654.329355, 14.410989, 389.322975, 3783.336508, 15.632302, 414.199397, 3840.755888, -20.282671, 385.358730, 3953.892026, 16.265088, 417.325512, 4062.133429, 17.493974, 411.122146, 4151.616979, -12.894589, 410.753802, 4276.710422, -10.202128, 403.516192, 4375.745732, 21.054645, 406.706412, 4471.577024, 14.373546, 386.985788, 4554.094113, -24.256022, 395.555675, 4639.199265, -3.716620, 387.928014, 4753.333537, -5.709635, 381.521863, 4840.804597, 1.256284, 390.740187, 4950.974622, 21.358359, 384.966712, 5041.571814, -1.837754, 380.422154, 5177.505244, 15.989264, 397.028695, 5261.530668, 7.370140, 416.327648, 5338.318363, -2.213681, 415.343740, 5469.836055, -15.966229, 407.678890, 5581.633113, 4.337950, 412.923840, 5650.460367, 9.747284, 387.168644, 5763.199656, -22.248753, 410.960115, 5869.532723, -15.234099, 390.178657, 5985.084230, 1.950548, 389.497714, 6043.322635, 9.732436, 417.160909, 6148.556108, 1.908122, 411.111676, 6270.396045, -21.890767, 396.443553, 6359.995365, -17.362345, 423.730677, 6448.610796, 18.683776, 385.725871, 6581.100837, 14.987329, 419.564930, 6667.296311, -19.881862, 407.273794, 6779.276246, 9.527853, 414.526019, 6863.508091, -6.268812, 377.253428, 6978.497034, -6.514296, 408.705104, 7041.266323, 3.018409, 396.398918, 7183.238535, 17.784557, 376.268443, 7267.621905, 2.851086, 383.878999, 7337.336792, -22.483098, 396.017544, 7434.339131, -7.662251, 392.662774, 7544.876315, -11.890954, 385.611610, 7637.712927, 21.615402, 395.230770, 7769.797904, 15.562092, 382.720115, 7857.595562, -6.259490, 405.952345, 7959.660202, -13.091865, 377.399476, 8041.636894, -5.615632, 409.918919, 8162.847093, -7.706662, 405.665071, 8263.926831, -25.414340, 386.477774, 8372.616949, -21.867514, 393.495829, 8441.906191, -21.318315, 415.334282, 8559.380285, -10.231841, 381.405164, 8669.803374, -6.308935, 380.983199, 8738.305609, -21.840627, 426.044797, 8845.837026, 1.964998, 397.746813, 8976.600551, -23.704355, 414.155902, 9078.811245, -15.857466, 386.502390, 9162.001859, 13.199749, 408.296115, 9240.938473, -8.202921, 412.382817, 9352.227244, -20.915500, 420.016396, 9470.533992, -12.799255, 376.659404, 95