x coord, y coord, z coord, scalar
75.664107, 12.618903, 313.158799, 0
43.750676, 8.326515, 283.101673, 1
44.804250, 14.792708, 304.993505, 2
69.210786, -1.575212, 299.393018, 3
76.440573, -30.674048, 284.985931, 4
56.298748, 1.424007, 292.422797, 5
68.935208, -24.187060, 276.949791, 6
68.686322, -21.210163, 287.356480, 7
45.460461, 16.947213, 268.385633, 8
59.572074, -25.057132, 277.855885, 9
77.814557, 15.260146, 270.512035, 1073.023289, -27.875588, 310.415612, 1138.174921, -18.418135, 305.245709, 1276.758007, 15.445843, 283.707922, 1358.200917, 5.000037, 284.610937, 1476.776273, -25.587637, 317.611925, 1551.248989, 8.000848, 273.462243, 1661.787907, -10.199214, 283.829338, 1782.733730, -0.085594, 280.813839, 1884.708926, -27.399899, 287.333692, 1944.614635, 15.067861, 282.631147, 2048.716254, 1.204750, 286.332618, 2141.181792, 4.032867, 299.491478, 2280.017065, -6.095553, 294.974830, 2345.774928, 16.758563, 280.012162, 2463.975388, 6.648432, 286.001618, 2563.637198, -28.988983, 274.039920, 2670.689065, -2.547901, 295.417688, 2736.568124, -6.700591, 275.369417, 2850.971419, -8.878050, 279.546628, 2971.894624, 0.389765, 274.651984, 3036.575687, 13.759211, 307.433589, 3156.497846, 19.594202, 291.503877, 3238.039272, 12.724853, 316.985339, 3366.603566, -28.386633, 313.781341, 3480.205312, 0.241941, 300.467211, 3548.256823, -23.007218, 303.055203, 3655.886211, 12.335045, 280.544702, 3784.893366, 13.556359, 305.421123, 3842.312745, -22.358617, 276.580459, 3955.448884, 14.189144, 308.547241, 4063.690286, 15.418030, 302.343871, 4153.173836, -14.970534, 301.975514, 4278.267280, -12.278071, 294.737865, 4377.302589, 18.978702, 297.928138, 4473.133880, 12.297604, 278.207508, 4555.650971, -26.331968, 286.777368, 4640.756121, -5.792566, 279.149743, 4754.890389, -7.785583, 272.743569, 4842.361453, -0.819661, 281.961914, 4952.531478, 19.282416, 276.188449, 5043.128670, -3.913699, 271.643892, 5179.062101, 13.913322, 288.250414, 5263.087525, 5.294196, 307.549368, 5339.875221, -4.289625, 306.565468, 5471.392913, -18.042173, 298.900576, 5583.189971, 2.262007, 304.145555, 5652.017222, 7.671340, 278.390370, 5764.756514, -24.324698, 302.181819, 5871.089582, -17.310045, 281.400110, 5986.641087, -0.125392, 280.719408, 6044.879493, 7.656492, 308.382639, 6150.112965, -0.167822, 302.333396, 6271.952905, -23.966713, 287.665189, 6361.552223, -19.438289, 314.952398, 6450.167652, 16.607832, 276.947607, 6582.657695, 12.911385, 310.786657, 6668.853169, -21.957807, 298.495484, 6780.833104, 7.451909, 305.747739, 6865.064919, -8.344761, 268.475135, 6980.053892, -8.590239, 299.926801, 7042.823179, 0.942464, 287.620643, 7184.795392, 15.708616, 267.490188, 7269.178756, 0.775146, 275.100667, 7338.893649, -24.559043, 287.239271, 7435.895988, -9.738196, 283.884504, 7546.433171, -13.966900, 276.833329, 7639.269784, 19.539458, 286.452506, 7771.354759, 13.486149, 273.941845, 7859.152419, -8.335435, 297.174042, 7961.217046, -15.167828, 268.621188, 8043.193752, -7.691577, 301.140642, 8164.403950, -9.782606, 296.886757, 8265.483693, -27.490291, 277.699411, 8374.173810, -23.943459, 284.717440, 8443.463049, -23.394260, 306.556007, 8560.937130, -12.307796, 272.626768, 8671.360199, -8.384860, 272.204436, 8739.862467, -23.916572, 317.266528, 8847.393882, -0.110947, 288.968531, 8978.157410, -25.780299, 305.377612, 9080.368112, -17.933404, 277.723894, 9163.558716, 11.123806, 299.517835, 9242.495330, -10.278866, 303.604542, 9353.784102, -22.991445, 311.238117, 9472.090850, -14.875198, 267.881171, 95