x coord, y coord, z coord, scalar
65.455709, 27.478657, 145.124816, 0
33.542276, 23.186266, 115.067695, 1
34.595852, 29.652461, 136.959529, 2
59.002386, 13.284542, 131.358995, 3
66.232184, -15.814291, 116.951866, 4
46.090348, 16.283758, 124.388785, 5
58.726839, -9.327315, 108.915517, 6
58.477930, -6.350412, 119.322341, 7
35.252061, 31.806964, 100.351675, 8
49.363688, -10.197391, 109.821805, 9
67.606153, 30.119902, 102.478069, 1062.814893, -13.015834, 142.381614, 1127.966524, -3.558383, 137.211727, 1266.549604, 30.305598, 115.673932, 1347.992514, 19.859788, 116.576925, 1466.567876, -10.727883, 149.577936, 1541.040586, 22.860597, 105.428270, 1651.579505, 4.660530, 115.795202, 1772.525323, 14.774167, 112.779785, 1874.500534, -12.540140, 119.299646, 1934.406235, 29.927613, 114.597174, 2038.507854, 16.064499, 118.298620, 2130.973394, 18.892619, 131.457496, 2269.808665, 8.764203, 126.940785, 2335.566527, 31.618315, 111.978192, 2453.766984, 21.508183, 117.967600, 2553.428820, -14.129241, 106.005867, 2660.480665, 12.311853, 127.383647, 2726.359725, 8.159159, 107.335448, 2840.763018, 5.981694, 111.512607, 2961.686202, 15.249519, 106.617905, 3026.367288, 28.618963, 139.399617, 3146.289445, 34.453955, 123.469897, 3227.830874, 27.584607, 148.951367, 3356.395169, -13.526879, 145.747349, 3469.996912, 15.101696, 132.433199, 3538.048426, -8.147466, 135.021209, 3645.677808, 27.194796, 112.510717, 3774.684967, 28.416114, 137.387138, 3832.104349, -7.498870, 108.546479, 3945.240485, 29.048898, 140.513260, 4053.481887, 30.277784, 134.309885, 4142.965439, -0.110782, 133.941508, 4268.058882, 2.581685, 126.703802, 4367.094189, 33.838456, 129.894154, 4462.925474, 27.157358, 110.173515, 4545.442578, -11.472220, 118.743335, 4630.547722, 9.067183, 111.115762, 4744.681984, 7.074154, 104.709554, 4832.153053, 14.040088, 113.927930, 4942.323077, 34.142168, 108.154480, 5032.920270, 10.946048, 103.609924, 5168.853699, 28.773077, 120.216420, 5252.879127, 20.153949, 139.515375, 5329.666823, 10.570127, 138.531487, 5461.184517, -3.182419, 130.866533, 5572.981572, 17.121762, 136.111556, 5641.808820, 22.531090, 110.356386, 5754.548118, -9.464945, 134.147801, 5860.881192, -2.450294, 113.365720, 5976.432682, 14.734370, 112.685376, 6034.671094, 22.516245, 140.348659, 6139.904566, 14.691930, 134.299404, 6261.744514, -9.106959, 119.631071, 6351.343826, -4.578535, 146.918406, 6439.959251, 31.467584, 108.913637, 6572.449296, 27.771140, 142.752674, 6658.644774, -7.098053, 130.461445, 6770.624705, 22.311664, 137.713746, 6854.856468, 6.514935, 100.441121, 6969.845493, 6.269517, 131.892773, 7032.614780, 15.802215, 119.586657, 7174.586989, 30.568372, 99.456231, 72
58.970337, 15.634896, 107.066596, 7328.685253, -9.699293, 119.205288, 7425.687590, 5.121554, 115.850526, 7536.224773, 0.892844, 108.799335, 7629.061385, 34.399210, 118.418537, 7761.146353, 28.345903, 105.907867, 7848.944020, 6.524317, 129.140014, 7951.008650, -0.308135, 100.587183, 8032.985354, 7.168175, 133.106653, 8154.195552, 5.077146, 128.852714, 8255.275313, -12.630546, 109.665295, 8363.965422, -9.083703, 116.683285, 8433.254652, -8.534508, 138.522022, 8550.728723, 2.551915, 104.592602, 8661.151703, 6.474883, 104.169727, 8729.654070, -9.056819, 149.232551, 8837.185483, 14.748803, 120.934534, 8967.949014, -10.920545, 137.343603, 9070.159724, -3.073624, 109.689580, 9153.350316, 25.983559, 131.483841, 9232.286932, 4.580886, 135.570555, 9343.575705, -8.131692, 143.204127, 9461.882452, -0.015443, 99.847247, 95
