x coord, y coord, z coord, scalar
60.130067, 34.403276, 124.106683, 0
28.216634, 30.110884, 94.049562, 1
29.270210, 36.577080, 115.941396, 2
53.676744, 20.209161, 110.340858, 3
60.906544, -8.889671, 95.933723, 4
40.764706, 23.208376, 103.370648, 5
53.401206, -2.402695, 87.897349, 6
53.152290, 0.574207, 98.304189, 7
29.926419, 38.731582, 79.333545, 8
44.038050, -3.272774, 88.803661, 9
62.280509, 37.044521, 81.459938, 10
57.489251, -6.091215, 121.363480, 1122.640883, 3.366236, 116.193594, 1261.223961, 37.230216, 94.655798, 13
42.666871, 26.784405, 95.558789, 14
61.242235, -3.803264, 128.559802, 1535.714944, 29.785214, 84.410138, 16
46.253863, 11.585146, 94.777051, 17
67.199678, 21.698787, 91.761643, 18
69.174893, -5.615519, 98.281505, 19
29.080593, 36.852231, 93.579042, 20
33.182212, 22.989117, 97.280485, 21
25.647752, 25.817238, 110.439363, 2264.483023, 15.688822, 105.922644, 2330.240885, 38.542933, 90.960060, 24
48.441341, 28.432801, 96.949463, 25
48.103184, -7.204622, 84.987726, 26
55.155022, 19.236471, 106.365508, 2721.034084, 15.083776, 86.317316, 28
35.437377, 12.906310, 90.494470, 29
56.360555, 22.174135, 85.599760, 30
21.041647, 35.543582, 118.381485, 3140.963803, 41.378574, 102.451765, 3222.505232, 34.509225, 127.933235, 3351.069528, -6.602260, 124.729215, 3464.671270, 22.026315, 111.415062, 3532.722785, -1.222847, 114.003075, 3640.352166, 34.119414, 91.492584, 37
69.359325, 35.340733, 116.369005, 3826.778708, -0.574252, 87.528346, 39
39.914843, 35.973516, 119.495127, 4048.156245, 37.202402, 113.291752, 4137.639798, 6.813837, 112.923373, 4262.733240, 9.506305, 105.685659, 4361.768547, 40.763075, 108.876021, 4457.599831, 34.081976, 89.155381, 45
40.116938, -4.547602, 97.725196, 46
25.222081, 15.991800, 90.097630, 47
39.356343, 13.998768, 83.691417, 48
26.827412, 20.964706, 92.909797, 49
36.997435, 41.066786, 87.136349, 50
27.594628, 17.870665, 82.591792, 51
63.528056, 35.697696, 99.198286, 52
47.553485, 27.078568, 118.497241, 5324.341181, 17.494746, 117.513354, 5455.858875, 3.742200, 109.848393, 5567.655930, 24.046381, 115.093421, 5636.483177, 29.455707, 89.338253, 57
49.222477, -2.540326, 113.129664, 5855.555552, 4.474325, 92.347539, 59
71.107038, 21.658990, 91.667238, 60
29.345453, 29.440863, 119.330527, 6134.578925, 21.616548, 113.281269, 6256.418874, -2.182339, 98.612922, 63
46.018184, 2.346084, 125.900271, 6434.633609, 38.392202, 87.895505, 65
67.123654, 34.695759, 121.734541, 6653.319133, -0.173434, 109.443306, 6765.299063, 29.236283, 116.695612, 6849.530820, 13.439534, 79.422985, 69
64.519851, 13.194136, 110.874635, 7027.289138, 22.726833, 98.568524, 71
69.261345, 37.492991, 78.438101, 72
53.644691, 22.559512, 86.048453, 73
23.359612, -2.774675, 98.187154, 74
20.361949, 12.046172, 94.832393, 75
30.899132, 7.817461, 87.781200, 76
23.735743, 41.323829, 97.400406, 77
55.820710, 35.270521, 84.889734, 78
43.618379, 13.448935, 108.121876, 7945.683017, 6.616469, 79.569047, 80
27.659712, 14.092793, 112.088520, 8148.869910, 12.001765, 107.834574, 8249.949677, -5.705927, 88.647146, 83
58.639783, -2.159082, 95.665132, 84
27.929011, -1.609889, 117.503889, 8545.403084, 9.476523, 83.574447, 86
55.826038, 13.399488, 83.151509, 87
24.328428, -2.132200, 128.214419, 8831.859841, 21.673421, 99.916400, 89
62.623373, -3.995925, 116.325467, 9064.834082, 3.851003, 88.671408, 91
48.024674, 32.908178, 110.465707, 9226.961291, 11.505505, 114.552421, 9338.250064, -1.207073, 122.185993, 9456.556810, 6.909176, 78.829120, 95
