x coord, y coord, z coord, scalar
60.944212, 19.671036, 187.756530, 0
29.030780, 15.378646, 157.699407, 1
30.084355, 21.844840, 179.591241, 2
54.490890, 5.476921, 173.990719, 3
61.720683, -23.621912, 159.583600, 4
41.578852, 8.476138, 167.020506, 5
54.215331, -17.134927, 151.547302, 6
53.966431, -14.158030, 161.954093, 7
30.740565, 23.999344, 142.983383, 8
44.852187, -18.005004, 152.453543, 9
63.094658, 22.312279, 145.109779, 1058.303395, -20.823455, 185.013332, 1123.455027, -11.366003, 179.843441, 1262.038109, 22.497976, 158.305648, 1343.481020, 12.052168, 159.208646, 1462.056378, -18.535504, 192.209651, 1536.529092, 15.052977, 148.059982, 1647.068011, -3.147087, 158.426954, 1768.013829, 6.966542, 155.411516, 1869.989034, -20.347762, 161.931375, 1929.894739, 22.119992, 157.228885, 2033.996358, 8.256880, 160.930338, 2126.461897, 11.084999, 174.089210, 2265.297168, 0.956581, 169.572514, 2331.055032, 23.810695, 154.609903, 2449.255490, 13.700563, 160.599323, 2548.917316, -21.936854, 148.637598, 2655.969169, 4.504232, 170.015376, 2721.848229, 0.351540, 149.967158, 2836.251524, -1.825923, 154.144331, 2957.174716, 7.441894, 149.249642, 3021.855792, 20.811343, 182.031328, 3141.777950, 26.646334, 166.101611, 3223.319377, 19.776986, 191.583078, 3351.883671, -21.334499, 188.379065, 3465.485416, 7.294074, 175.064920, 3533.536929, -15.955086, 177.652926, 3641.166314, 19.387176, 155.142432, 3770.173470, 20.608493, 180.018853, 3827.592852, -15.306487, 151.178192, 3940.728988, 21.241277, 183.144973, 4048.970390, 22.470163, 176.941600, 4138.453942, -7.918402, 176.573228, 4263.547384, -5.225937, 169.335536, 4362.582693, 26.030835, 172.525868, 4458.413981, 19.349736, 152.805232, 4540.931080, -19.279838, 161.375061, 4626.036227, 1.259564, 153.747476, 4740.170493, -0.733460, 147.341276, 4827.641557, 6.232469, 156.559644, 4937.811582, 26.334547, 150.786191, 5028.408774, 3.138430, 146.241634, 5164.342203, 20.965455, 162.848137, 5248.367630, 12.346328, 182.147092, 5325.155326, 2.762507, 181.163200, 5456.673019, -10.990040, 173.498262, 5568.470075, 9.314141, 178.743274, 5637.297325, 14.723470, 152.988100, 5750.036620, -17.272565, 176.779524, 5856.369692, -10.257913, 155.997534, 5971.921187, 6.926745, 155.317102, 6030.159598, 14.708624, 182.980372, 6135.393070, 6.884310, 176.931120, 6257.233014, -16.914578, 162.262818, 6346.832328, -12.386156, 189.550122, 6435.447756, 23.659963, 151.545348, 6567.937799, 19.963519, 185.384388, 6654.133276, -14.905674, 173.093173, 6766.113208, 14.504043, 180.345463, 6850.345003, -1.292668, 143.072843, 6965.333996, -1.538105, 174.524498, 7028.103284, 7.994595, 162.218372, 7170.075494, 22.760749, 142.087939, 7254.458850, 7.827274, 149.698332, 7324.173756, -17.506912, 161.837002, 7421.176094, -2.686065, 158.482239, 7531.713277, -6.914772, 151.431051, 7624.549889, 26.591590, 161.050248, 7756.634860, 20.538281, 148.539580, 7844.432524, -1.283303, 171.771739, 7946.497162, -8.115729, 143.218902, 8028.473857, -0.639445, 175.738369, 8149.684055, -2.730474, 171.484443, 8250.763809, -20.438160, 152.297042, 8359.453920, -16.891323, 159.315041, 8428.743155, -16.342127, 181.153737, 8546.217237, -5.255688, 147.224361, 8656.640251, -1.332748, 146.801619, 8725.142572, -16.864439, 191.864264, 8832.673987, 6.941184, 163.566251, 8963.437516, -18.728166, 179.975324, 9065.648219, -10.881255, 152.321375, 9148.838820, 18.175938, 174.115558, 9227.775435, -3.226734, 178.202270, 9339.064208, -15.939312, 185.835842, 9457.370955, -7.823064, 142.478946, 95