x coord, y coord, z coord, scalar
65.018107, 25.249079, 237.833675, 0
33.104676, 20.956689, 207.776550, 1
34.158251, 27.422883, 229.668383, 2
58.564786, 11.054964, 224.067875, 3
65.794578, -18.043868, 209.660769, 4
45.652748, 14.054181, 217.097659, 5
58.289225, -11.556882, 201.624533, 6
58.040326, -8.579987, 212.031284, 7
34.814461, 29.577387, 193.060520, 8
48.926083, -12.426960, 202.530716, 9
67.168554, 27.890322, 195.186918, 1062.377290, -15.245412, 235.090481, 1127.528922, -5.787959, 229.920585, 1266.112005, 28.076018, 208.382794, 1347.554916, 17.630211, 209.285799, 1466.130274, -12.957461, 242.286797, 1540.602988, 20.631020, 198.137123, 1651.141907, 2.430956, 208.504143, 1772.087725, 12.544584, 205.488682, 1874.062929, -14.769719, 212.008539, 1933.968635, 27.698036, 207.306027, 2038.070255, 13.834923, 211.007486, 2130.535793, 16.663042, 224.166354, 2269.371064, 6.534624, 219.649677, 2335.128928, 29.388738, 204.687044, 2453.329386, 19.278605, 210.676478, 2552.991211, -16.358809, 198.714763, 2660.043065, 10.082274, 220.092537, 2725.922125, 5.929583, 200.044299, 2840.325420, 3.752121, 204.221486, 2961.248613, 13.019936, 199.326815, 3025.929687, 26.389386, 232.108469, 3145.851845, 32.224377, 216.178754, 3227.393273, 25.355029, 241.660220, 3355.957567, -15.756456, 238.456212, 3469.559312, 12.872117, 225.142073, 3537.610824, -10.377042, 227.730074, 3645.240210, 24.965219, 205.219576, 3774.247366, 26.186535, 230.095998, 3831.666748, -9.728444, 201.255336, 3944.802884, 26.819320, 233.222117, 4053.044286, 28.048206, 227.018745, 4142.527838, -2.340358, 226.650379, 4267.621280, 0.352106, 219.412704, 4366.656589, 31.608878, 222.603013, 4462.487877, 24.927779, 202.882379, 4545.004975, -13.701794, 211.452221, 4630.110123, 6.837608, 203.824619, 4744.244390, 4.844583, 197.418429, 4831.715454, 11.810513, 206.636789, 4941.885478, 31.912590, 200.863331, 5032.482671, 8.716473, 196.318774, 5168.416099, 26.543498, 212.925285, 5252.441526, 17.924371, 232.224239, 5329.229222, 8.340550, 231.240344, 5460.746915, -5.411997, 223.575424, 5572.543971, 14.892183, 228.820423, 5641.371221, 20.301513, 203.065245, 5754.110516, -11.694522, 226.856678, 5860.443587, -4.679869, 206.074800, 5975.995083, 12.504787, 205.394261, 6034.233493, 20.286667, 233.057516, 6139.466966, 12.462353, 227.008267, 6261.306909, -11.336535, 212.340003, 6350.906224, -6.808113, 239.627269, 6439.521652, 29.238006, 201.622488, 6572.011695, 25.541562, 235.461533, 6658.207171, -9.327630, 223.170334, 6770.187104, 20.082086, 230.422610, 6854.418906, 4.285375, 193.149996, 6969.407892, 4.039938, 224.601656, 7032.177180, 13.572638, 212.295517, 7174.149389, 28.338792, 192.165075, 7258.532747, 13.405316, 199.775502, 7328.247652, -11.928868, 211.914146, 7425.249990, 2.891978, 208.559382, 7535.787173, -1.336729, 201.508199, 7628.623785, 32.169633, 211.127388, 7760.708756, 26.116324, 198.616723, 7848.506420, 4.294740, 221.848897, 7950.571061, -2.537682, 193.296053, 8032.547753, 4.938598, 225.815515, 8153.757951, 2.847569, 221.561605, 8254.837704, -14.860115, 202.374226, 8363.527815, -11.313280, 209.392237, 8432.817051, -10.764084, 231.230882, 8550.291135, 0.322357, 197.301560, 8660.714153, 4.245290, 196.878979, 8729.216468, -11.286396, 241.941406, 8836.747883, 12.519227, 213.643400, 8967.511411, -13.150122, 230.052476, 9069.722112, -5.303213, 202.398618, 9152.912716, 23.753981, 224.192706, 9231.849331, 2.351310, 228.279415, 9343.138103, -10.361269, 235.912989, 9461.444851, -2.245022, 192.556073, 95