x coord, y coord, z coord, scalar
54.066420, 35.506160, 109.938533, 0
22.152988, 31.213767, 79.881412, 1
23.206563, 37.679963, 101.773246, 2
47.613097, 21.312044, 96.172704, 3
54.842898, -7.786786, 81.765566, 4
34.701059, 24.311259, 89.202495, 5
47.337562, -1.299809, 73.729177, 6
47.088644, 1.677091, 84.136027, 7
23.862772, 39.834465, 65.165396, 8
37.974406, -2.169890, 74.635503, 9
56.216862, 38.147403, 67.291789, 10
51.425604, -4.988331, 107.195328, 1116.577236, 4.469120, 102.025444, 1255.160314, 38.333100, 80.487648, 13
36.603224, 27.887288, 81.390636, 14
55.178588, -2.700380, 114.391651, 1529.651297, 30.888097, 70.241989, 16
40.190217, 12.688028, 80.608889, 17
61.136030, 22.801670, 77.593488, 18
63.111246, -4.512634, 84.113350, 19
23.016946, 37.955114, 79.410892, 20
27.118565, 24.092000, 83.112334, 21
19.584105, 26.920121, 96.271213, 22
58.419375, 16.791706, 91.754489, 23
24.177239, 39.645816, 76.791911, 24
42.377694, 29.535684, 82.781310, 25
42.039540, -6.101737, 70.819570, 26
49.091375, 20.339355, 92.197353, 27
14.970437, 16.186659, 72.149167, 28
29.373731, 14.009193, 76.326317, 29
50.296906, 23.277016, 71.431603, 30
14.978000, 36.646466, 104.213335, 3134.900156, 42.481457, 88.283615, 32
16.441586, 35.612109, 113.765086, 3345.005881, -5.499376, 110.561064, 3458.607623, 23.129199, 97.246909, 35
26.659138, -0.119964, 99.834924, 36
34.288519, 35.222297, 77.324434, 37
63.295678, 36.443617, 102.200855, 3820.715062, 0.528631, 73.360196, 39
33.851196, 37.076400, 105.326977, 4042.092598, 38.305286, 99.123601, 41
31.576151, 7.916720, 98.755220, 42
56.669593, 10.609188, 91.517503, 43
55.704900, 41.865959, 94.707870, 44
51.536183, 35.184859, 74.987230, 45
34.053292, -3.444718, 83.557042, 46
19.158435, 17.094684, 75.929479, 47
33.292697, 15.101649, 69.523264, 48
20.763765, 22.067589, 78.741647, 49
30.933788, 42.169669, 72.968200, 50
21.530982, 18.973548, 68.423643, 51
57.464409, 36.800579, 85.030134, 52
41.489838, 28.181451, 104.329090, 5318.277535, 18.597629, 103.345204, 5449.795228, 4.845084, 95.680238, 55
61.592283, 25.149265, 100.925269, 5630.419531, 30.558590, 75.170102, 57
43.158830, -1.437442, 98.961511, 58
49.491906, 5.577209, 78.179358, 59
65.043390, 22.761873, 77.499083, 60
23.281806, 30.543747, 105.162377, 6128.515278, 22.719431, 99.113118, 62
50.355228, -1.079455, 84.444762, 63
39.954537, 3.448967, 111.732120, 6428.569962, 39.495085, 73.727356, 65
61.060007, 35.798643, 107.566391, 6647.255486, 0.929449, 95.275151, 67
59.235415, 30.339167, 102.527461, 6843.467175, 14.542408, 65.254832, 69
58.456204, 14.297020, 96.706481, 70
21.225492, 23.829716, 84.400373, 71
63.197698, 38.595875, 64.269953, 72
47.581043, 23.662393, 71.880296, 73
17.295966, -1.671791, 84.019004, 74
14.298302, 13.149055, 80.664243, 75
24.835487, 8.920344, 73.613049, 76
17.672097, 42.426712, 83.232256, 77
49.757062, 36.373404, 70.721584, 78
37.554732, 14.551818, 93.953722, 79
39.619376, 7.719348, 65.400895, 80
21.596066, 15.195677, 97.920369, 81
42.806263, 13.104648, 93.666419, 82
43.886032, -4.603042, 74.478986, 83
52.576136, -1.056198, 81.496968, 84
21.865364, -0.507005, 103.335738, 8539.339441, 10.579402, 69.406283, 86
49.762385, 14.502361, 68.983302, 87
18.264782, -1.029316, 114.046269, 8825.796194, 22.776304, 85.748248, 89
56.559726, -2.893041, 102.157315, 9058.770433, 4.953889, 74.503232, 91
41.961027, 34.011061, 96.297556, 92
20.897644, 12.608388, 100.384270, 9332.186417, -0.104190, 108.017842, 9450.493163, 8.012060, 64.660975, 95
