x coord, y coord, z coord, scalar
52.356261, 34.998000, 105.519711, 0
20.442829, 30.705607, 75.462591, 1
21.496404, 37.171803, 97.354425, 2
45.902938, 20.803884, 91.753882, 3
53.132739, -8.294945, 77.346743, 4
32.990900, 23.803099, 84.783673, 5
45.627403, -1.807968, 69.310348, 6
45.378485, 1.168932, 79.717201, 7
22.152613, 39.326306, 60.746575, 8
36.264247, -2.678050, 70.216679, 9
54.506702, 37.639244, 62.872968, 10
49.715446, -5.496491, 102.776506, 1114.867077, 3.960960, 97.606622, 12
53.450155, 37.824940, 76.068826, 13
34.893066, 27.379128, 76.971814, 14
53.468429, -3.208540, 109.972829, 1527.941138, 30.379937, 65.823167, 16
38.480058, 12.179868, 76.190064, 17
59.425871, 22.293510, 73.174664, 18
61.401087, -5.020794, 79.694527, 19
21.306787, 37.446954, 74.992071, 20
25.408406, 23.583840, 78.693512, 21
17.873946, 26.411961, 91.852392, 22
56.709216, 16.283546, 87.335666, 23
22.467080, 39.137657, 72.373090, 24
40.667535, 29.027524, 78.362488, 25
40.329381, -6.609897, 66.400747, 26
47.381216, 19.831195, 87.778530, 27
13.260278, 15.678500, 67.730345, 28
27.663572, 13.501033, 71.907494, 29
48.586747, 22.768856, 67.012779, 30
13.267841, 36.138306, 99.794514, 31
33.189997, 41.973297, 83.864793, 32
14.731427, 35.103949, 109.346264, 3343.295722, -6.007536, 106.142242, 3456.897464, 22.621039, 92.828087, 35
24.948979, -0.628123, 95.416102, 36
32.578360, 34.714137, 72.905612, 37
61.585519, 35.935457, 97.782033, 38
19.004904, 0.020471, 68.941374, 39
32.141037, 36.568240, 100.908155, 4040.382439, 37.797126, 94.704779, 41
29.865992, 7.408561, 94.336398, 42
54.959433, 10.101029, 87.098679, 43
53.994741, 41.357799, 90.289048, 44
49.826024, 34.676699, 70.568408, 45
32.343133, -3.952878, 79.138219, 46
17.448276, 16.586524, 71.510658, 47
31.582539, 14.593489, 65.104442, 48
19.053606, 21.559429, 74.322825, 49
29.223629, 41.661509, 68.549379, 50
19.820823, 18.465388, 64.004822, 51
55.754250, 36.292419, 80.611312, 52
39.779679, 27.673292, 99.910268, 53
16.567376, 18.089470, 98.926382, 54
48.085069, 4.336924, 91.261415, 55
59.882124, 24.641105, 96.506447, 56
28.709372, 30.050430, 70.751280, 57
41.448671, -1.945602, 94.542689, 58
47.781747, 5.069050, 73.760527, 59
63.333231, 22.253713, 73.080261, 60
21.571647, 30.035587, 100.743555, 6126.805119, 22.211272, 94.694296, 62
48.645069, -1.587614, 80.025937, 63
38.244378, 2.940807, 107.313299, 6426.859803, 38.986925, 69.308535, 65
59.349848, 35.290483, 103.147569, 6645.545327, 0.421290, 90.856328, 67
57.525256, 29.831007, 98.108639, 68
41.757017, 14.034246, 60.836010, 69
56.746045, 13.788860, 92.287658, 70
19.515333, 23.321556, 79.981551, 71
61.487539, 38.087715, 59.851132, 72
45.870884, 23.154233, 67.461472, 73
15.585807, -2.179951, 79.600182, 74
12.588144, 12.640895, 76.245422, 75
23.125328, 8.412184, 69.194227, 76
15.961938, 41.918552, 78.813435, 77
48.046903, 35.865244, 66.302763, 78
35.844573, 14.043658, 89.534899, 79
37.909219, 7.211188, 60.982073, 80
19.885907, 14.687517, 93.501547, 81
41.096104, 12.596488, 89.247595, 82
42.175874, -5.111201, 70.060161, 83
50.865977, -1.564357, 77.078142, 84
20.155205, -1.015165, 98.916917, 85
37.629283, 10.071242, 64.987457, 86
48.052226, 13.994199, 64.564464, 87
16.554623, -1.537476, 109.627447, 8824.086035, 22.268144, 81.329426, 89
54.849567, -3.401201, 97.738493, 90
57.060274, 4.445730, 70.084403, 91
40.250868, 33.502901, 91.878734, 92
19.187485, 12.100229, 95.965449, 93
30.476258, -0.612349, 103.599020, 9448.783004, 7.503900, 60.242154, 95
