x coord, y coord, z coord, scalar
65.482922, 23.520636, 156.545568, 0
33.569490, 19.228245, 126.488446, 1
34.623065, 25.694440, 148.380280, 2
59.029600, 9.326521, 142.779750, 3
66.259396, -19.772313, 128.372623, 4
46.117561, 12.325737, 135.809538, 5
58.754048, -13.285335, 120.336287, 6
58.505142, -10.308432, 130.743103, 7
35.279274, 27.848944, 111.772425, 8
49.390899, -14.155410, 121.242563, 9
67.633367, 26.161881, 113.898820, 1062.842105, -16.973855, 153.802367, 1127.993737, -7.516403, 148.632479, 1266.576818, 26.347577, 127.094685, 1348.019728, 15.901767, 127.997679, 1466.595089, -14.685904, 160.998688, 1541.067800, 18.902577, 116.849021, 1651.606718, 0.702510, 127.215964, 1772.552538, 10.816145, 124.200541, 1874.527746, -16.498162, 130.720402, 1934.433448, 25.969592, 126.017925, 2038.535067, 12.106479, 129.719373, 2131.000607, 14.934598, 142.878248, 2269.835879, 4.806182, 138.361541, 2335.593741, 27.660295, 123.398943, 2453.794198, 17.550163, 129.388354, 2553.456030, -18.087260, 117.426624, 2660.507878, 8.353832, 138.804403, 2726.386938, 4.201138, 118.756199, 2840.790232, 2.023675, 122.933362, 2961.713419, 11.291498, 118.038663, 3026.394502, 24.660943, 150.820368, 3146.316659, 30.495934, 134.890649, 3227.858087, 23.626586, 160.372118, 3356.422382, -17.484900, 157.168102, 3470.024126, 11.143675, 143.853952, 3538.075639, -12.105486, 146.441962, 3645.705022, 23.236775, 123.931469, 3774.712180, 24.458093, 148.807890, 3832.131562, -11.456890, 119.967231, 3945.267698, 25.090877, 151.934012, 4053.509100, 26.319763, 145.730637, 4142.992652, -4.068802, 145.362262, 4268.086095, -1.376336, 138.124559, 4367.121403, 29.880435, 141.314906, 4462.952689, 23.199337, 121.594268, 4545.469790, -15.430240, 130.164090, 4630.574936, 5.109163, 122.536514, 4744.709198, 3.116135, 116.130308, 4832.180266, 10.082068, 125.348682, 4942.350291, 30.184147, 119.575231, 5032.947483, 6.988028, 115.030674, 5168.880913, 24.815056, 131.637173, 5252.906340, 16.195928, 150.936128, 5329.694036, 6.612106, 149.952239, 5461.211729, -7.140440, 142.287289, 5573.008785, 13.163741, 147.532309, 5641.836034, 18.573070, 121.777138, 5754.575331, -13.422966, 145.568555, 5860.908404, -6.408315, 124.786499, 5976.459897, 10.776348, 124.106131, 6034.698307, 18.558224, 151.769411, 6139.931780, 10.733909, 145.720156, 6261.771726, -13.064980, 131.051832, 6351.371039, -8.536556, 158.339158, 6439.986465, 27.509563, 120.334388, 6572.476509, 23.813119, 154.173426, 6658.671987, -11.056074, 141.882201, 6770.651918, 18.353643, 149.134499, 6854.883690, 2.556923, 111.861875, 6969.872706, 2.311496, 143.313528, 7032.641993, 11.844194, 131.007409, 7174.614203, 26.610351, 110.876981, 7258.997554, 11.676876, 118.487354, 7328.712466, -13.657313, 130.626039, 7425.714803, 1.163534, 127.271277, 7536.251986, -3.065175, 120.220087, 7629.088598, 30.441190, 129.839288, 7761.173568, 24.387882, 117.328618, 7848.971233, 2.566296, 140.560769, 7951.035863, -4.266147, 112.007936, 8033.012567, 3.210154, 144.527406, 8154.222765, 1.119125, 140.273470, 8255.302523, -16.588565, 121.086056, 8363.992634, -13.041724, 128.104048, 8433.281865, -12.492528, 149.942774, 8550.755937, -1.406099, 116.013366, 8661.178931, 2.516864, 115.590526, 8729.681283, -13.014839, 160.653303, 8837.212696, 10.790783, 132.355287, 8967.976227, -14.878566, 148.764357, 9070.186936, -7.031649, 121.110353, 9153.377530, 22.025538, 142.904594, 9232.314145, 0.622866, 146.991307, 9343.602918, -12.089713, 154.624879, 9461.909665, -3.973464, 111.267995, 95