x coord, y coord, z coord, scalar
75.991521, 14.946351, 432.737691, 0
44.078091, 10.653964, 402.680561, 1
45.131665, 17.120157, 424.572392, 2
69.538201, 0.752236, 418.971940, 3
76.767983, -28.346598, 404.564884, 4
56.626164, 3.751455, 412.001711, 5
69.262615, -21.859602, 396.528899, 6
69.013735, -18.882712, 406.935488, 7
45.787876, 19.274661, 387.964507, 8
59.899487, -22.729677, 397.434849, 9
78.141973, 17.587593, 390.090914, 1073.350702, -25.548140, 429.994516, 1138.502335, -16.090686, 424.824600, 1277.085422, 17.773290, 403.286819, 1358.528333, 7.327486, 404.189851, 1477.103686, -23.260189, 437.190821, 1551.576405, 10.328296, 393.041127, 1662.115324, -7.871764, 403.408343, 1783.061145, 2.241851, 400.392785, 1885.036337, -25.072451, 406.912632, 1944.942050, 17.395310, 402.210031, 2049.043670, 3.532199, 405.911520, 2141.509207, 6.360316, 419.070369, 2280.344479, -3.768106, 414.553768, 2346.102343, 19.086012, 399.591045, 2464.302804, 8.975879, 405.580536, 2563.964608, -26.661527, 393.618864, 2671.016480, -0.220453, 414.996624, 2736.895539, -4.373141, 394.948300, 2851.298835, -6.550599, 399.125549, 2972.222045, 2.717208, 394.230947, 3036.903101, 16.086659, 427.012474, 3156.825260, 21.921651, 411.082767, 3238.366686, 15.052302, 436.564223, 3366.930979, -26.059184, 433.360240, 3480.532726, 2.569388, 420.046124, 3548.584236, -20.679768, 422.634104, 3656.213626, 14.662493, 400.123595, 3785.220780, 15.883807, 425.000016, 3842.640159, -20.031166, 396.159349, 3955.776298, 16.516593, 428.126131, 4064.017701, 17.745478, 421.922766, 4153.501251, -12.643084, 421.554423, 4278.594693, -9.950623, 414.316817, 4377.630004, 21.306150, 417.507031, 4473.461296, 14.625050, 397.786408, 4555.978385, -24.004517, 406.356298, 4641.083537, -3.465116, 398.728633, 4755.217808, -5.458130, 392.322484, 4842.688868, 1.507789, 401.540806, 4952.858894, 21.609864, 395.767330, 5043.456085, -1.586249, 391.222773, 5179.389516, 16.240769, 407.829315, 5263.414940, 7.621644, 427.128268, 5340.202635, -1.962176, 426.144359, 5471.720327, -15.714724, 418.479513, 5583.517385, 4.589455, 423.724460, 5652.344638, 9.998789, 397.969264, 5765.083927, -21.997249, 421.760736, 5871.416994, -14.982595, 400.979304, 5986.968502, 2.202053, 400.298336, 6045.206907, 9.983940, 427.961528, 6150.440380, 2.159626, 421.912296, 6272.280317, -21.639263, 407.244181, 6361.879636, -17.110840, 434.531297, 6450.495068, 18.935281, 396.526489, 6582.985109, 15.238833, 430.365549, 6669.180583, -19.630358, 418.074417, 6781.160518, 9.779357, 425.326638, 6865.392362, -6.017305, 388.054050, 6980.381305, -6.262791, 419.505727, 7043.150594, 3.269913, 407.199538, 7185.122807, 18.036062, 387.069061, 7269.506177, 3.102591, 394.679624, 7339.221063, -22.231593, 406.818164, 7436.223403, -7.410746, 403.463393, 7546.760586, -11.639449, 396.412230, 7639.597199, 21.866907, 406.031388, 7771.682176, 15.813596, 393.520734, 7859.479834, -6.007986, 416.752967, 7961.544472, -12.840360, 388.200097, 8043.521166, -5.364128, 420.719539, 8164.731365, -7.455157, 416.465694, 8265.811102, -25.162836, 397.278402, 8374.501220, -21.616010, 404.296460, 8443.790463, -21.066811, 426.134901, 8561.264556, -9.980336, 392.205796, 8671.687646, -6.057428, 391.783867, 8740.189881, -21.589123, 436.845416, 8847.721297, 2.216502, 408.547433, 8978.484823, -23.452851, 424.956523, 9080.695517, -15.605962, 397.303031, 9163.886131, 13.451254, 419.096735, 9242.822744, -7.951417, 423.183437, 9354.111516, -20.663996, 430.817015, 9472.418264, -12.547750, 387.460020, 95