x coord, y coord, z coord, scalar
70.273567, 11.042371, 380.254070, 0
38.360137, 6.749983, 350.196942, 1
39.413710, 13.216176, 372.088774, 2
63.820246, -3.151744, 366.488306, 3
71.050029, -32.250578, 352.081236, 4
50.908209, -0.152525, 359.518081, 5
63.544661, -25.763582, 344.045183, 6
63.295780, -22.786693, 354.451816, 7
40.069922, 15.370681, 335.480894, 8
54.181533, -26.633657, 344.951196, 9
72.424019, 13.683613, 337.607299, 1067.632748, -29.452120, 377.510890, 1132.784381, -19.994666, 372.340980, 1271.367467, 13.869310, 350.803196, 1352.810379, 3.423506, 351.706221, 1471.385732, -27.164169, 384.707198, 1545.858451, 6.424316, 340.557510, 1656.397370, -11.775744, 350.924673, 1777.343191, -1.662130, 347.909140, 1879.318383, -28.976431, 354.428990, 1939.224095, 13.491329, 349.726414, 2043.325715, -0.371781, 353.427895, 2135.791252, 2.456336, 366.586748, 2274.626524, -7.672086, 362.070127, 2340.384388, 15.182032, 347.107429, 2458.584849, 5.071899, 353.096904, 2558.246654, -30.565507, 341.135220, 2665.298526, -4.124433, 362.512984, 2731.177584, -8.277121, 342.464683, 2845.580881, -10.454580, 346.641916, 2966.504090, -1.186772, 341.747295, 3031.185147, 12.182679, 374.528856, 3151.107306, 18.017670, 358.599147, 3232.648732, 11.148322, 384.080606, 3361.213025, -29.963164, 380.876616, 3474.814772, -1.334592, 367.562494, 3542.866282, -24.583749, 370.150479, 3650.495672, 10.758513, 347.639973, 3779.502826, 11.979827, 372.516395, 3836.922205, -23.935147, 343.675729, 3950.058343, 12.612613, 375.642511, 4058.299746, 13.841498, 369.439144, 4147.783296, -16.547065, 369.070795, 4272.876739, -13.854604, 361.833170, 4371.912049, 17.402169, 365.023410, 4467.743341, 10.721070, 345.302784, 4550.260431, -27.908497, 353.872660, 4635.365582, -7.369096, 346.245013, 4749.499854, -9.362111, 339.838853, 4836.970914, -2.396192, 349.057185, 4947.140939, 17.705884, 343.283714, 5037.738131, -5.490230, 338.739157, 5173.671561, 12.336789, 355.345690, 5257.696985, 3.717664, 374.644644, 5334.484681, -5.866157, 373.660739, 5466.002372, -19.618705, 365.995873, 5577.799431, 0.685475, 371.240834, 5646.626684, 6.094809, 345.485642, 5759.365973, -25.901229, 369.277104, 5865.699040, -18.886575, 348.495550, 5981.250547, -1.701927, 347.814700, 6039.488952, 6.079960, 375.477909, 6144.722425, -1.744354, 369.428672, 6266.562363, -25.543243, 354.760516, 6356.161682, -21.014820, 382.047673, 6444.777113, 15.031300, 344.042873, 6577.267154, 11.334853, 377.881929, 6663.462628, -23.534338, 365.590778, 6775.442563, 5.875377, 372.843015, 6859.674408, -9.921288, 335.570419, 6974.663351, -10.166771, 367.022091, 7037.432640, -0.634067, 354.715916, 7179.404853, 14.132082, 334.585449, 7263.788222, -0.801389, 342.195974, 7333.503109, -26.135573, 354.334543, 7430.505448, -11.314727, 350.979774, 7541.042632, -15.543429, 343.928606, 7633.879245, 17.962927, 353.547772, 7765.964221, 11.909616, 341.037115, 7853.761879, -9.911966, 364.269332, 7955.826519, -16.744341, 335.716469, 8037.803212, -9.268108, 368.235916, 8159.013410, -11.359137, 363.982054, 8260.093149, -29.066815, 344.794738, 8368.783266, -25.519990, 351.812783, 8438.072509, -24.970791, 373.651280, 8555.546602, -13.884317, 339.722115, 8665.969690, -9.961411, 339.300008, 8734.471926, -25.493103, 384.361797, 8842.003343, -1.687478, 356.063808, 8972.766869, -27.356831, 372.472894, 9074.977562, -19.509942, 344.819302, 9158.168176, 9.547274, 366.613111, 9237.104790, -11.855397, 370.699815, 9348.393561, -24.567976, 378.333392, 9466.700309, -16.451731, 334.976418, 95