x coord, y coord, z coord, scalar
70.453069, 10.121374, 370.213189, 0
38.539639, 5.828987, 340.156061, 1
39.593213, 12.295180, 362.047893, 2
63.999749, -4.072740, 356.447422, 3
71.229532, -33.171575, 342.040350, 4
51.087712, -1.073522, 349.477197, 5
63.724164, -26.684580, 334.004283, 6
63.475283, -23.707689, 344.410925, 7
40.249424, 14.449684, 325.440014, 8
54.361035, -27.554654, 334.910309, 9
72.603521, 12.762616, 327.566418, 1067.812250, -30.373117, 367.470008, 1132.963883, -20.915663, 362.300098, 1271.546970, 12.948313, 340.762314, 1352.989881, 2.502509, 341.665338, 1471.565234, -28.085166, 374.666317, 1546.037953, 5.503319, 330.516629, 1656.576872, -12.696741, 340.883782, 1777.522693, -2.583126, 337.868254, 1879.497886, -29.897428, 344.388105, 1939.403598, 12.570333, 339.685533, 2043.505218, -1.292778, 343.387013, 2135.970755, 1.535339, 356.545867, 2274.806027, -8.593083, 352.029242, 2340.563891, 14.261035, 337.066548, 2458.764352, 4.150903, 343.056020, 2558.426157, -31.486505, 331.094334, 2665.478028, -5.045430, 352.472099, 2731.357087, -9.198118, 332.423803, 2845.760383, -11.375576, 336.601032, 2966.683592, -2.107768, 331.706408, 3031.364649, 11.261682, 364.487976, 3151.286808, 17.096674, 348.558266, 3232.828234, 10.227325, 374.039725, 3361.392527, -30.884161, 370.835734, 3474.994274, -2.255589, 357.521611, 3543.045785, -25.504745, 360.109597, 3650.675174, 9.837516, 337.599092, 3779.682328, 11.058830, 362.475514, 3837.101707, -24.856144, 333.634848, 3950.237846, 11.691616, 365.601630, 4058.479249, 12.920501, 359.398262, 4147.962799, -17.468061, 359.029912, 4273.056241, -14.775600, 351.792283, 4372.091552, 16.481173, 354.982528, 4467.922844, 9.800074, 335.261902, 4550.439933, -28.829494, 343.831776, 4635.545085, -8.290093, 336.204132, 4749.679356, -10.283108, 329.797970, 4837.150416, -3.317189, 339.016304, 4947.320442, 16.784887, 333.242834, 5037.917633, -6.411226, 328.698276, 5173.851064, 11.415792, 345.304808, 5257.876488, 2.796667, 364.603762, 5334.664183, -6.787153, 363.619858, 5466.181875, -20.539701, 355.954987, 5577.978933, -0.235522, 361.199951, 5646.806186, 5.173812, 335.444761, 5759.545476, -26.822226, 359.236221, 5865.878543, -19.807572, 338.454643, 5981.430050, -2.622924, 337.773815, 6039.668455, 5.158963, 365.437027, 6144.901928, -2.665351, 359.387790, 6266.741865, -26.464240, 344.719626, 6356.341184, -21.935817, 372.006791, 6444.956616, 14.110304, 334.001992, 6577.446657, 10.413856, 367.841047, 6663.642131, -24.455335, 355.549893, 6775.622066, 4.954380, 362.802132, 6859.853908, -10.842284, 325.529536, 6974.842853, -11.087768, 356.981207, 7037.612142, -1.555064, 344.675034, 7179.584355, 13.211085, 324.544569, 7263.967725, -1.722386, 332.155087, 7333.682611, -27.056570, 344.293661, 7430.684951, -12.235723, 340.938893, 7541.222134, -16.464426, 333.887724, 7634.058747, 17.041930, 343.506891, 7766.143723, 10.988619, 330.996233, 7853.941382, -10.832963, 354.228447, 7956.006020, -17.665339, 325.675586, 8037.982714, -10.189105, 358.195034, 8159.192913, -12.280134, 353.941169, 8260.272651, -29.987813, 334.753848, 8368.962769, -26.440987, 341.771891, 8438.252011, -25.891788, 363.610398, 8555.726103, -14.805314, 329.681222, 8666.149191, -10.882405, 329.259082, 8734.651429, -26.414100, 374.320916, 8842.182845, -2.608475, 346.022925, 8972.946371, -28.277828, 362.432011, 9075.157066, -20.430938, 334.778400, 9158.347679, 8.626277, 356.572229, 9237.284292, -12.776394, 360.658933, 9348.573064, -25.488973, 368.292510, 9466.879812, -17.372727, 324.935540, 95