x coord, y coord, z coord, scalar
49.641384, 32.081149, 93.174931, 0
17.727952, 27.788756, 63.117811, 1
18.781527, 34.254953, 85.009646, 2
43.188061, 17.887034, 79.409100, 3
50.417862, -11.211796, 65.001958, 4
30.276023, 20.886248, 72.438892, 5
42.912526, -4.724819, 56.965550, 6
42.663608, -1.747919, 67.372412, 7
19.437736, 36.409455, 48.401797, 8
33.549370, -5.594901, 57.871893, 9
51.791826, 34.722393, 50.528190, 10
47.000569, -8.413341, 90.431726, 11
12.152200, 1.044109, 85.261843, 12
50.735278, 34.908089, 63.724046, 13
32.178189, 24.462277, 64.627032, 14
50.753552, -6.125390, 97.628049, 15
25.226261, 27.463086, 53.478388, 16
35.765181, 9.263018, 63.845274, 17
56.710994, 19.376660, 60.829880, 18
58.686210, -7.937645, 67.349743, 19
18.591910, 34.530104, 62.647292, 20
22.693530, 20.666990, 66.348731, 21
15.159069, 23.495111, 79.507612, 22
53.994339, 13.366696, 74.990882, 23
19.752203, 36.220806, 60.028311, 24
37.952658, 26.110673, 66.017706, 25
37.614505, -9.526748, 54.055963, 26
44.666339, 16.914344, 75.433746, 27
10.545402, 12.761649, 55.385567, 28
24.948695, 10.584182, 59.562712, 29
45.871870, 19.852005, 54.667993, 30
10.552964, 33.221455, 87.449735, 31
30.475121, 39.056446, 71.520014, 32
12.016550, 32.187098, 97.001486, 33
40.580845, -8.924386, 93.797462, 34
54.182587, 19.704188, 80.483306, 35
22.234102, -3.544974, 83.071322, 36
29.863483, 31.797286, 60.560832, 37
58.870642, 33.018606, 85.437253, 38
16.290027, -2.896379, 56.596595, 39
29.426160, 33.651389, 88.563376, 40
37.667562, 34.880275, 82.360000, 41
27.151115, 4.491710, 81.991617, 42
52.244557, 7.184178, 74.753894, 43
51.279864, 38.440948, 77.944269, 44
47.111147, 31.759849, 58.223628, 45
29.628256, -6.869728, 66.793436, 46
14.733399, 13.669673, 59.165878, 47
28.867662, 11.676638, 52.759660, 48
16.338729, 18.642579, 61.978046, 49
26.508752, 38.744658, 56.204600, 50
17.105946, 15.548537, 51.660043, 51
53.039373, 33.375569, 68.266532, 52
37.064802, 24.756441, 87.565488, 53
13.852499, 15.172619, 86.581603, 54
45.370193, 1.420073, 78.916632, 55
57.167247, 21.724254, 84.161666, 56
25.994495, 27.133579, 58.406501, 57
38.733795, -4.862452, 82.197907, 58
45.066870, 2.152199, 61.415721, 59
60.618354, 19.336863, 60.735478, 60
18.856770, 27.118736, 88.398776, 61
24.090242, 19.294421, 82.349516, 62
45.930192, -4.504465, 67.681149, 63
35.529502, 0.023957, 94.968518, 64
24.144926, 36.070074, 56.963756, 65
56.634971, 32.373632, 90.802790, 66
42.830450, -2.495561, 78.511545, 67
54.810380, 26.914156, 85.763859, 68
39.042140, 11.117396, 48.491228, 69
54.031168, 10.872009, 79.942876, 70
16.800456, 20.404705, 67.636771, 71
58.772662, 35.170864, 47.506354, 72
43.156007, 20.237382, 55.116687, 73
12.870930, -5.096801, 67.255403, 74
9.873267, 9.724045, 63.900642, 75
20.410451, 5.495334, 56.849446, 76
13.247061, 39.001702, 66.468656, 77
45.332026, 32.948394, 53.957983, 78
33.129696, 11.126808, 77.190117, 79
35.194341, 4.294337, 48.637292, 80
17.171030, 11.770666, 81.156767, 81
38.381227, 9.679638, 76.902812, 82
39.460997, -8.028052, 57.715373, 83
48.151100, -4.481208, 64.733352, 84
17.440328, -3.932016, 86.572137, 85
34.914405, 7.154391, 52.642666, 86
45.337349, 11.077349, 52.219637, 87
13.839746, -4.454327, 97.282668, 88
21.371158, 19.351293, 68.984646, 89
52.134690, -6.318052, 85.393712, 90
54.345397, 1.528879, 57.739602, 91
37.535991, 30.586050, 79.533954, 92
16.472608, 9.183378, 83.620669, 93
27.761381, -3.529200, 91.254240, 94
46.068127, 4.587050, 47.897379, 95
