x coord, y coord, z coord, scalar
59.946292, 21.059463, 201.304548, 0
28.032861, 16.767073, 171.247425, 1
29.086436, 23.233267, 193.139258, 2
53.492971, 6.865348, 187.538740, 3
60.722763, -22.233484, 173.131624, 4
40.580933, 9.864565, 180.568526, 5
53.217411, -15.746498, 165.095343, 6
52.968511, -12.769603, 175.502123, 7
29.742646, 25.387771, 156.531399, 8
43.854269, -16.616576, 166.001568, 9
62.096739, 23.700706, 158.657795, 1057.305475, -19.435028, 198.561351, 1122.457107, -9.977576, 193.391458, 1261.040190, 23.886402, 171.853666, 1342.483101, 13.440594, 172.756666, 1461.058459, -17.147077, 205.757669, 1535.531173, 16.441404, 161.607998, 1646.070092, -1.758660, 171.974984, 1767.015909, 8.354968, 168.959540, 1868.991114, -18.959335, 175.479398, 1928.896820, 23.508419, 170.776902, 2032.998439, 9.645307, 174.478357, 2125.463978, 12.473426, 187.637227, 2264.299249, 2.345008, 183.120537, 2330.057113, 25.199122, 168.157920, 2448.257571, 15.088989, 174.147343, 2547.919396, -20.548425, 162.185622, 2654.971249, 5.892658, 183.563398, 2720.850310, 1.739967, 163.515175, 2835.253605, -0.437496, 167.692351, 2956.176797, 8.830320, 162.797668, 3020.857872, 22.199770, 195.579345, 3140.780030, 28.034761, 179.649628, 3222.321458, 21.165413, 205.131095, 3350.885752, -19.946072, 201.927084, 3464.487497, 8.682501, 188.612940, 3532.539009, -14.566658, 191.200945, 3640.168395, 20.775602, 168.690449, 3769.175551, 21.996919, 193.566871, 3826.594933, -13.918060, 164.726210, 3939.731069, 22.629704, 196.692991, 4047.972471, 23.858590, 190.489618, 4137.456023, -6.529974, 190.121247, 4262.549465, -3.837510, 182.883560, 4361.584774, 27.419262, 186.073886, 4457.416061, 20.738162, 166.353250, 4539.933160, -17.891410, 174.923083, 4625.038308, 2.647991, 167.295493, 4739.172575, 0.654967, 160.889296, 4826.643638, 7.620896, 170.107662, 4936.813663, 27.722974, 164.334207, 5027.410856, 4.526857, 159.789650, 5163.344284, 22.353882, 176.396155, 5247.369711, 13.734755, 195.695110, 5324.157407, 4.150934, 194.711218, 5455.675099, -9.601613, 187.046284, 5567.472156, 10.702567, 192.291293, 5636.299406, 16.111897, 166.536118, 5749.038701, -15.884138, 190.327544, 5855.371772, -8.869485, 169.545584, 5970.923268, 8.315171, 168.865124, 6029.161678, 16.097051, 196.528390, 6134.395151, 8.272737, 190.479138, 6256.235094, -15.526151, 175.810847, 6345.834409, -10.997729, 203.098140, 6434.449837, 25.048390, 165.093364, 6566.939880, 21.351946, 198.932406, 6653.135356, -13.517247, 186.641195, 6765.115289, 15.892470, 193.893481, 6849.347090, 0.095757, 156.620863, 6964.336076, -0.149678, 188.072519, 7027.105365, 9.383022, 175.766390, 7169.077574, 24.149176, 155.635954, 7253.460932, 9.215699, 163.246356, 7323.175837, -16.118485, 175.385019, 7420.178175, -1.297638, 172.030256, 7530.715358, -5.526345, 164.979070, 7623.551970, 27.980017, 174.598264, 7755.636941, 21.926708, 162.087597, 7843.434605, 0.105124, 185.319760, 7945.499246, -6.727299, 156.766922, 8027.475938, 0.748982, 189.286387, 8148.686136, -1.342047, 185.032465, 8249.765890, -19.049731, 165.845070, 8358.456000, -15.502896, 172.863073, 8427.745236, -14.953700, 194.701755, 8545.219320, -3.867260, 160.772393, 8655.642336, 0.055673, 160.349695, 8724.144653, -15.476012, 205.412281, 8831.676068, 8.329611, 177.114270, 8962.439596, -17.339739, 193.523343, 9064.650297, -9.492828, 165.869419, 9147.840901, 19.564365, 187.663577, 9226.777516, -1.838307, 191.750288, 9338.066288, -14.550885, 199.383861, 9456.373035, -6.434638, 156.026959, 95