x coord, y coord, z coord, scalar
80.102760, 14.075616, 454.794772, 0
48.189330, 9.783229, 424.737642, 1
49.242904, 16.249422, 446.629473, 2
73.649440, -0.118498, 441.029027, 3
80.879222, -29.217334, 426.621976, 4
60.737402, 2.880721, 434.058796, 5
73.373851, -22.730339, 418.586020, 6
73.124973, -19.753448, 428.992591, 7
49.899115, 18.403927, 410.021585, 8
64.010724, -23.600412, 419.491943, 9
82.253213, 16.716858, 412.147992, 1077.461941, -26.418875, 452.051599, 1142.613574, -16.961421, 446.881681, 1281.196661, 16.902555, 425.343901, 1362.639572, 6.456752, 426.246937, 1481.214925, -24.130924, 459.247903, 1555.687644, 9.457562, 415.098207, 1666.226562, -8.742498, 425.465446, 1787.172385, 1.371116, 422.449876, 1889.147576, -25.943187, 428.969722, 1949.053288, 16.524575, 424.267111, 2053.154908, 2.661465, 427.968604, 2145.620445, 5.489581, 441.127450, 2284.455718, -4.638841, 436.610858, 2350.213582, 18.215278, 421.648125, 2468.414043, 8.105145, 427.637622, 2568.075845, -27.532263, 415.675954, 2675.127719, -1.091188, 437.053713, 2741.006777, -5.243875, 417.005379, 2855.410073, -7.421333, 421.182635, 2976.333285, 1.846475, 416.288042, 3041.014340, 15.215924, 449.069554, 3160.936499, 21.050916, 433.139848, 3242.477925, 14.181567, 458.621303, 3371.042218, -26.929919, 455.417322, 3484.643965, 1.698653, 442.103210, 3552.695475, -21.550503, 444.691186, 3660.324865, 13.791759, 422.180676, 3789.332019, 15.013072, 447.057098, 3846.751397, -20.901901, 418.216430, 3959.887537, 15.645858, 450.183212, 4068.128939, 16.874744, 443.979847, 4157.612489, -13.513819, 443.611507, 4282.705932, -10.821358, 436.373909, 4381.741243, 20.435415, 439.564112, 4477.572535, 13.754316, 419.843490, 4560.089623, -24.875252, 428.413386, 4645.194775, -4.335850, 420.785714, 4759.329046, -6.328864, 414.379570, 4846.800107, 0.637054, 423.597887, 4956.970133, 20.739130, 417.824409, 5047.567324, -2.456984, 413.279852, 5183.500755, 15.370034, 429.886398, 5267.526179, 6.750909, 449.185351, 5344.313874, -2.832911, 448.201440, 5475.831565, -16.585459, 440.536603, 5587.628624, 3.718720, 445.781544, 5656.455877, 9.128055, 420.026345, 5769.195166, -22.867984, 443.817822, 5875.528233, -15.853330, 423.036442, 5991.079741, 1.331318, 422.355424, 6049.318146, 9.113206, 450.018609, 6154.551618, 1.288892, 443.969378, 6276.391555, -22.509998, 429.301281, 6365.990875, -17.981575, 456.588379, 6454.606306, 18.064546, 418.583569, 6587.096347, 14.368099, 452.422631, 6673.291821, -20.501093, 440.131506, 6785.271757, 8.908622, 447.383721, 6869.503599, -6.888033, 410.111135, 6984.492544, -7.133526, 441.562814, 7047.261833, 2.399179, 429.256619, 7189.234046, 17.165328, 409.126138, 7273.617417, 2.231858, 416.736717, 7343.332302, -23.102328, 428.875245, 7440.334641, -8.281481, 425.520474, 7550.871824, -12.510183, 418.469313, 7643.708438, 20.996172, 428.088468, 7775.793415, 14.942862, 415.577814, 7863.591072, -6.878720, 438.810054, 7965.655706, -13.711092, 410.257181, 8047.632405, -6.234863, 442.776621, 8168.842603, -8.325892, 438.522784, 8269.922340, -26.033571, 419.335502, 8378.612459, -22.486745, 426.353565, 8447.901701, -21.937546, 448.191983, 8565.375792, -10.851068, 414.262903, 8675.798889, -6.928155, 413.841049, 8744.301119, -22.459858, 458.902496, 8851.832536, 1.345768, 430.604516, 8982.596062, -24.323586, 447.013608, 9084.806757, -16.476699, 419.360158, 9167.997369, 12.580519, 441.153818, 9246.933983, -8.822151, 445.240519, 9358.222754, -21.534731, 452.874098, 9476.529503, -13.418485, 409.517093, 95