x coord, y coord, z coord, scalar
78.037243, 14.749192, 443.690258, 0
46.123813, 10.456805, 413.633128, 1
47.177387, 16.922998, 435.524959, 2
71.583923, 0.555078, 429.924509, 3
78.813705, -28.543757, 415.517456, 4
58.671886, 3.554297, 422.954280, 5
71.308336, -22.056762, 407.481486, 6
71.059456, -19.079871, 417.888066, 7
47.833598, 19.077503, 398.917072, 8
61.945208, -22.926836, 408.387422, 9
80.187695, 17.390434, 401.043479, 1075.396424, -25.745298, 440.947084, 1140.548057, -16.287845, 435.777167, 1279.131144, 17.576131, 414.239387, 1360.574055, 7.130327, 415.142420, 1479.149408, -23.457348, 448.143388, 1553.622127, 10.131138, 403.993693, 1664.161045, -8.068922, 414.360921, 1785.106868, 2.044692, 411.345356, 1887.082059, -25.269610, 417.865203, 1946.987772, 17.198151, 413.162598, 2051.089392, 3.335040, 416.864088, 2143.554929, 6.163157, 430.022935, 2282.390201, -3.965265, 425.506339, 2348.148065, 18.888853, 410.543611, 2466.348526, 8.778721, 416.533105, 2566.010329, -26.858687, 404.571435, 2673.062202, -0.417612, 425.949195, 2738.941260, -4.570299, 405.900866, 2853.344557, -6.747758, 410.078118, 2974.267767, 2.520050, 405.183521, 3038.948823, 15.889500, 437.965040, 3158.870982, 21.724492, 422.035334, 3240.412408, 14.855143, 447.516789, 3368.976701, -26.256343, 444.312807, 3482.578448, 2.372229, 430.998693, 3550.629958, -20.876927, 433.586671, 3658.259348, 14.465335, 411.076162, 3787.266502, 15.686648, 435.952583, 3844.685881, -20.228325, 407.111915, 3957.822020, 16.319434, 439.078698, 4066.063423, 17.548319, 432.875333, 4155.546972, -12.840243, 432.506991, 4280.640415, -10.147782, 425.269389, 4379.675726, 21.108991, 428.459598, 4475.507018, 14.427892, 408.738975, 4558.024106, -24.201676, 417.308868, 4643.129259, -3.662274, 409.681200, 4757.263530, -5.655288, 403.275053, 4844.734590, 1.310630, 412.493373, 4954.904616, 21.412705, 406.719896, 5045.501807, -1.783408, 402.175338, 5181.435238, 16.043610, 418.781882, 5265.460662, 7.424485, 438.080836, 5342.248357, -2.159335, 437.096926, 5473.766049, -15.911883, 429.432084, 5585.563107, 4.392296, 434.677028, 5654.390360, 9.801630, 408.921830, 5767.129649, -22.194407, 432.713306, 5873.462716, -15.179754, 411.931899, 5989.014224, 2.004894, 411.250907, 6047.252629, 9.786782, 438.914095, 6152.486101, 1.962468, 432.864863, 6274.326039, -21.836422, 418.196757, 6363.925358, -17.307999, 445.483864, 6452.540790, 18.738122, 407.479055, 6585.030831, 15.041675, 441.318116, 6671.226305, -19.827517, 429.026988, 6783.206240, 9.582198, 436.279206, 6867.438083, -6.214461, 399.006619, 6982.427027, -6.459950, 430.458297, 7045.196316, 3.072755, 418.152105, 7187.168529, 17.838903, 398.021626, 7271.551899, 2.905433, 405.632197, 7341.266785, -22.428752, 417.770731, 7438.269125, -7.607905, 414.415960, 7548.806308, -11.836608, 407.364798, 7641.642921, 21.669748, 416.983954, 7773.727898, 15.616438, 404.473300, 7861.525555, -6.205145, 427.705537, 7963.590192, -13.037518, 399.152665, 8045.566888, -5.561287, 431.672106, 8166.777087, -7.652316, 427.418265, 8267.856824, -25.359995, 408.230978, 8376.546942, -21.813169, 415.249039, 8445.836185, -21.263970, 437.087468, 8563.310276, -10.177494, 403.158375, 8673.733370, -6.254583, 402.736484, 8742.235603, -21.786282, 447.797982, 8849.767019, 2.019343, 419.500001, 8980.530545, -23.650010, 435.909091, 9082.741240, -15.803122, 408.255621, 9165.931853, 13.254095, 430.049303, 9244.868466, -8.148575, 434.136004, 9356.157238, -20.861155, 441.769583, 9474.463986, -12.744909, 398.412583, 95