x coord, y coord, z coord, scalar
61.883465, 19.531152, 181.210443, 0
29.970034, 15.238762, 151.153320, 1
31.023609, 21.704956, 173.045154, 2
55.430144, 5.337037, 167.444630, 3
62.659937, -23.761796, 153.037509, 4
42.518106, 8.336254, 160.474417, 5
55.154585, -17.274813, 145.001203, 6
54.905684, -14.297915, 155.407999, 7
31.679819, 23.859460, 136.437296, 8
45.791441, -18.144889, 145.907452, 9
64.033912, 22.172396, 138.563692, 1059.242648, -20.963339, 178.467244, 1124.394280, -11.505887, 173.297353, 1262.977362, 22.358092, 151.759560, 1344.420273, 11.912284, 152.662558, 1462.995632, -18.675388, 185.663563, 1537.468345, 14.913093, 141.513894, 1648.007264, -3.286971, 151.880860, 1768.953083, 6.826659, 148.865426, 1870.928288, -20.487646, 155.385286, 1930.833992, 21.980109, 150.682798, 2034.935612, 8.116996, 154.384250, 2127.401151, 10.945115, 167.543122, 2266.236422, 0.816697, 163.026424, 2331.994285, 23.670811, 148.063816, 2450.194743, 13.560679, 154.053234, 2549.856570, -22.076739, 142.091508, 2656.908422, 4.364348, 163.469286, 2722.787482, 0.211656, 143.421071, 2837.190777, -1.965807, 147.598242, 2958.113969, 7.302011, 142.703551, 3022.795045, 20.671459, 175.485241, 3142.717203, 26.506451, 159.555523, 3224.258631, 19.637102, 185.036991, 3352.822925, -21.474383, 181.832977, 3466.424670, 7.154190, 168.518831, 3534.476182, -16.094970, 171.106838, 3642.105567, 19.247292, 148.596344, 3771.112724, 20.468609, 173.472765, 3828.532105, -15.446372, 144.632105, 3941.668242, 21.101393, 176.598886, 4049.909644, 22.330279, 170.395512, 4139.393196, -8.058286, 170.027139, 4264.486638, -5.365820, 162.789445, 4363.521947, 25.890951, 165.979780, 4459.353234, 19.209852, 146.259144, 4541.870333, -19.419722, 154.828972, 4626.975480, 1.119680, 147.201388, 4741.109745, -0.873345, 140.795187, 4828.580811, 6.092585, 150.013557, 4938.750835, 26.194663, 144.240104, 5029.348028, 2.998546, 139.695547, 5165.281457, 20.825571, 156.302049, 5249.306884, 12.206445, 175.601004, 5326.094580, 2.622623, 174.617113, 5457.612273, -11.129924, 166.952172, 5569.409329, 9.174257, 172.197186, 5638.236579, 14.583586, 146.442012, 5750.975874, -17.412449, 170.233435, 5857.308946, -10.397797, 149.451431, 5972.860441, 6.786861, 148.771013, 6031.098851, 14.568740, 176.434285, 6136.332324, 6.744426, 170.385032, 6258.172268, -17.054463, 155.716726, 6347.771582, -12.526040, 183.004034, 6436.387009, 23.520080, 144.999261, 6568.877053, 19.823635, 178.838301, 6655.072530, -15.045558, 166.547083, 6767.052462, 14.364159, 173.799375, 6851.284253, -1.432552, 136.526754, 6966.273250, -1.677989, 167.978409, 7029.042537, 7.854711, 155.672284, 7171.014747, 22.620866, 135.541852, 7255.398103, 7.687390, 143.152241, 7325.113009, -17.646796, 155.290914, 7422.115347, -2.825949, 151.936151, 7532.652531, -7.054657, 144.884963, 7625.489142, 26.451706, 154.504161, 7757.574113, 20.398398, 141.993492, 7845.371777, -1.423187, 165.225650, 7947.436413, -8.255615, 136.672814, 8029.413111, -0.779329, 169.192281, 8150.623309, -2.870358, 164.938353, 8251.703063, -20.578045, 145.750949, 8360.393174, -17.031208, 152.768947, 8429.682409, -16.482011, 174.607649, 8547.156488, -5.395573, 140.678266, 8657.579501, -1.472628, 140.255504, 8726.081826, -17.004323, 185.318176, 8833.613240, 6.801300, 157.020163, 8964.376770, -18.868050, 173.429235, 9066.587474, -11.021138, 145.775275, 9149.778074, 18.036054, 167.569470, 9228.714689, -3.366618, 171.656182, 9340.003461, -16.079196, 179.289755, 9458.310209, -7.962948, 135.932861, 95