x coord, y coord, z coord, scalar
61.996176, 33.119295, 129.133295, 0
30.082743, 28.826903, 99.076174, 1
31.136319, 35.293099, 120.968008, 2
55.542853, 18.925180, 115.367471, 3
62.772653, -10.173652, 100.960337, 4
42.630815, 21.924395, 108.397261, 5
55.267313, -3.686677, 92.923969, 6
55.018398, -0.709774, 103.330805, 7
31.792528, 37.447601, 84.360156, 8
45.904158, -4.556755, 93.830276, 9
64.146618, 35.760540, 86.486550, 10
59.355360, -7.375196, 126.390092, 1124.506991, 2.082255, 121.220206, 1263.090070, 35.946236, 99.682411, 13
44.532980, 25.500424, 100.585401, 1463.108344, -5.087245, 133.586414, 1537.581053, 28.501233, 89.436750, 16
48.119972, 10.301165, 99.803667, 17
69.065788, 20.414806, 96.788257, 18
71.041002, -6.899500, 103.308119, 1930.946702, 35.568250, 98.605654, 20
35.048321, 21.705136, 102.307098, 2127.513861, 24.533257, 115.465975, 2266.349132, 14.404841, 110.949258, 2332.106994, 37.258952, 95.986672, 24
50.307450, 27.148820, 101.976076, 2549.969292, -8.488603, 90.014340, 26
57.021131, 17.952490, 111.392121, 2722.900193, 13.799795, 91.343928, 28
37.303486, 11.622330, 95.521083, 29
58.226665, 20.890155, 90.626375, 30
22.907756, 34.259601, 123.408096, 3142.829912, 40.094593, 107.478377, 3224.371341, 33.225244, 132.959847, 3352.935637, -7.886241, 129.755827, 3466.537379, 20.742334, 116.441675, 3534.588894, -2.506828, 119.029687, 3642.218275, 32.835433, 96.519196, 37
71.225434, 34.056752, 121.395617, 3828.644817, -1.858233, 92.554958, 39
41.780952, 34.689535, 124.521739, 4050.022354, 35.918421, 118.318364, 4139.505907, 5.529856, 117.949985, 4264.599349, 8.222324, 110.712273, 4363.634656, 39.479094, 113.902633, 4459.465940, 32.797996, 94.181993, 45
41.983046, -5.831583, 102.751809, 4627.088190, 14.707820, 95.124241, 47
41.222451, 12.714788, 88.718030, 48
28.693520, 19.680725, 97.936409, 49
38.863544, 39.782805, 92.162961, 50
29.460737, 16.586684, 87.618404, 51
65.394165, 34.413715, 104.224898, 5249.419594, 25.794587, 123.523853, 5326.207290, 16.210765, 122.539966, 5457.724984, 2.458219, 114.875007, 5569.522039, 22.762400, 120.120033, 5638.349286, 28.171727, 94.364864, 57
51.088586, -3.824307, 118.156277, 5857.421661, 3.190344, 97.374163, 59
72.973148, 20.375009, 96.693851, 60
31.211561, 28.156882, 124.357138, 6136.445034, 20.332567, 118.307882, 6258.284983, -3.466320, 103.639538, 6347.884293, 1.062102, 130.926884, 6436.499718, 37.108221, 92.922117, 65
68.989763, 33.411778, 126.761153, 6655.185242, -1.457415, 114.469919, 6767.165171, 27.952302, 121.722224, 6851.396929, 12.155557, 84.449598, 69
66.385960, 11.910155, 115.901248, 7029.155247, 21.442852, 103.595136, 7171.127454, 36.209010, 83.464712, 72
55.510801, 21.275532, 91.075067, 73
25.225721, -4.058656, 103.213766, 7422.228058, 10.762191, 99.859005, 75
32.765241, 6.533481, 92.807812, 76
25.601852, 40.039848, 102.427017, 7757.686819, 33.986541, 89.916346, 78
45.484487, 12.164954, 113.148489, 7947.549123, 5.332491, 84.595660, 80
29.525821, 12.808812, 117.115132, 8150.736019, 10.717784, 112.861187, 8251.815785, -6.989908, 93.673762, 83
60.505891, -3.443064, 100.691748, 8429.795120, -2.893870, 122.530501, 8547.269192, 8.192544, 88.601064, 86
57.692151, 12.115511, 88.178141, 87
26.194537, -3.416181, 133.241031, 8833.725950, 20.389440, 104.943012, 8964.489481, -5.279906, 121.352080, 9066.700192, 2.567020, 93.698029, 91
49.890783, 31.624197, 115.492319, 9228.827400, 10.221524, 119.579033, 9340.116173, -2.491054, 127.212605, 9458.422919, 5.625195, 83.855731, 95
