x coord, y coord, z coord, scalar
72.935416, 9.357279, 341.002230, 0
41.021985, 5.064891, 310.945103, 1
42.075559, 11.531084, 332.836935, 2
66.482095, -4.836836, 327.236456, 3
73.711879, -33.935672, 312.829376, 4
53.570058, -1.837617, 320.266233, 5
66.206512, -27.448680, 304.793272, 6
65.957629, -24.471786, 315.199938, 7
42.731770, 13.685589, 296.229060, 8
56.843381, -28.318753, 305.699332, 9
75.085867, 11.998521, 298.355462, 1070.294597, -31.137213, 338.259046, 1135.446229, -21.679759, 333.089139, 1274.029316, 12.184218, 311.551354, 1355.472226, 1.738413, 312.454373, 1474.047581, -28.849262, 345.455356, 1548.520299, 4.739224, 301.305672, 1659.059217, -13.460837, 311.672795, 1780.005040, -3.347220, 308.657283, 1881.980233, -30.661524, 315.177134, 1941.885943, 11.806237, 310.474576, 2045.987563, -2.056874, 314.176051, 2138.453101, 0.771243, 327.334908, 2277.288373, -9.357178, 322.818271, 2343.046237, 13.496939, 307.855591, 2461.246697, 3.386807, 313.845055, 2560.908504, -32.250604, 301.883363, 2667.960374, -5.809526, 323.261129, 2733.839432, -9.962214, 303.212846, 2848.242728, -12.139673, 307.390066, 2969.165936, -2.871862, 302.495431, 3033.846995, 10.497586, 335.277018, 3153.769154, 16.332578, 319.347308, 3235.310581, 9.463229, 344.828768, 3363.874874, -31.648257, 341.624773, 3477.476620, -3.019684, 328.310647, 3545.528131, -26.268842, 330.898636, 3653.157520, 9.073420, 308.388133, 3782.164675, 10.294734, 333.264554, 3839.584053, -25.620240, 304.423889, 3952.720192, 10.927520, 336.390671, 4060.961595, 12.156406, 330.187303, 4150.445145, -18.232157, 329.818949, 4275.538588, -15.539696, 322.581310, 4374.573898, 15.717077, 325.771569, 4470.405189, 9.035979, 306.050941, 4552.922279, -29.593591, 314.620808, 4638.027430, -9.054189, 306.993173, 4752.161700, -11.047204, 300.587005, 4839.632762, -4.081285, 309.805345, 4949.802788, 16.020791, 304.031877, 5040.399979, -7.175323, 299.487320, 5176.333410, 10.651697, 316.093847, 5260.358834, 2.032571, 335.392801, 5337.146529, -7.551249, 334.408899, 5468.664221, -21.303797, 326.744018, 5580.461280, -0.999618, 331.988989, 5649.288532, 4.409716, 306.233801, 5762.027822, -27.586322, 330.025256, 5868.360889, -20.571669, 309.243611, 5983.912396, -3.387018, 308.562847, 6042.150801, 4.394868, 336.226069, 6147.384274, -3.429447, 330.176829, 6269.224212, -27.228337, 315.508643, 6358.823531, -22.699913, 342.795830, 6447.438961, 13.346208, 304.791036, 6579.929003, 9.649761, 338.630088, 6666.124477, -25.219431, 326.338924, 6778.104412, 4.190285, 333.591172, 6862.336243, -11.606379, 296.318571, 6977.325200, -11.851864, 327.770240, 7040.094488, -2.319160, 315.464075, 7182.066701, 12.446990, 295.333614, 7266.450068, -2.486480, 302.944113, 7336.164958, -27.820667, 315.082702, 7433.167297, -12.999820, 311.727935, 7543.704480, -17.228523, 304.676762, 7636.541093, 16.277834, 314.295935, 7768.626069, 10.224524, 301.785275, 7856.423728, -11.597059, 325.017480, 7958.488360, -18.429441, 296.464623, 8040.465060, -10.953201, 328.984074, 8161.675259, -13.044230, 324.730199, 8262.754998, -30.751912, 305.542865, 8371.445116, -27.205083, 312.560901, 8440.734357, -26.655884, 334.399439, 8558.208444, -15.569413, 300.470230, 8668.631527, -11.646491, 300.047991, 8737.133775, -27.178196, 345.109958, 8844.665191, -3.372571, 316.811964, 8975.428718, -29.041924, 333.221047, 9077.639416, -21.195033, 305.567381, 9160.830025, 7.862181, 327.361268, 9239.766638, -13.540490, 331.447973, 9351.055410, -26.253069, 339.081550, 9469.362158, -18.136823, 295.724592, 95