x coord, y coord, z coord, scalar
74.004025, 10.000148, 331.569139, 0
42.090594, 5.707760, 301.512012, 1
43.144168, 12.173953, 323.403844, 2
67.550704, -4.193967, 317.803362, 3
74.780489, -33.292803, 303.396280, 4
54.638666, -1.194748, 310.833140, 5
67.275122, -26.805812, 295.360163, 6
67.026239, -23.828917, 305.766837, 7
43.800379, 14.328458, 286.795970, 8
57.911991, -27.675885, 296.266236, 9
76.154476, 12.641391, 288.922372, 1071.363206, -30.494343, 328.825954, 1136.514838, -21.036890, 323.656048, 1275.097925, 12.827087, 302.118263, 1356.540835, 2.381282, 303.021280, 1475.116190, -28.206393, 336.022265, 1549.588907, 5.382093, 291.872581, 1660.127825, -12.817969, 302.239695, 1781.073648, -2.704350, 299.224187, 1883.048843, -30.018655, 305.744039, 1942.954552, 12.449106, 301.041485, 2047.056172, -1.414005, 304.742959, 2139.521710, 1.414112, 317.901817, 2278.356982, -8.714309, 313.385177, 2344.114846, 14.139808, 298.422501, 2462.315306, 4.029676, 304.411962, 2561.977114, -31.607736, 292.450267, 2669.028983, -5.166656, 313.828035, 2734.908041, -9.319345, 293.779756, 2849.311337, -11.496804, 297.956972, 2970.234544, -2.228992, 293.062334, 3034.915604, 11.140455, 325.843928, 3154.837763, 16.975447, 309.914217, 3236.379190, 10.106098, 335.395678, 3364.943483, -31.005388, 332.191682, 3478.545230, -2.376815, 318.877554, 3546.596740, -25.625973, 321.465544, 3654.226129, 9.716290, 298.955041, 3783.233284, 10.937604, 323.831463, 3840.652662, -24.977372, 294.990798, 3953.788801, 11.570389, 326.957580, 4062.030204, 12.799275, 320.754211, 4151.513754, -17.589288, 320.385856, 4276.607197, -14.896827, 313.148214, 4375.642507, 16.359946, 316.338478, 4471.473798, 9.678848, 296.617849, 4553.990888, -28.950723, 305.187714, 4639.096039, -8.411320, 297.560082, 4753.230308, -10.404336, 291.153912, 4840.701371, -3.438416, 300.372253, 4950.871396, 16.663660, 294.598787, 5041.468588, -6.532454, 290.054230, 5177.402019, 11.294566, 306.660755, 5261.427443, 2.675440, 325.959709, 5338.215138, -6.908380, 324.975808, 5469.732830, -20.660928, 317.310923, 5581.529889, -0.356749, 322.555897, 5650.357140, 5.052585, 296.800710, 5763.096431, -26.943453, 320.592162, 5869.429499, -19.928800, 299.810496, 5984.981005, -2.744148, 299.129753, 6043.219410, 5.037737, 326.792978, 6148.452883, -2.786578, 320.743737, 6270.292822, -26.585468, 306.075544, 6359.892140, -22.057044, 333.362739, 6448.507570, 13.989077, 295.357945, 6580.997612, 10.292630, 329.196997, 6667.193087, -24.576562, 316.905830, 6779.173021, 4.833154, 324.158080, 6863.404847, -10.963511, 286.885478, 6978.393809, -11.208994, 318.337146, 7041.163097, -1.676291, 306.030983, 7183.135310, 13.089860, 285.900525, 7267.518676, -1.843610, 293.511016, 7337.233567, -27.177798, 305.649611, 7434.235906, -12.356951, 302.294844, 7544.773089, -16.585654, 295.243670, 7637.609702, 16.920703, 304.862845, 7769.694678, 10.867394, 292.352184, 7857.492337, -10.954190, 315.584386, 7959.556967, -17.786575, 287.031530, 8041.533669, -10.310332, 319.550983, 8162.743868, -12.401361, 315.297104, 8263.823608, -30.109044, 296.109766, 8372.513726, -26.562214, 303.127799, 8441.802966, -26.013015, 324.966347, 8559.277051, -14.926546, 291.037128, 8669.700130, -11.003619, 290.614858, 8738.202384, -26.535327, 335.676867, 8845.733800, -2.729702, 307.378872, 8976.497327, -28.399055, 323.787954, 9078.708027, -20.552163, 296.134271, 9161.898634, 8.505050, 317.928176, 9240.835247, -12.897621, 322.014882, 9352.124019, -25.610200, 329.648458, 9470.430767, -17.493954, 286.291504, 95