x coord, y coord, z coord, scalar
71.026653, 9.468824, 360.324255, 0
39.113223, 5.176437, 330.267127, 1
40.166796, 11.642630, 352.158959, 2
64.573332, -4.725290, 346.558486, 3
71.803116, -33.824125, 332.151411, 4
51.661295, -1.726071, 339.588262, 5
64.297747, -27.337131, 324.115331, 6
64.048866, -24.360240, 334.521982, 7
40.823008, 13.797135, 315.551082, 8
54.934619, -28.207205, 325.021369, 9
73.177105, 12.110066, 317.677485, 1068.385834, -31.025666, 357.581073, 1133.537467, -21.568213, 352.411164, 1272.120553, 12.295763, 330.873380, 1353.563464, 1.849959, 331.776402, 1472.138818, -28.737716, 364.777382, 1546.611537, 4.850770, 320.627696, 1657.150455, -13.349291, 330.994838, 1778.096277, -3.235675, 327.979316, 1880.071470, -30.549978, 334.499167, 1939.977181, 11.917783, 329.796600, 2044.078801, -1.945328, 333.498078, 2136.544338, 0.882789, 346.656933, 2275.379611, -9.245633, 342.140304, 2341.137474, 13.608485, 327.177615, 2459.337935, 3.498353, 333.167084, 2558.999740, -32.139056, 321.205396, 2666.051612, -5.697980, 342.583161, 2731.930670, -9.850668, 322.534870, 2846.333966, -12.028126, 326.712096, 2967.257175, -2.760318, 321.817468, 3031.938233, 10.609132, 354.599042, 3151.860392, 16.444124, 338.669332, 3233.401818, 9.574775, 364.150792, 3361.966111, -31.536711, 360.946800, 3475.567858, -2.908138, 347.632675, 3543.619368, -26.157295, 350.220663, 3651.248758, 9.184966, 327.710158, 3780.255912, 10.406280, 352.586580, 3837.675291, -25.508694, 323.745914, 3950.811430, 11.039066, 355.712696, 4059.052832, 12.267951, 349.509328, 4148.536382, -18.120611, 349.140977, 4273.629825, -15.428150, 341.903345, 4372.665135, 15.828623, 345.093594, 4468.496427, 9.147524, 325.372967, 4551.013516, -29.482044, 333.942839, 4636.118668, -8.942643, 326.315198, 4750.252939, -10.935658, 319.909034, 4837.723999, -3.969738, 329.127370, 4947.894025, 16.132337, 323.353901, 5038.491217, -7.063776, 318.809343, 5174.424647, 10.763242, 335.415874, 5258.450071, 2.144117, 354.714827, 5335.237767, -7.439703, 353.730924, 5466.755458, -21.192251, 346.066050, 5578.552517, -0.888072, 351.311016, 5647.379770, 4.521262, 325.555827, 5760.119059, -27.474776, 349.347285, 5866.452126, -20.460122, 328.565685, 5982.003633, -3.275473, 327.884878, 6040.242039, 4.506414, 355.548094, 6145.475511, -3.317901, 349.498855, 6267.315449, -27.116790, 334.830684, 6356.914768, -22.588367, 362.117857, 6445.530199, 13.457754, 324.113059, 6578.020240, 9.761307, 357.952113, 6664.215715, -25.107885, 345.660956, 6776.195649, 4.301830, 352.913198, 6860.427489, -11.494833, 315.640600, 6975.416437, -11.740318, 347.092270, 7038.185726, -2.207613, 334.786100, 7180.157939, 12.558536, 314.655636, 7264.541308, -2.374935, 322.266148, 7334.256195, -27.709120, 334.404727, 7431.258534, -12.888273, 331.049959, 7541.795718, -17.116976, 323.998789, 7634.632331, 16.389380, 333.617958, 7766.717307, 10.336070, 321.107300, 7854.514965, -11.485513, 344.339511, 7956.579601, -18.317890, 315.786651, 8038.556298, -10.841655, 348.306100, 8159.766496, -12.932684, 344.052231, 8260.846235, -30.640364, 324.864906, 8369.536353, -27.093537, 331.882946, 8438.825595, -26.544338, 353.721464, 8556.299685, -15.457865, 319.792277, 8666.722772, -11.534952, 319.370103, 8735.225012, -27.066650, 364.431983, 8842.756429, -3.261025, 336.133991, 8973.519955, -28.930378, 352.543075, 9075.730651, -21.083488, 324.889446, 9158.921262, 7.973727, 346.683294, 9237.857876, -13.428943, 350.769999, 9349.146647, -26.141523, 358.403576, 9467.453395, -18.025277, 315.046610, 95