x coord, y coord, z coord, scalar
53.969351, 31.343234, 72.587956, 0
22.055918, 27.050840, 42.530837, 1
23.109495, 33.517037, 64.422671, 2
47.516029, 17.149118, 58.822120, 3
54.745832, -11.949713, 44.414974, 4
34.603990, 20.148332, 51.851913, 5
47.240498, -5.462743, 36.378545, 6
46.991576, -2.485836, 46.785421, 7
23.765703, 35.671539, 27.814825, 8
37.877337, -6.332821, 37.284908, 9
56.119792, 33.984479, 29.941216, 10
51.328537, -9.151257, 69.844749, 11
16.480168, 0.306193, 64.674868, 12
55.063245, 34.170175, 43.137070, 13
36.506154, 23.724362, 44.040054, 14
55.081520, -6.863306, 77.041074, 15
29.554227, 26.725170, 32.891414, 16
40.093146, 8.525101, 43.258284, 17
61.038961, 18.638747, 40.242898, 18
63.014180, -8.675560, 46.762762, 19
22.919877, 33.792188, 42.060318, 20
27.021496, 19.929074, 45.761755, 21
19.487037, 22.757195, 58.920637, 22
58.322307, 12.628781, 54.403901, 23
24.080170, 35.482890, 39.441337, 24
42.280624, 25.372758, 45.430727, 25
41.942474, -10.264670, 33.468981, 26
48.994306, 16.176429, 54.846765, 27
14.873368, 12.023732, 34.798593, 28
29.276661, 9.846265, 38.975733, 29
50.199833, 19.114094, 34.081008, 30
14.880932, 32.483539, 66.862761, 31
34.803087, 38.318531, 50.933039, 32
16.344517, 31.449183, 76.414512, 33
44.908813, -9.662302, 73.210486, 34
58.510555, 18.966273, 59.896328, 35
26.562070, -4.282890, 62.484346, 36
34.191449, 31.059371, 39.973857, 37
63.198609, 32.280691, 64.850278, 38
20.617994, -3.634297, 36.009620, 39
33.754128, 32.913474, 67.976401, 40
41.995529, 34.142360, 61.773024, 41
31.479083, 3.753794, 61.404640, 42
56.572525, 6.446263, 54.166911, 43
55.607832, 37.703033, 57.357294, 44
51.439114, 31.021935, 37.636652, 45
33.956224, -7.607646, 46.206456, 46
19.061365, 12.931756, 38.578903, 47
33.195624, 10.938720, 32.172682, 48
20.666696, 17.904662, 41.391070, 49
30.836719, 38.006743, 35.617626, 50
21.433912, 14.810620, 31.073070, 51
57.367340, 32.637654, 47.679556, 52
41.392769, 24.018525, 66.978512, 53
18.180466, 14.434703, 65.994628, 54
49.698161, 0.682157, 58.329650, 55
61.495215, 20.986339, 63.574690, 56
30.322461, 26.395664, 37.819525, 57
43.061762, -5.600369, 61.610928, 58
49.394839, 1.414281, 40.828705, 59
64.946322, 18.598950, 40.148498, 60
23.184737, 26.380820, 67.811801, 61
28.418209, 18.556505, 61.762540, 62
50.258161, -5.242382, 47.094160, 63
39.857469, -0.713959, 74.381542, 64
28.472893, 35.332159, 36.376782, 65
60.962939, 31.635717, 70.215815, 66
47.158418, -3.233477, 57.924564, 67
59.138347, 26.176241, 65.176883, 68
43.370085, 10.379479, 27.904250, 69
58.359136, 10.134094, 59.355896, 70
21.128422, 19.666789, 47.049796, 71
63.100629, 34.432950, 26.919382, 72
47.483969, 19.499470, 34.529703, 73
17.198897, -5.834718, 46.668427, 74
14.201233, 8.986128, 43.313668, 75
24.738417, 4.757416, 36.262470, 76
17.575028, 38.263786, 45.881683, 77
49.659992, 32.210480, 33.371009, 78
37.457663, 10.388892, 56.603137, 79
39.522297, 3.556408, 28.050314, 80
21.498997, 11.032750, 60.569791, 81
42.709195, 8.941722, 56.315831, 82
43.788966, -8.765974, 37.128384, 83
52.479070, -5.219125, 44.146359, 84
21.768296, -4.669932, 65.985162, 85
39.242363, 6.416469, 32.055672, 86
49.665294, 10.339451, 31.632589, 87
18.167714, -5.192243, 76.695694, 88
25.699125, 18.613377, 48.397669, 89
56.462658, -7.055968, 64.806734, 90
58.673372, 0.790967, 37.152594, 91
41.863958, 29.848135, 58.946977, 92
20.800576, 8.445462, 63.033693, 93
32.089349, -4.267116, 70.667264, 94
50.396095, 3.849134, 27.310409, 95
