x coord, y coord, z coord, scalar
40.317315, 44.195936, 46.748368, 0
8.403882, 39.903540, 16.691248, 1
9.457459, 46.369738, 38.583083, 2
33.863992, 30.001819, 32.982528, 3
41.093802, 0.902992, 18.575378, 4
20.951953, 33.001032, 26.012322, 5
33.588482, 7.389960, 10.538931, 6
33.339545, 10.366865, 20.945818, 7
10.113666, 48.524239, 1.975238, 8
24.225312, 6.519875, 11.445311, 9
42.467752, 46.837180, 4.101629, 10
37.676502, 3.701445, 44.005159, 11
2.828133, 13.158894, 38.835279, 12
41.411206, 47.022876, 17.297481, 13
22.854117, 36.577060, 18.200463, 14
41.429485, 5.989396, 51.201485, 15
15.902190, 39.577868, 7.051826, 16
26.441110, 21.377795, 17.418682, 17
47.386919, 31.491451, 14.403303, 18
49.362147, 4.177146, 20.923168, 19
9.267840, 46.644888, 16.220730, 20
13.369460, 32.781772, 19.922165, 21
5.835001, 35.609895, 33.081049, 22
44.670270, 25.481483, 28.564307, 23
10.428133, 48.335590, 13.601749, 24
28.628586, 38.225457, 19.591135, 25
28.290453, 2.588030, 7.629386, 26
35.342269, 29.029130, 29.007171, 27
1.221333, 24.876431, 8.959005, 28
15.624626, 22.698960, 13.136141, 29
36.547783, 31.966791, 8.241411, 30
1.228896, 45.336240, 41.023173, 31
21.151051, 51.171231, 25.093450, 32
2.692482, 44.301884, 50.574924, 33
31.256779, 3.190399, 47.370896, 34
44.858518, 31.818975, 34.056736, 35
12.910036, 8.569810, 36.644756, 36
20.539412, 43.912070, 14.134268, 37
49.546573, 45.133393, 39.010689, 38
6.965961, 9.218401, 10.170032, 39
20.102092, 45.766175, 42.136812, 40
28.343493, 46.995061, 35.933435, 41
17.827048, 16.606494, 35.565049, 42
42.920488, 19.298966, 28.327315, 43
41.955795, 50.555735, 31.517705, 44
37.787073, 43.874635, 11.797062, 45
20.304192, 5.245053, 20.366863, 46
5.409330, 25.784455, 12.739315, 47
19.543589, 23.791410, 6.333090, 48
7.014660, 30.757361, 15.551482, 49
17.184682, 50.859443, 9.778039, 50
7.781877, 27.663318, 5.233482, 51
43.715302, 45.490356, 21.839966, 52
27.740733, 36.871226, 41.138922, 53
4.528431, 27.287403, 40.155039, 54
36.046126, 13.534859, 32.490056, 55
47.843178, 33.839041, 37.735099, 56
16.670423, 39.248362, 11.979936, 57
29.409728, 7.252333, 35.771337, 58
35.742809, 14.266983, 14.989080, 59
51.294280, 31.451655, 14.308905, 60
9.532702, 39.233521, 41.972212, 61
14.766174, 31.409206, 35.922950, 62
36.606130, 7.610321, 21.254559, 63
26.205434, 12.138742, 48.541953, 64
14.820856, 48.184858, 10.537194, 65
47.310902, 44.488419, 44.376226, 66
33.506384, 9.619225, 32.084970, 67
45.486311, 39.028943, 39.337293, 68
29.718030, 23.232134, 2.064659, 69
44.707100, 22.986797, 33.516303, 70
7.476387, 32.519488, 21.210207, 71
49.448589, 47.285652, 1.079795, 72
33.831922, 32.352165, 8.690106, 73
3.546864, 7.017981, 20.828839, 74
0.549199, 21.838827, 17.474079, 75
11.086383, 17.610112, 10.422880, 76
3.922992, 51.116486, 20.042095, 77
36.007952, 45.063179, 7.531420, 78
23.805628, 23.241592, 30.763544, 79
25.870276, 16.409074, 2.210724, 80
7.846962, 23.885450, 34.730202, 81
29.057159, 21.794422, 30.476237, 82
30.136944, 4.086726, 11.288784, 83
38.827040, 7.633580, 18.306755, 84
8.116262, 8.182769, 40.145573, 85
25.590331, 19.269142, 6.216067, 86
36.013201, 23.192124, 5.792936, 87
4.515679, 7.660459, 50.856105, 88
12.047089, 31.466076, 22.558079, 89
42.810624, 5.796735, 38.967143, 90
45.021337, 13.643687, 11.312976, 91
28.211922, 42.700836, 33.107388, 92
7.148541, 21.298162, 37.194104, 93
18.437314, 8.585585, 44.827674, 94
36.744060, 16.701837, 1.470826, 95
