x coord, y coord, z coord, scalar
54.776433, 32.722089, 69.688610, 0
22.863000, 28.429695, 39.631491, 1
23.916576, 34.895891, 61.523325, 2
48.323110, 18.527973, 55.922774, 3
55.552915, -10.570859, 41.515627, 4
35.411071, 21.527187, 48.952567, 5
48.047582, -4.083890, 33.479195, 6
47.798658, -1.106982, 43.886073, 7
24.572784, 37.050393, 24.915479, 8
38.684420, -4.953968, 34.385561, 9
56.926873, 35.363334, 27.041871, 10
52.135618, -7.772403, 66.945403, 11
17.287249, 1.685047, 61.775522, 12
55.870326, 35.549029, 40.237724, 13
37.313236, 25.103216, 41.140708, 14
55.888602, -5.484452, 74.141728, 15
30.361308, 28.104025, 29.992068, 16
40.900227, 9.903955, 40.358936, 17
61.846042, 20.017603, 37.343551, 18
63.821262, -7.296706, 43.863415, 19
23.726958, 35.171042, 39.160972, 20
27.828577, 21.307928, 42.862409, 21
20.294118, 24.136049, 56.021291, 22
59.129389, 14.007635, 51.504554, 23
24.887251, 36.861745, 36.541991, 24
43.087705, 26.751613, 42.531381, 25
42.749557, -8.885816, 30.569634, 26
49.801388, 17.555283, 51.947419, 27
15.680450, 13.402587, 31.899247, 28
30.083742, 11.225119, 36.076386, 29
51.006913, 20.492949, 31.181661, 30
15.688013, 33.862394, 63.963415, 31
35.610169, 39.697385, 48.033693, 32
17.151599, 32.828037, 73.515166, 33
45.715895, -8.283448, 70.311140, 34
59.317636, 20.345128, 56.996981, 35
27.369152, -2.904036, 59.584999, 36
34.998530, 32.438225, 37.074511, 37
64.005691, 33.659546, 61.950932, 38
21.425075, -2.255443, 33.110274, 39
34.561209, 34.292328, 65.077055, 40
42.802610, 35.521214, 58.873678, 41
32.286164, 5.132648, 58.505293, 42
57.379606, 7.825118, 51.267564, 43
56.414913, 39.081888, 54.457948, 44
52.246195, 32.400789, 34.737306, 45
34.763305, -6.228792, 43.307109, 46
19.868447, 14.310611, 35.679557, 47
34.002705, 12.317574, 29.273335, 48
21.473777, 19.283517, 38.491724, 49
31.643800, 39.385597, 32.718280, 50
22.240993, 16.189474, 28.173724, 51
58.174421, 34.016509, 44.780210, 52
42.199851, 25.397380, 64.079166, 53
18.987548, 15.813557, 63.095282, 54
50.505242, 2.061012, 55.430304, 55
62.302296, 22.365194, 60.675343, 56
31.129542, 27.774518, 34.920179, 57
43.868844, -4.221514, 58.711582, 58
50.201921, 2.793135, 37.929353, 59
65.753403, 19.977805, 37.249151, 60
23.991819, 27.759675, 64.912455, 61
29.225291, 19.935360, 58.863194, 62
51.065243, -3.863528, 44.194812, 63
40.664551, 0.664895, 71.482196, 64
29.279974, 36.711013, 33.477436, 65
61.770020, 33.014571, 67.316469, 66
47.965500, -1.854623, 55.025217, 67
59.945429, 27.555096, 62.277537, 68
44.177161, 11.758331, 25.004904, 69
59.166217, 11.512949, 56.456549, 70
21.935504, 21.045643, 44.150450, 71
63.907710, 35.811805, 24.020036, 72
48.291049, 20.878324, 31.630356, 73
18.005979, -4.455864, 43.769081, 74
15.008315, 10.364982, 40.414322, 75
25.545498, 6.136270, 33.363124, 76
18.382109, 39.642640, 42.982337, 77
50.467073, 33.589334, 30.471663, 78
38.264745, 11.767746, 53.703790, 79
40.329377, 4.935259, 25.150968, 80
22.306079, 12.411604, 57.670445, 81
43.516276, 10.320576, 53.416484, 82
44.596049, -7.387120, 34.229036, 83
53.286153, -3.840271, 41.247011, 84
22.575378, -3.291078, 63.085815, 85
40.049443, 7.795320, 29.156324, 86
50.472368, 11.718307, 28.733233, 87
18.974795, -3.813388, 73.796348, 88
26.506206, 19.992232, 45.498323, 89
57.269740, -5.677113, 61.907388, 90
59.480455, 2.169823, 34.253243, 91
42.671040, 31.226989, 56.047631, 92
21.607657, 9.824316, 60.134347, 93
32.896431, -2.888262, 67.767918, 94
51.203177, 5.227989, 24.411064, 95
