x coord, y coord, z coord, scalar
60.262385, 20.212281, 194.454565, 0
28.348954, 15.919890, 164.397442, 1
29.402529, 22.386085, 186.289276, 2
53.809064, 6.018166, 180.688756, 3
61.038856, -23.080667, 166.281638, 4
40.897026, 9.017382, 173.718542, 5
53.533504, -16.593681, 158.245349, 6
53.284604, -13.616785, 168.652134, 7
30.058739, 24.540589, 149.681417, 8
44.170361, -17.463759, 159.151582, 9
62.412832, 22.853524, 151.807813, 1057.621568, -20.282210, 191.711368, 1122.773200, -10.824758, 186.541476, 1261.356282, 23.039220, 165.003683, 1342.799193, 12.593412, 165.906682, 1461.374552, -17.994259, 198.907686, 1535.847265, 15.594222, 154.758016, 1646.386185, -2.605843, 165.124995, 1767.332002, 7.507786, 162.109554, 1869.307207, -19.806517, 168.629413, 1929.212912, 22.661237, 163.926920, 2033.314532, 8.798125, 167.628373, 2125.780070, 11.626244, 180.787245, 2264.615342, 1.497825, 176.270551, 2330.373205, 24.351940, 161.307937, 2448.573663, 14.241807, 167.297359, 2548.235489, -21.395608, 155.335636, 2655.287342, 5.045476, 176.713413, 2721.166402, 0.892785, 156.665193, 2835.569697, -1.284678, 160.842367, 2956.492889, 7.983138, 155.947681, 3021.173965, 21.352588, 188.729363, 3141.096123, 27.187579, 172.799646, 3222.637550, 20.318231, 198.281113, 3351.201845, -20.793255, 195.077101, 3464.803589, 7.835319, 181.762956, 3532.855102, -15.413841, 184.350962, 3640.484487, 19.928420, 161.840467, 3769.491643, 21.149737, 186.716888, 3826.911025, -14.765243, 157.876227, 3940.047161, 21.782522, 189.843008, 4048.288564, 23.011407, 183.639635, 4137.772115, -7.377157, 183.271264, 4262.865558, -4.684692, 176.033574, 4361.900866, 26.572079, 179.223903, 4457.732154, 19.890980, 159.503267, 4540.249253, -18.738593, 168.073098, 4625.354400, 1.800809, 160.445511, 4739.488667, -0.192216, 154.039312, 4826.959731, 6.773714, 163.257679, 4937.129755, 26.875792, 157.484225, 5027.726948, 3.679674, 152.939668, 5163.660377, 21.506699, 169.546172, 5247.685803, 12.887573, 188.845127, 5324.473499, 3.303752, 187.861235, 5455.991192, -10.448795, 180.196299, 5567.788249, 9.855385, 185.441310, 5636.615499, 15.264715, 159.686135, 5749.354793, -16.731320, 183.477560, 5855.687865, -9.716668, 162.695585, 5971.239360, 7.467989, 162.015139, 6029.477771, 15.249869, 189.678407, 6134.711243, 7.425554, 183.629155, 6256.551187, -16.373334, 168.960859, 6346.150501, -11.844911, 196.248157, 6434.765929, 24.201208, 158.243382, 6567.255972, 20.504763, 192.082423, 6653.451449, -14.364429, 179.791210, 6765.431381, 15.045287, 187.043498, 6849.663180, -0.751424, 149.770879, 6964.652169, -0.996860, 181.222535, 7027.421457, 8.535840, 168.916407, 7169.393667, 23.301994, 148.785973, 7253.777024, 8.368518, 156.396370, 7323.491929, -16.965667, 168.535037, 7420.494267, -2.144820, 165.180274, 7531.031451, -6.373527, 158.129087, 7623.868062, 27.132835, 167.748282, 7755.953033, 21.079526, 155.237614, 7843.750697, -0.742059, 178.469776, 7945.815337, -7.574483, 149.916938, 8027.792030, -0.098200, 182.436404, 8149.002228, -2.189229, 178.182480, 8250.081982, -19.896914, 158.995082, 8358.772093, -16.350078, 166.013083, 8428.061328, -15.800883, 187.851772, 8545.535412, -4.714443, 153.922403, 8655.958427, -0.791507, 153.499683, 8724.460746, -16.323194, 198.562298, 8831.992160, 7.482428, 170.264287, 8962.755689, -18.186921, 186.673360, 9064.966391, -10.340010, 159.019423, 9148.156993, 18.717183, 180.813593, 9227.093609, -2.685489, 184.900305, 9338.382381, -15.398067, 192.533878, 9456.689128, -7.281820, 149.176979, 95