x coord, y coord, z coord, scalar
50.889055, 29.915807, 82.197680, 0
18.975623, 25.623413, 52.140560, 1
20.029199, 32.089610, 74.032394, 2
44.435733, 15.721691, 68.431846, 3
51.665534, -13.377140, 54.024702, 4
31.523694, 18.720905, 61.461638, 5
44.160199, -6.890165, 45.988282, 6
43.911280, -3.913262, 56.395152, 7
20.685407, 34.244112, 37.424547, 8
34.797041, -7.760245, 46.894636, 9
53.039497, 32.557051, 39.550939, 10
48.248240, -10.578684, 79.454473, 11
13.399872, -1.121234, 74.284591, 12
51.982949, 32.742747, 52.746794, 13
33.425860, 22.296935, 53.649779, 14
52.001224, -8.290733, 86.650798, 15
26.473932, 25.297744, 42.501137, 16
37.012852, 7.097675, 52.868014, 17
57.958666, 17.211318, 49.852624, 18
59.933883, -10.102988, 56.372488, 19
19.839581, 32.364761, 51.670041, 20
23.941201, 18.501647, 55.371479, 21
16.406741, 21.329768, 68.530361, 22
55.242011, 11.201353, 64.013627, 23
20.999874, 34.055463, 49.051060, 24
39.200329, 23.945331, 55.040452, 25
38.862176, -11.692093, 43.078708, 26
45.914011, 14.749001, 64.456491, 27
11.793073, 10.596306, 44.408316, 28
26.196366, 8.418839, 48.585458, 29
47.119541, 17.686664, 43.690736, 30
11.800636, 31.056112, 76.472484, 31
31.722792, 36.891104, 60.542762, 32
13.264221, 30.021756, 86.024235, 33
41.828517, -11.089729, 82.820210, 34
55.430259, 17.538845, 69.506052, 35
23.481774, -5.710317, 72.094070, 36
31.111154, 29.631943, 49.583581, 37
60.118313, 30.853263, 74.460002, 38
17.537698, -5.061723, 45.619344, 39
30.673832, 31.486047, 77.586124, 40
38.915233, 32.714932, 71.382748, 41
28.398787, 2.326367, 71.014364, 42
53.492228, 5.018835, 63.776638, 43
52.527536, 36.275605, 66.967017, 44
48.358819, 29.594507, 47.246376, 45
30.875927, -9.035072, 55.816182, 46
15.981070, 11.504330, 48.188627, 47
30.115331, 9.511295, 41.782407, 48
17.586400, 16.477236, 51.000794, 49
27.756423, 36.579316, 45.227349, 50
18.353617, 13.383194, 40.682792, 51
54.287044, 31.210226, 57.289280, 52
38.312473, 22.591098, 76.588236, 53
15.100170, 13.007276, 75.604351, 54
46.617864, -0.745270, 67.939377, 55
58.414919, 19.558912, 73.184414, 56
27.242166, 24.968237, 47.429249, 57
39.981466, -7.027796, 71.220653, 58
46.314542, -0.013145, 50.438447, 59
61.866026, 17.171521, 49.758224, 60
20.104441, 24.953393, 77.421524, 61
25.337914, 17.129078, 71.372264, 62
47.177864, -6.669808, 56.703890, 63
36.777173, -2.141386, 83.991266, 64
25.392598, 33.904731, 45.986505, 65
57.882642, 30.208289, 79.825538, 66
44.078122, -4.660904, 67.534290, 67
56.058051, 24.748814, 74.786607, 68
40.289803, 8.952055, 37.513975, 69
55.278840, 8.706667, 68.965622, 70
18.048127, 18.239362, 56.659520, 71
60.020333, 33.005522, 36.529104, 72
44.403677, 18.072041, 44.139430, 73
14.118601, -7.262145, 56.278151, 74
11.120938, 7.558702, 52.923391, 75
21.658122, 3.329990, 45.872194, 76
14.494732, 36.836359, 55.491405, 77
46.579698, 30.783051, 42.980732, 78
34.377367, 8.961465, 66.212863, 79
36.442007, 2.128991, 37.660039, 80
18.418701, 9.605323, 70.179515, 81
39.628899, 7.514295, 65.925557, 82
40.708669, -10.193397, 46.738114, 83
49.398773, -6.646552, 53.756091, 84
18.688000, -6.097359, 75.594885, 85
36.162073, 4.989047, 41.665404, 86
46.585014, 8.912014, 41.242346, 87
15.087417, -6.619670, 86.305417, 88
22.618829, 17.185951, 58.007393, 89
53.382362, -8.483395, 74.416459, 90
55.593072, -0.636463, 46.762332, 91
38.783663, 28.420708, 68.556701, 92
17.720280, 7.018035, 72.643417, 93
29.009053, -5.694543, 80.276988, 94
47.315799, 2.421707, 36.920130, 95
