x coord, y coord, z coord, scalar
72.881025, 22.280292, 269.792032, 0
40.967594, 17.987902, 239.734907, 1
42.021169, 24.454096, 261.626740, 2
66.427704, 8.086177, 256.026241, 3
73.657494, -21.012658, 241.619142, 4
53.515666, 11.085394, 249.056022, 5
66.152138, -14.525673, 233.582947, 6
65.903243, -11.548775, 243.989672, 7
42.677379, 26.608600, 225.018873, 8
56.788997, -15.395747, 234.489092, 9
75.031473, 24.921535, 227.145272, 1070.240208, -18.214199, 267.048841, 1135.391840, -8.756747, 261.878942, 1273.974923, 25.107231, 240.341153, 1355.417834, 14.661424, 241.244163, 1473.993192, -15.926249, 274.245156, 1548.465906, 17.662234, 230.095478, 1659.004824, -0.537830, 240.462530, 1779.950645, 9.575797, 237.447053, 1881.925846, -17.738508, 243.966909, 1941.831552, 24.729249, 239.264382, 2045.933172, 10.866137, 242.965847, 2138.398710, 13.694255, 256.124711, 2277.233982, 3.565836, 251.608046, 2342.991845, 26.419951, 236.645399, 2461.192304, 16.309819, 242.634842, 2560.854124, -19.327598, 230.673134, 2667.905983, 7.113487, 252.050906, 2733.785042, 2.960796, 232.002654, 2848.188337, 0.783335, 236.179851, 2969.111533, 10.051152, 231.285191, 3033.792605, 23.420599, 264.066825, 3153.714763, 29.255590, 248.137111, 3235.256190, 22.386242, 273.618575, 3363.820485, -18.725244, 270.414572, 3477.422230, 9.903330, 257.100436, 3545.473741, -13.345830, 259.688433, 3653.103127, 21.996432, 237.177934, 3782.110284, 23.217748, 262.054355, 3839.529664, -12.697231, 233.213693, 3952.665802, 23.850533, 265.180474, 4060.907204, 25.079418, 258.977103, 4150.390755, -5.309146, 258.608741, 4275.484198, -2.616682, 251.371077, 4374.519507, 28.640090, 254.561371, 4470.350795, 21.958992, 234.840739, 4552.867891, -16.670581, 243.410588, 4637.973040, 3.868821, 235.782976, 4752.107306, 1.875799, 229.376793, 4839.578371, 8.841726, 238.595147, 4949.748396, 28.943803, 232.821686, 5040.345588, 5.747687, 228.277128, 5176.279018, 23.574711, 244.883644, 5260.304443, 14.955584, 264.182599, 5337.092139, 5.371763, 263.198702, 5468.609832, -8.380784, 255.533793, 5580.406889, 11.923396, 260.778784, 5649.234139, 17.332727, 235.023603, 5761.973433, -14.663309, 258.815043, 5868.306504, -7.648657, 238.033235, 5983.858002, 9.535999, 237.352628, 6042.096411, 17.317880, 265.015873, 6147.329883, 9.493565, 258.966627, 6269.169826, -14.305324, 244.298386, 6358.769141, -9.776900, 271.585628, 6447.384570, 26.269220, 233.580843, 6579.874613, 22.572774, 267.419890, 6666.070089, -12.296418, 255.128702, 6778.050022, 17.113298, 262.380969, 6862.281822, 1.316603, 225.108360, 6977.270810, 1.071150, 256.560022, 7040.040097, 10.603851, 244.253875, 7182.012308, 25.370005, 224.123428, 7266.395667, 10.436532, 231.733876, 7336.110568, -14.897656, 243.872504, 7433.112907, -0.076809, 240.517738, 7543.650090, -4.305515, 233.466559, 7636.486702, 29.200846, 243.085743, 7768.571675, 23.147538, 230.575079, 7856.369337, 1.325953, 253.807263, 7958.433969, -5.506462, 225.254415, 8040.410670, 1.969811, 257.773874, 8161.620868, -0.121218, 253.519974, 8262.700618, -17.828904, 234.332609, 8371.390732, -14.282069, 241.350627, 8440.679968, -13.732872, 263.189240, 8558.154048, -2.646424, 229.259953, 8668.577082, 1.276518, 228.837477, 8737.079386, -14.255183, 273.899763, 8844.610800, 9.550440, 245.601760, 8975.374329, -16.118910, 262.010838, 9077.585032, -8.272005, 234.357039, 9160.775634, 20.785194, 256.151065, 9239.712248, -0.617478, 260.237774, 9351.001021, -13.330057, 267.871348, 9469.307768, -5.213809, 224.514419, 95