x coord, y coord, z coord, scalar
63.214560, 24.864951, 230.223954, 0
31.301129, 20.572560, 200.166830, 1
32.354704, 27.038755, 222.058663, 2
56.761239, 10.670835, 216.458153, 3
63.991030, -18.427997, 202.051044, 4
43.849201, 13.670052, 209.487937, 5
56.485678, -11.941010, 194.014799, 6
56.236779, -8.964115, 204.421556, 7
33.010914, 29.193258, 185.450801, 8
47.122536, -12.811088, 194.920991, 9
65.365007, 27.506193, 187.577199, 1060.573743, -15.629540, 227.480760, 1125.725375, -6.172088, 222.310864, 1264.308457, 27.691890, 200.773074, 1345.751369, 17.246082, 201.676078, 1464.326727, -13.341589, 234.677077, 1538.799441, 20.246892, 190.527403, 1649.338360, 2.046827, 200.894416, 1770.284177, 12.160455, 197.878958, 1872.259381, -15.153847, 204.398815, 1932.165087, 27.313907, 199.696307, 2036.266707, 13.450795, 203.397765, 2128.732246, 16.278914, 216.556633, 2267.567517, 6.150495, 212.039954, 2333.325380, 29.004609, 197.077324, 2451.525839, 18.894477, 203.066756, 2551.187664, -16.742937, 191.105040, 2658.239517, 9.698146, 212.482814, 2724.118578, 5.545454, 192.434579, 2838.521873, 3.367992, 196.611764, 2959.445065, 12.635807, 191.717090, 3024.126140, 26.005258, 224.498749, 3144.048298, 31.840249, 208.569034, 3225.589726, 24.970901, 234.050500, 3354.154020, -16.140585, 230.846491, 3467.755764, 12.487989, 217.532351, 3535.807277, -10.761171, 220.120353, 3643.436662, 24.581090, 197.609856, 3772.443819, 25.802407, 222.486277, 3829.863201, -10.112572, 193.645615, 3942.999337, 26.435191, 225.612397, 4051.240739, 27.664077, 219.409025, 4140.724291, -2.724487, 219.040657, 4265.817733, -0.032022, 211.802980, 4364.853042, 31.224749, 214.993292, 4460.684329, 24.543650, 195.272658, 4543.201428, -14.085922, 203.842498, 4628.306576, 6.453479, 196.214899, 4742.440843, 4.460454, 189.808708, 4829.911906, 11.426384, 199.027068, 4940.081931, 31.528461, 193.253611, 5030.679123, 8.332344, 188.709054, 5166.612552, 26.159369, 205.315564, 5250.637978, 17.540243, 224.614518, 5327.425675, 7.956422, 223.630624, 5458.943367, -5.796125, 215.965701, 5570.740424, 14.508055, 221.210702, 5639.567674, 19.917385, 195.455524, 5752.306969, -12.078650, 219.246956, 5858.640040, -5.063997, 198.465061, 5974.191535, 12.120658, 197.784539, 6032.429946, 19.902539, 225.447795, 6137.663419, 12.078224, 219.398546, 6259.503362, -11.720663, 204.730276, 6349.102677, -7.192241, 232.017548, 6437.718105, 28.853878, 194.012768, 6570.208147, 25.157433, 227.851812, 6656.403624, -9.711759, 215.560611, 6768.383556, 19.697957, 222.812889, 6852.615359, 3.901245, 185.540275, 6967.604344, 3.655810, 216.991933, 7030.373633, 13.188510, 204.685797, 7172.345842, 27.954663, 184.555356, 7256.729200, 13.021187, 192.165778, 7326.444104, -12.312997, 204.304426, 7423.446442, 2.507849, 200.949662, 7533.983626, -1.720857, 193.898478, 7626.820238, 31.785505, 203.517668, 7758.905209, 25.732195, 191.007002, 7846.702873, 3.910611, 214.239174, 7948.767515, -2.921811, 185.686332, 8030.744206, 4.554469, 218.205794, 8151.954404, 2.463441, 213.951882, 8253.034158, -15.244243, 194.764499, 8361.724268, -11.697408, 201.782508, 8431.013503, -11.148213, 223.621161, 8548.487589, -0.061772, 189.691831, 8658.910605, 3.861159, 189.269226, 8727.412921, -11.670524, 234.331686, 8834.944336, 12.135098, 206.033679, 8965.707864, -13.534251, 222.442754, 9067.918564, -5.687341, 194.788882, 9151.109169, 23.369853, 216.582985, 9230.045784, 1.967181, 220.669695, 9341.334556, -10.745398, 228.303268, 9459.641303, -2.629150, 184.946355, 95