x coord, y coord, z coord, scalar
82.044602, 12.941530, 466.051234, 0
50.131172, 8.649143, 435.994103, 1
51.184745, 15.115335, 457.885934, 2
75.591281, -1.252585, 452.285491, 3
82.821063, -30.351421, 437.878444, 4
62.679244, 1.746635, 445.315261, 5
75.315691, -23.864426, 429.842503, 6
75.066814, -20.887534, 440.249064, 7
51.840957, 17.269841, 421.278045, 8
65.952565, -24.734498, 430.748412, 9
84.195055, 15.582772, 423.404453, 1079.403783, -27.552961, 463.308062, 1144.555415, -18.095507, 458.138143, 1283.138503, 15.768469, 436.600364, 1364.581414, 5.322666, 437.503401, 1483.156767, -25.265010, 470.504365, 1557.629486, 8.323476, 426.354668, 1668.168404, -9.876584, 436.721919, 1789.114228, 0.237030, 433.706343, 1891.089418, -27.077274, 440.226188, 1950.995130, 15.390489, 435.523573, 2055.096750, 1.527378, 439.225067, 2147.562287, 4.355495, 452.383912, 2286.397560, -5.772927, 447.867324, 2352.155423, 17.081191, 432.904586, 2470.355885, 6.971059, 438.894087, 2570.017686, -28.666350, 426.932421, 2677.069561, -2.225274, 448.310179, 2742.948619, -6.377962, 428.261840, 2857.351915, -8.555419, 432.439100, 2978.275128, 0.712390, 427.544511, 3042.956182, 14.081838, 460.326015, 3162.878341, 19.916830, 444.396310, 3244.419767, 13.047481, 469.877764, 3372.984060, -28.064005, 466.673785, 3486.585807, 0.564567, 453.359674, 3554.637317, -22.684590, 455.947649, 3662.266707, 12.657673, 433.437138, 3791.273861, 13.878986, 458.313560, 3848.693239, -22.035987, 429.472891, 3961.829379, 14.511772, 461.439674, 4070.070781, 15.740657, 455.236309, 4159.554331, -14.647905, 454.867971, 4284.647774, -11.955445, 447.630377, 4383.683085, 19.301328, 450.820574, 4479.514377, 12.620230, 431.099953, 4562.031464, -26.009338, 439.669851, 4647.136617, -5.469936, 432.042176, 4761.270888, -7.462949, 425.636034, 4848.741948, -0.497032, 434.854349, 4958.911975, 19.605043, 429.080870, 5049.509166, -3.591070, 424.536313, 5185.442597, 14.235948, 441.142860, 5269.468020, 5.616823, 460.441813, 5346.255716, -3.966998, 459.457902, 5477.773407, -17.719546, 451.793069, 5589.570466, 2.584633, 457.038007, 5658.397719, 7.993969, 431.282807, 5771.137008, -24.002070, 455.074287, 5877.470074, -16.987417, 434.292932, 5993.021584, 0.197232, 433.611890, 6051.259987, 7.979119, 461.275071, 6156.493460, 0.154805, 455.225841, 6278.333397, -23.644085, 440.557753, 6367.932717, -19.115662, 467.844842, 6456.548148, 16.930460, 429.840030, 6589.038189, 13.234012, 463.679092, 6675.233663, -21.635179, 451.387972, 6787.213599, 7.774536, 458.640184, 6871.445441, -8.022115, 421.367599, 6986.434386, -8.267612, 452.819279, 7049.203675, 1.265093, 440.513082, 7191.175889, 16.031241, 420.382598, 7275.559259, 1.097773, 427.993185, 7345.274143, -24.236414, 440.131707, 7442.276483, -9.415567, 436.776936, 7552.813666, -13.644269, 429.725776, 7645.650280, 19.862086, 439.344929, 7777.735257, 13.808776, 426.834276, 7865.532914, -8.012807, 450.066520, 7967.597545, -14.845176, 421.513645, 8049.574246, -7.368949, 454.033083, 8170.784445, -9.459978, 449.779250, 8271.864180, -27.167658, 430.591973, 8380.554300, -23.620832, 437.610039, 8449.843543, -23.071632, 459.448445, 8567.317632, -11.985152, 425.519377, 8677.740735, -8.062237, 425.097562, 8746.242961, -23.593944, 470.158958, 8853.774378, 0.211681, 441.860979, 8984.537904, -25.457673, 458.270071, 9086.748600, -17.610787, 430.616643, 9169.939211, 11.446433, 452.410281, 9248.875825, -9.956238, 456.496981, 9360.164596, -22.668817, 464.130560, 9478.471344, -14.552572, 420.773551, 95