x coord, y coord, z coord, scalar
64.738849, 29.538740, 139.642362, 0
32.825417, 25.246348, 109.585240, 1
33.878993, 31.712544, 131.477074, 2
58.285527, 15.344625, 125.876540, 3
65.515326, -13.754208, 111.469408, 4
45.373489, 18.343840, 118.906329, 5
58.009982, -7.267232, 103.433053, 6
57.761071, -4.290329, 113.839881, 7
34.535201, 33.867047, 94.869221, 8
48.646830, -8.137309, 104.339348, 9
66.889293, 32.179985, 96.995615, 10
62.098034, -10.955751, 136.899159, 1127.249665, -1.498300, 131.729272, 1265.832745, 32.365681, 110.191477, 1347.275654, 21.919870, 111.094470, 1465.851017, -8.667800, 144.095481, 1540.323727, 24.920679, 99.945816, 16
50.862645, 6.720612, 110.312743, 1771.808463, 16.834251, 107.297328, 1873.783675, -10.480056, 113.817189, 1933.689375, 31.987695, 109.114720, 2037.790995, 18.124582, 112.816165, 2130.256535, 20.952702, 125.975042, 2269.091806, 10.824286, 121.458328, 2334.849668, 33.678398, 106.495738, 2453.050125, 23.568266, 112.485145, 2552.711962, -12.069158, 100.523410, 2659.763805, 14.371936, 121.901191, 2725.642866, 10.219241, 101.852993, 2840.046159, 8.041776, 106.030152, 2960.969342, 17.309601, 101.135447, 3025.650429, 30.679046, 133.917162, 3145.572586, 36.514038, 117.987443, 3227.114015, 29.644689, 143.468913, 3355.678310, -11.466796, 140.264894, 3469.280053, 17.161779, 126.950743, 3537.331567, -6.087383, 129.538755, 3644.960949, 29.254879, 107.028263, 3773.968108, 30.476197, 131.904684, 3831.387490, -5.438787, 103.064024, 3944.523626, 31.108980, 135.030805, 4052.765027, 32.337866, 128.827430, 4142.248580, 1.949301, 128.459053, 4267.342022, 4.641768, 121.221345, 4366.377330, 35.898539, 124.411699, 4462.208615, 29.217441, 104.691061, 4544.725719, -9.412137, 113.260879, 4629.830863, 11.127265, 105.633308, 4743.965125, 9.134235, 99.227098, 48
31.436194, 16.100171, 108.445476, 4941.606218, 36.202250, 102.672026, 5032.203410, 13.006130, 98.127469, 51
68.136839, 30.833160, 114.733965, 5252.162267, 22.214032, 134.032920, 5328.949964, 12.630210, 133.049032, 5460.467658, -1.122336, 125.384077, 5572.264713, 19.181845, 130.629101, 5641.091960, 24.591172, 104.873931, 5753.831259, -7.404862, 128.665346, 5860.164333, -0.390211, 107.883253, 5975.715823, 16.794453, 107.202920, 6033.954235, 24.576327, 134.866205, 6139.187707, 16.752012, 128.816949, 6261.027656, -7.046876, 114.148613, 6350.626967, -2.518453, 141.435951, 6439.242392, 33.527666, 103.431183, 6571.732437, 29.831223, 137.270220, 6657.927915, -5.037971, 124.978989, 6769.907845, 24.371747, 132.231291, 6854.139606, 8.575013, 94.958666, 69
69.128634, 8.329600, 126.410317, 7031.897921, 17.862297, 114.104202, 7173.870129, 32.628455, 93.973777, 72
58.253477, 17.694978, 101.584139, 7327.968394, -7.639210, 113.722833, 7424.970731, 7.181636, 110.368071, 7535.507914, 2.952927, 103.316880, 7628.344526, 36.459293, 112.936083, 7760.429494, 30.405986, 100.425412, 7848.227161, 8.584399, 123.657558, 7950.291793, 1.751943, 95.104727, 80
32.268495, 9.228258, 127.624199, 8153.478693, 7.137229, 123.370257, 8254.558455, -10.570463, 104.182836, 8363.248564, -7.023620, 111.200825, 8432.537793, -6.474425, 133.039568, 8550.011864, 4.611995, 99.110142, 86
60.434837, 8.534964, 98.687250, 87
28.937211, -6.996736, 143.750097, 8836.468623, 16.808886, 115.452079, 8967.232155, -8.860462, 131.861148, 9069.442866, -1.013539, 104.207115, 9152.633457, 28.043642, 126.001386, 9231.570073, 6.640969, 130.088100, 9342.858846, -6.071609, 137.721672, 9461.165593, 2.044640, 94.364794, 95
