x coord, y coord, z coord, scalar
49.665720, 31.095911, 89.363900, 0
17.752287, 26.803518, 59.306780, 1
18.805863, 33.269714, 81.198614, 2
43.212397, 16.901795, 75.598067, 3
50.442198, -12.197035, 61.190925, 4
30.300359, 19.901010, 68.627860, 5
42.936862, -5.710058, 53.154513, 6
42.687944, -2.733158, 63.561377, 7
19.462072, 35.424216, 44.590766, 8
33.573706, -6.580139, 54.060860, 9
51.816161, 33.737155, 46.717159, 10
47.024905, -9.398580, 86.620694, 11
12.176536, 0.058871, 81.450811, 12
50.759614, 33.922851, 59.913014, 13
32.202524, 23.477039, 60.816000, 14
50.777888, -7.110629, 93.817018, 15
25.250597, 26.477848, 49.667357, 16
35.789517, 8.277779, 60.034240, 17
56.735330, 18.391422, 57.018847, 18
58.710546, -8.922883, 63.538711, 19
18.616246, 33.544865, 58.836261, 20
22.717865, 19.681751, 62.537700, 21
15.183405, 22.509872, 75.696581, 22
54.018675, 12.381457, 71.179850, 23
19.776539, 35.235568, 56.217280, 24
37.976994, 25.125435, 62.206674, 25
37.638840, -10.511987, 50.244930, 26
44.690675, 15.929106, 71.622714, 27
10.569737, 11.776410, 51.574535, 28
24.973031, 9.598944, 55.751680, 29
45.896206, 18.866767, 50.856960, 30
10.577300, 32.236217, 83.638704, 31
30.499456, 38.071208, 67.708982, 32
12.040886, 31.201860, 93.190454, 33
40.605181, -9.909625, 89.986430, 34
54.206923, 18.718950, 76.672274, 35
22.258438, -4.530212, 79.260290, 36
29.887819, 30.812048, 56.749801, 37
58.894978, 32.033368, 81.626222, 38
16.314362, -3.881618, 52.785564, 39
29.450496, 32.666151, 84.752344, 40
37.691898, 33.895037, 78.548968, 41
27.175451, 3.506471, 78.180585, 42
52.268892, 6.198940, 70.942861, 43
51.304200, 37.455710, 74.133237, 44
47.135483, 30.774610, 54.412596, 45
29.652592, -7.854967, 62.982404, 46
14.757735, 12.684435, 55.354847, 47
28.891997, 10.691400, 48.948628, 48
16.363065, 17.657340, 58.167014, 49
26.533088, 37.759420, 52.393569, 50
17.130282, 14.563299, 47.849012, 51
53.063709, 32.390330, 64.455500, 52
37.089138, 23.771202, 83.754456, 53
13.876835, 14.187380, 82.770571, 54
45.394528, 0.434835, 75.105599, 55
57.191583, 20.739016, 80.350635, 56
26.018831, 26.148341, 54.595469, 57
38.758130, -5.847691, 78.386875, 58
45.091206, 1.166960, 57.604681, 59
60.642690, 18.351625, 56.924446, 60
18.881106, 26.133498, 84.587744, 61
24.114578, 18.309183, 78.538484, 62
45.954528, -5.489703, 63.870114, 63
35.553837, -0.961282, 91.157487, 64
24.169262, 35.084836, 53.152725, 65
56.659307, 31.388394, 86.991758, 66
42.854786, -3.480799, 74.700512, 67
54.834715, 25.928918, 81.952827, 68
39.066474, 10.132158, 44.680196, 69
54.055504, 9.886771, 76.131843, 70
16.824792, 19.419467, 63.825740, 71
58.796998, 34.185626, 43.695323, 72
43.180342, 19.252144, 51.305654, 73
12.895266, -6.082040, 63.444371, 74
9.897602, 8.738806, 60.089611, 75
20.434786, 4.510095, 53.038415, 76
13.271397, 38.016463, 62.657625, 77
45.356362, 31.963155, 50.146952, 78
33.154032, 10.141569, 73.379084, 79
35.218676, 3.309098, 44.826260, 80
17.195366, 10.785428, 77.345735, 81
38.405563, 8.694399, 73.091779, 82
39.485333, -9.013291, 53.904339, 83
48.175436, -5.466447, 60.922317, 84
17.464664, -4.917254, 82.761105, 85
34.938740, 6.169153, 48.831631, 86
45.361683, 10.092112, 48.408592, 87
13.864082, -5.439565, 93.471637, 88
21.395494, 18.366055, 65.173614, 89
52.159026, -7.303290, 81.582680, 90
54.369734, 0.543641, 53.928564, 91
37.560327, 29.600812, 75.722922, 92
16.496944, 8.198139, 79.809637, 93
27.785717, -4.514438, 87.443208, 94
46.092463, 3.601811, 44.086348, 95
