x coord, y coord, z coord, scalar
67.026490, 25.202623, 245.595343, 0
35.113059, 20.910233, 215.538218, 1
36.166634, 27.376428, 237.430051, 2
60.573169, 11.008508, 231.829545, 3
67.802960, -18.090325, 217.422440, 4
47.661131, 14.007725, 224.859328, 5
60.297607, -11.603339, 209.386215, 6
60.048709, -8.626443, 219.792959, 7
36.822844, 29.530931, 200.822187, 8
50.934465, -12.473416, 210.292389, 9
69.176937, 27.843866, 202.948585, 1064.385673, -15.291868, 242.852150, 1129.537305, -5.834415, 237.682253, 1268.120388, 28.029563, 216.144463, 1349.563299, 17.583755, 217.047469, 1468.138657, -13.003917, 250.048466, 1542.611371, 20.584565, 205.898790, 1653.150290, 2.384500, 216.265819, 1774.096108, 12.498128, 213.250353, 1876.071312, -14.816175, 219.770210, 1935.977018, 27.651580, 215.067694, 2040.078637, 13.788467, 218.769155, 2132.544176, 16.616586, 231.928022, 2271.379447, 6.488168, 227.411348, 2337.137311, 29.342282, 212.448711, 2455.337769, 19.232150, 218.438147, 2554.999593, -16.405265, 206.476435, 2662.051447, 10.035819, 227.854208, 2727.930508, 5.883127, 207.805966, 2842.333803, 3.705665, 211.983156, 2963.256996, 12.973481, 207.088488, 3027.938070, 26.342930, 239.870137, 3147.860228, 32.177922, 223.940422, 3229.401656, 25.308573, 249.421887, 3357.965950, -15.802912, 246.217881, 3471.567695, 12.825661, 232.903742, 3539.619207, -10.423498, 235.491742, 3647.248593, 24.918763, 212.981244, 3776.255749, 26.140080, 237.857666, 3833.675130, -9.774900, 209.017004, 3946.811267, 26.772864, 240.983785, 4055.052669, 28.001750, 234.780413, 4144.536221, -2.386814, 234.412048, 4269.629663, 0.305650, 227.174376, 4368.664972, 31.562422, 230.364681, 4464.496260, 24.881323, 210.644048, 4547.013358, -13.748250, 219.213891, 4632.118505, 6.791152, 211.586287, 4746.252772, 4.798128, 205.180099, 4833.723836, 11.764057, 214.398457, 4943.893861, 31.866134, 208.624998, 5034.491053, 8.670017, 204.080441, 5170.424482, 26.497042, 220.686953, 5254.449909, 17.877916, 239.985908, 5331.237605, 8.294094, 239.002012, 5462.755297, -5.458453, 231.337095, 5574.552354, 14.845728, 236.582092, 5643.379604, 20.255058, 210.826913, 5756.118899, -11.740978, 234.618348, 5862.451970, -4.726325, 213.836487, 5978.003466, 12.458331, 213.155931, 6036.241876, 20.240211, 240.819184, 6141.475349, 12.415897, 234.769936, 6263.315292, -11.382991, 220.101677, 6352.914607, -6.854569, 247.388937, 6441.530035, 29.191551, 209.384156, 6574.020078, 25.495106, 243.223201, 6660.215554, -9.374086, 230.932004, 6772.195487, 20.035630, 238.184278, 6856.427287, 4.238922, 200.911666, 6971.416274, 3.993482, 232.363326, 7034.185563, 13.526183, 220.057185, 7176.157772, 28.292336, 199.926742, 7260.541130, 13.358861, 207.537174, 7330.256034, -11.975324, 219.675814, 7427.258372, 2.845522, 216.321050, 7537.795556, -1.383184, 209.269868, 7630.632168, 32.123177, 218.889055, 7762.717139, 26.069868, 206.378390, 7850.514803, 4.248284, 229.610567, 7952.579442, -2.584137, 201.057722, 8034.556136, 4.892142, 233.577183, 8155.766334, 2.801113, 229.323276, 8256.846087, -14.906571, 210.135900, 8365.536198, -11.359736, 217.153913, 8434.825433, -10.810540, 238.992550, 8552.299517, 0.275902, 205.063236, 8662.722537, 4.198837, 204.640681, 8731.224851, -11.332852, 249.703074, 8838.756266, 12.472771, 221.405069, 8969.519794, -13.196578, 237.814145, 9071.730496, -5.349669, 210.160301, 9154.921099, 23.707525, 231.954374, 9233.857714, 2.304854, 236.041083, 9345.146486, -10.407725, 243.674658, 9463.453233, -2.291477, 200.317739, 95