x coord, y coord, z coord, scalar
62.948247, 19.851270, 174.816303, 0
31.034816, 15.558880, 144.759180, 1
32.088391, 22.025074, 166.651014, 2
56.494926, 5.657155, 161.050489, 3
63.724719, -23.441678, 146.643366, 4
43.582888, 8.656372, 154.080276, 5
56.219368, -16.954696, 138.607053, 6
55.970467, -13.977797, 149.013854, 7
32.744600, 24.179578, 130.043157, 8
46.856223, -17.824772, 139.513308, 9
65.098694, 22.492514, 132.169553, 1060.307431, -20.643221, 172.073103, 1125.459062, -11.185769, 166.903213, 1264.042144, 22.678210, 145.365420, 1345.485055, 12.232402, 146.268417, 1464.060414, -18.355270, 179.269423, 1538.533127, 15.233211, 135.119755, 1649.072045, -2.966854, 145.486715, 1770.017864, 7.146777, 142.471283, 1871.993070, -20.167528, 148.991143, 1931.898774, 22.300226, 144.288659, 2036.000394, 8.437114, 147.990109, 2128.465933, 11.265233, 161.148982, 2267.301204, 1.136815, 156.632282, 2333.059067, 23.990929, 141.669676, 2451.259525, 13.880797, 147.659093, 2550.921352, -21.756622, 135.697366, 2657.973204, 4.684466, 157.075144, 2723.852264, 0.531773, 137.026932, 2838.255558, -1.645690, 141.204100, 2959.178749, 7.622130, 136.309408, 3023.859827, 20.991577, 169.091101, 3143.781985, 26.826568, 153.161383, 3225.323413, 19.957220, 178.642852, 3353.887707, -21.154266, 175.438837, 3467.489452, 7.474308, 162.124690, 3535.540964, -15.774852, 164.712698, 3643.170349, 19.567410, 142.202204, 3772.177506, 20.788727, 167.078625, 3829.596887, -15.126254, 138.237965, 3942.733024, 21.421511, 170.204746, 4050.974426, 22.650397, 164.001372, 4140.457978, -7.738168, 163.632999, 4265.551420, -5.045703, 156.395302, 4364.586729, 26.211069, 159.585640, 4460.418016, 19.529970, 139.865004, 4542.935115, -19.099604, 148.434830, 4628.040262, 1.439798, 140.807248, 4742.174526, -0.553228, 134.401046, 4829.645593, 6.412703, 143.619417, 4939.815617, 26.514781, 137.845964, 5030.412809, 3.318663, 133.301407, 5166.346239, 21.145689, 149.907908, 5250.371666, 12.526562, 169.206863, 5327.159362, 2.942741, 168.222973, 5458.677055, -10.809806, 160.558030, 5570.474111, 9.494375, 165.803045, 5639.301360, 14.903704, 140.047872, 5752.040656, -17.092331, 163.839294, 5858.373728, -10.077680, 143.057276, 5973.925223, 7.106980, 142.376871, 6032.163633, 14.888858, 170.040145, 6137.397105, 7.064543, 163.990892, 6259.237050, -16.734345, 149.322581, 6348.836364, -12.205922, 176.609894, 6437.451791, 23.840197, 138.605121, 6569.941835, 20.143753, 172.444161, 6656.137312, -14.725440, 160.152941, 6768.117244, 14.684277, 167.405234, 6852.349030, -1.112435, 130.132613, 6967.338032, -1.357871, 161.584267, 7030.107319, 8.174829, 149.278144, 7172.079529, 22.940984, 129.147713, 7256.462884, 8.007509, 136.758098, 7326.177791, -17.326678, 148.896774, 7423.180129, -2.505832, 145.542011, 7533.717312, -6.734539, 138.490823, 7626.553924, 26.771824, 148.110021, 7758.638895, 20.718516, 135.599352, 7846.436559, -1.103070, 158.831508, 7948.501193, -7.935500, 130.278673, 8030.477892, -0.459211, 162.798141, 8151.688091, -2.550240, 158.544211, 8252.767846, -20.257928, 139.356804, 8361.457957, -16.711090, 146.374801, 8430.747191, -16.161894, 168.213509, 8548.221268, -5.075457, 134.284120, 8658.644278, -1.152507, 133.861337, 8727.146608, -16.684205, 178.924037, 8834.678022, 7.121417, 150.626023, 8965.441552, -18.547932, 167.035094, 9067.652257, -10.701020, 139.381123, 9150.842855, 18.356172, 161.175330, 9229.779471, -3.046500, 165.262042, 9341.068243, -15.759079, 172.895614, 9459.374991, -7.642830, 129.538723, 95