x coord, y coord, z coord, scalar
75.923402, 16.466809, 295.356250, 0
44.009970, 12.174420, 265.299124, 1
45.063545, 18.640614, 287.190956, 2
69.470080, 2.272694, 281.590464, 3
76.699869, -26.826142, 267.183372, 4
56.558043, 5.271912, 274.620244, 5
69.194507, -20.339155, 259.147209, 6
68.945617, -17.362257, 269.553913, 7
45.719755, 20.795118, 250.583086, 8
59.831370, -21.209228, 260.053325, 9
78.073851, 19.108052, 252.709487, 1073.282584, -24.027682, 292.613061, 1138.434216, -14.570229, 287.443159, 1277.017301, 19.293749, 265.905372, 1358.460211, 8.847943, 266.808385, 1477.035568, -21.739731, 299.809374, 1551.508283, 11.848753, 255.659694, 1662.047200, -6.351310, 266.026772, 1782.993023, 3.762313, 263.011282, 1884.968222, -23.551992, 269.531136, 1944.873929, 18.915766, 264.828598, 2048.975548, 5.052655, 268.530066, 2141.441087, 7.880773, 281.688928, 2280.276359, -2.247647, 277.172274, 2346.034222, 20.606469, 262.209614, 2464.234681, 10.496337, 268.199065, 2563.896496, -25.141079, 256.237363, 2670.948359, 1.300005, 277.615133, 2736.827418, -2.852685, 257.566869, 2851.230713, -5.030146, 261.744075, 2972.153915, 4.237671, 256.849424, 3036.834981, 17.607116, 289.631041, 3156.757140, 23.442108, 273.701328, 3238.298567, 16.572759, 299.182791, 3366.862860, -24.538727, 295.978790, 3480.464606, 4.089847, 282.664658, 3548.516117, -19.159312, 285.252653, 3656.145504, 16.182950, 262.742152, 3785.152660, 17.404265, 287.618573, 3842.572039, -18.510713, 258.777910, 3955.708178, 18.037050, 290.744691, 4063.949580, 19.265936, 284.541321, 4153.433131, -11.122628, 284.172962, 4278.526574, -8.430165, 276.935307, 4377.561884, 22.826608, 280.125588, 4473.393173, 16.145510, 260.404958, 4555.910266, -22.484063, 268.974813, 4641.015416, -1.944661, 261.347194, 4755.149682, -3.937680, 254.941016, 4842.620747, 3.028244, 264.159364, 4952.790773, 23.130321, 258.385901, 5043.387964, -0.065795, 253.841344, 5179.321395, 17.761228, 270.447864, 5263.346820, 9.142101, 289.746818, 5340.134515, -0.441720, 288.762919, 5471.652208, -14.194267, 281.098020, 5583.449266, 6.109913, 286.343004, 5652.276516, 11.519245, 260.587821, 5765.015809, -20.476792, 284.379265, 5871.348878, -13.462140, 263.597516, 5986.900381, 3.722515, 262.916853, 6045.138787, 11.504397, 290.580089, 6150.372260, 3.680083, 284.530846, 6272.212201, -20.118807, 269.862625, 6361.811517, -15.590383, 297.149847, 6450.426946, 20.455738, 259.145059, 6582.916989, 16.759291, 292.984108, 6669.112464, -18.109901, 280.692928, 6781.092398, 11.299815, 287.945188, 6865.324205, -4.496864, 250.672582, 6980.313186, -4.742333, 282.124247, 7043.082474, 4.790370, 269.818093, 7185.054686, 19.556522, 249.687641, 7269.438047, 4.623051, 257.298108, 7339.152944, -20.711138, 269.436722, 7436.155283, -5.890291, 266.081955, 7546.692465, -10.118996, 259.030779, 7639.529079, 23.387364, 268.649958, 7771.614053, 17.334055, 256.139296, 7859.411713, -4.487529, 279.371487, 7961.476341, -11.319932, 250.818636, 8043.453046, -3.843672, 283.338092, 8164.663245, -5.934700, 279.084201, 8265.742990, -23.642386, 259.896847, 8374.433106, -20.095553, 266.914872, 8443.722344, -19.546354, 288.753458, 8561.196423, -8.459897, 254.824199, 8671.619478, -4.536955, 254.401807, 8740.121762, -20.068666, 299.463979, 8847.653177, 3.736958, 271.165980, 8978.416705, -21.932394, 287.575059, 9080.627408, -14.085494, 259.921308, 9163.818010, 14.971711, 281.715284, 9242.754625, -6.430960, 285.801992, 9354.043397, -19.143539, 293.435567, 9472.350145, -11.027292, 250.078628, 95