x coord, y coord, z coord, scalar
50.110470, 30.335631, 85.704816, 0
18.197038, 26.043238, 55.647696, 1
19.250614, 32.509434, 77.539531, 2
43.657148, 16.141515, 71.938983, 3
50.886949, -12.957315, 57.531839, 4
30.745110, 19.140730, 64.968775, 5
43.381613, -6.470339, 49.495423, 6
43.132695, -3.493437, 59.902291, 7
19.906822, 34.663937, 40.931683, 8
34.018456, -7.340420, 50.401774, 9
52.260912, 32.976875, 43.058075, 10
47.469655, -10.158860, 82.961610, 11
12.621287, -0.701409, 77.791727, 12
51.204364, 33.162571, 56.253930, 13
32.647275, 22.716759, 57.156916, 14
51.222639, -7.870909, 90.157934, 15
25.695348, 25.717568, 46.008273, 16
36.234267, 7.517499, 56.375153, 17
57.180081, 17.631142, 53.359762, 18
59.155297, -9.683163, 59.879626, 19
19.060996, 32.784585, 55.177177, 20
23.162616, 18.921471, 58.878616, 21
15.628156, 21.749592, 72.037497, 22
54.463426, 11.621177, 67.520765, 23
20.221289, 34.475288, 52.558196, 24
38.421745, 24.365155, 58.547589, 25
38.083591, -11.272267, 46.585845, 26
45.135426, 15.168826, 67.963629, 27
11.014488, 11.016131, 47.915452, 28
25.417782, 8.838664, 52.092595, 29
46.340956, 18.106488, 47.197874, 30
11.022051, 31.475937, 79.979620, 31
30.944207, 37.310928, 64.049898, 32
12.485636, 30.441580, 89.531371, 33
41.049932, -10.669905, 86.327346, 34
54.651674, 17.958670, 73.013189, 35
22.703189, -5.290492, 75.601206, 36
30.332569, 30.051768, 53.090717, 37
59.339729, 31.273088, 77.967138, 38
16.759113, -4.641898, 49.126480, 39
29.895247, 31.905871, 81.093261, 40
38.136648, 33.134757, 74.889884, 41
27.620202, 2.746192, 74.521501, 42
52.713643, 5.438660, 67.283776, 43
51.748951, 36.695430, 70.474153, 44
47.580234, 30.014331, 50.753512, 45
30.097343, -8.615247, 59.323319, 46
15.202485, 11.924155, 51.695763, 47
29.336747, 9.931120, 45.289544, 48
16.807816, 16.897060, 54.507930, 49
26.977839, 36.999140, 48.734485, 50
17.575032, 13.803019, 44.189928, 51
53.508459, 31.630051, 60.796416, 52
37.533888, 23.010923, 80.095372, 53
14.321585, 13.427101, 79.111487, 54
45.839279, -0.325445, 71.446514, 55
57.636334, 19.978736, 76.691550, 56
26.463581, 25.388061, 50.936385, 57
39.202881, -6.607971, 74.727790, 58
45.535957, 0.406680, 53.945590, 59
61.087441, 17.591345, 53.265361, 60
19.325856, 25.373218, 80.928660, 61
24.559329, 17.548903, 74.879400, 62
46.399279, -6.249983, 60.211028, 63
35.998588, -1.721562, 87.498403, 64
24.614013, 34.324556, 49.493641, 65
57.104058, 30.628114, 83.332675, 66
43.299537, -4.241079, 71.041427, 67
55.279466, 25.168638, 78.293743, 68
39.511222, 9.371879, 41.021112, 69
54.500255, 9.126491, 72.472759, 70
17.269542, 18.659187, 60.166656, 71
59.241748, 33.425346, 40.036240, 72
43.625093, 18.491865, 47.646568, 73
13.340017, -6.842320, 59.785287, 74
10.342353, 7.978526, 56.430527, 75
20.879537, 3.749815, 49.379331, 76
13.716147, 37.256184, 58.998541, 77
45.801113, 31.202876, 46.487868, 78
33.598783, 9.381289, 69.720000, 79
35.663425, 2.548817, 41.167176, 80
17.640116, 10.025148, 73.686651, 81
38.850314, 7.934119, 69.432694, 82
39.930083, -9.773572, 50.245252, 83
48.620187, -6.226727, 57.263230, 84
17.909415, -5.677534, 79.102021, 85
35.383490, 5.408872, 45.172543, 86
45.806432, 9.331836, 44.749494, 87
14.308832, -6.199845, 89.812553, 88
21.840245, 17.605775, 61.514530, 89
52.603777, -8.063570, 77.923595, 90
54.814486, -0.216639, 50.269474, 91
38.005078, 28.840532, 72.063838, 92
16.941695, 7.437860, 76.150553, 93
28.230468, -5.274718, 83.784124, 94
46.537214, 2.841531, 40.427265, 95
