x coord, y coord, z coord, scalar
55.331758, 36.419678, 64.345761, 0
23.418324, 32.127283, 34.288641, 1
24.471901, 38.593480, 56.180476, 2
48.878435, 22.225562, 50.579924, 3
56.108241, -6.873269, 36.172776, 4
35.966396, 25.224775, 43.609717, 5
48.602911, -0.386302, 28.136339, 6
48.353984, 2.590606, 38.543220, 7
25.128109, 40.747982, 19.572630, 8
39.239746, -1.256381, 29.042710, 9
57.482197, 39.060923, 21.699022, 10
52.690944, -4.074814, 61.602553, 11
17.842574, 5.382636, 56.432672, 12
56.425650, 39.246619, 34.894874, 13
37.868560, 28.800805, 35.797858, 14
56.443927, -1.786863, 68.798878, 15
30.916632, 31.801613, 24.649219, 16
41.455552, 13.601542, 35.016083, 17
62.401366, 23.715193, 32.000700, 18
64.376588, -3.599116, 38.520564, 19
24.282283, 38.868631, 33.818123, 20
28.383902, 25.005516, 37.519559, 21
20.849443, 27.833638, 50.678442, 22
59.684714, 17.705225, 46.161703, 23
25.442576, 40.559333, 31.199142, 24
43.643030, 30.449202, 37.188530, 25
43.304885, -5.188229, 25.226783, 26
50.356713, 21.252873, 46.604568, 27
16.235775, 17.100175, 26.556398, 28
30.639067, 14.922706, 30.733536, 29
51.562235, 24.190539, 25.838809, 30
16.243338, 37.559983, 58.620566, 31
36.165494, 43.394974, 42.690844, 32
17.706924, 36.525626, 68.172317, 33
46.271220, -4.585859, 64.968290, 34
59.872961, 24.042717, 51.654131, 35
27.924477, 0.793553, 54.242150, 36
35.553855, 36.135814, 31.731661, 37
64.561016, 37.357135, 56.608082, 38
21.980401, 1.442145, 27.767425, 39
35.116534, 37.989917, 59.734206, 40
43.357935, 39.218803, 53.530829, 41
32.841489, 8.830237, 53.162444, 42
57.934931, 11.522707, 45.924713, 43
56.970238, 42.779477, 49.115098, 44
52.801519, 36.098379, 29.394456, 45
35.318631, -2.531204, 37.964259, 46
20.423772, 18.008199, 30.336708, 47
34.558029, 16.015160, 23.930485, 48
22.029102, 22.981105, 33.148875, 49
32.199125, 43.083186, 27.375431, 50
22.796318, 19.887063, 22.830875, 51
58.729746, 37.714098, 39.437360, 52
42.755176, 29.094969, 58.736316, 53
19.542873, 19.511146, 57.752432, 54
51.060568, 5.758601, 50.087453, 55
62.857621, 26.062783, 55.332494, 56
31.684866, 31.472107, 29.577330, 57
44.424170, -0.523925, 53.368732, 58
50.757247, 6.490724, 32.586494, 59
66.308727, 23.675396, 31.906301, 60
24.547144, 31.457264, 59.569605, 61
29.780616, 23.632948, 53.520344, 62
51.620570, -0.165939, 38.851960, 63
41.219876, 4.362484, 66.139346, 64
29.835299, 40.408602, 28.134587, 65
62.325345, 36.712161, 61.973619, 66
48.520825, 1.842966, 49.682367, 67
60.500754, 31.252685, 56.934687, 68
44.732477, 15.455912, 19.662053, 69
59.721542, 15.210538, 51.113699, 70
22.490829, 24.743232, 38.807601, 71
64.463034, 39.509394, 18.677187, 72
48.846371, 24.575913, 26.287504, 73
18.561304, -0.758276, 38.426232, 74
15.563640, 14.062571, 35.071472, 75
26.100823, 9.833858, 28.020274, 76
18.937434, 43.340229, 37.639488, 77
51.022397, 37.286923, 25.128813, 78
38.820070, 15.465335, 48.360940, 79
40.884702, 8.632838, 19.808118, 80
22.861404, 16.109193, 52.327596, 81
44.071601, 14.018165, 48.073633, 82
45.151377, -3.689533, 28.886184, 83
53.841480, -0.142681, 35.904157, 84
23.130703, 0.406511, 57.742966, 85
40.604766, 11.492903, 23.813470, 86
51.027678, 15.415896, 23.390367, 87
19.530120, -0.115799, 68.453498, 88
27.061531, 23.689820, 40.155473, 89
57.825065, -1.979524, 56.564538, 90
60.035782, 5.867416, 28.910386, 91
43.226365, 34.924578, 50.704782, 92
22.162982, 13.521905, 54.791498, 93
33.451756, 0.809327, 62.425068, 94
51.758502, 8.925578, 19.068216, 95
