x coord, y coord, z coord, scalar
71.098725, 23.694968, 261.574521, 0
39.185293, 19.402578, 231.517396, 1
40.238868, 25.868773, 253.409229, 2
64.645403, 9.500853, 247.808728, 3
71.875194, -19.597980, 233.401627, 4
51.733366, 12.500070, 240.838510, 5
64.369839, -13.110995, 225.365421, 6
64.120942, -10.134098, 235.772153, 7
40.895078, 28.023277, 216.801363, 8
55.006698, -13.981071, 226.271577, 9
73.249172, 26.336212, 218.927762, 1068.457907, -16.799523, 258.831330, 1133.609539, -7.342070, 253.661431, 1272.192622, 26.521908, 232.123642, 1353.635533, 16.076101, 233.026650, 1472.210891, -14.511572, 266.027645, 1546.683605, 19.076910, 221.877968, 1657.222524, 0.876846, 232.245012, 1778.168343, 10.990474, 229.229539, 1880.143546, -16.323831, 235.749395, 1940.049252, 26.143925, 231.046872, 2044.150871, 12.280813, 234.748335, 2136.616410, 15.108931, 247.907200, 2275.451682, 4.980513, 243.390533, 2341.209545, 27.834627, 228.427889, 2459.410003, 17.724495, 234.417329, 2559.071825, -17.912921, 222.455620, 2666.123682, 8.528164, 243.833392, 2732.002742, 4.375473, 223.785144, 2846.406036, 2.198011, 227.962339, 2967.329232, 11.465827, 223.067676, 3032.010305, 24.835275, 255.849315, 3151.932463, 30.670267, 239.919601, 3233.473890, 23.800918, 265.401065, 3362.038184, -17.310567, 262.197060, 3475.639929, 11.318006, 248.882924, 3543.691441, -11.931153, 251.470922, 3651.320827, 23.411108, 228.960423, 3780.327983, 24.632425, 253.836845, 3837.747364, -11.282555, 224.996182, 3950.883501, 25.265209, 256.962964, 4059.124903, 26.494095, 250.759592, 4148.608455, -3.894469, 250.391229, 4273.701897, -1.202005, 243.153562, 4372.737206, 30.054767, 246.343860, 4468.568494, 23.373668, 226.623227, 4551.085591, -15.255905, 235.193075, 4636.190739, 5.283497, 227.565466, 4750.325006, 3.290474, 221.159281, 4837.796070, 10.256402, 230.377636, 4947.966095, 30.358480, 224.604176, 5038.563287, 7.162363, 220.059618, 5174.496717, 24.989387, 236.666133, 5258.522143, 16.370261, 255.965087, 5335.309839, 6.786439, 254.981191, 5466.827532, -6.966108, 247.316280, 5578.624588, 13.338073, 252.561272, 5647.451838, 18.747403, 226.806092, 5760.191133, -13.248633, 250.597530, 5866.524204, -6.233980, 229.815704, 5982.075701, 10.950676, 229.135115, 6040.314110, 18.732556, 256.798362, 6145.547583, 10.908242, 250.749115, 6267.387526, -12.890647, 236.080869, 6356.986841, -8.362224, 263.368117, 6445.602269, 27.683896, 225.363333, 6578.092312, 23.987451, 259.202380, 6664.287788, -10.881742, 246.911189, 6776.267721, 18.527975, 254.163458, 6860.499521, 2.731274, 216.890848, 6975.488509, 2.485827, 248.342509, 7038.257797, 12.018528, 236.036364, 7180.230007, 26.784681, 215.905918, 7264.613365, 11.851207, 223.516361, 7334.328268, -13.482979, 235.654993, 7431.330606, 1.337867, 232.300228, 7541.867790, -2.890839, 225.249048, 7634.704402, 30.615523, 234.868233, 7766.789374, 24.562214, 222.357569, 7854.587037, 2.740629, 245.589750, 7956.651671, -4.091788, 217.036903, 8038.628370, 3.384487, 249.556363, 8159.838568, 1.293458, 245.302461, 8260.918319, -16.414227, 226.115091, 8369.608432, -12.867392, 233.133108, 8438.897667, -12.318195, 254.971729, 8556.371749, -1.231750, 221.042433, 8666.794777, 2.691191, 220.619930, 8735.297085, -12.840507, 265.682252, 8842.828500, 10.965116, 237.384249, 8973.592028, -14.704234, 253.793326, 9075.802731, -6.857327, 226.139512, 9158.993333, 22.199870, 247.933554, 9237.929948, 0.797199, 252.020263, 9349.218720, -11.915380, 259.653837, 9467.525468, -3.799133, 216.296912, 95