x coord, y coord, z coord, scalar
70.550418, 12.101590, 390.446899, 0
38.636988, 7.809202, 360.389771, 1
39.690562, 14.275395, 382.281602, 2
64.097098, -2.092525, 376.681138, 3
71.326880, -31.191360, 362.274070, 4
51.185061, 0.906694, 369.710912, 5
63.821512, -24.704363, 354.238030, 6
63.572632, -21.727474, 364.644655, 7
40.346773, 16.429900, 345.673722, 8
54.458385, -25.574438, 355.144032, 9
72.700870, 14.742831, 347.800127, 1067.909599, -28.392901, 387.703720, 1133.061232, -18.935447, 382.533808, 1271.644319, 14.928528, 360.996026, 1353.087230, 4.482724, 361.899052, 1471.662583, -26.104950, 394.900028, 1546.135302, 7.483534, 350.750338, 1656.674221, -10.716526, 361.117511, 1777.620042, -0.602911, 358.101974, 1879.595234, -27.917213, 364.621823, 1939.500947, 14.550548, 359.919242, 2043.602567, 0.687437, 363.620725, 2136.068104, 3.515554, 376.779577, 2274.903376, -6.612868, 372.262960, 2340.661240, 16.241250, 357.300257, 2458.861701, 6.131118, 363.289735, 2558.523506, -29.506288, 351.328053, 2665.575377, -3.065215, 372.705817, 2731.454436, -7.217902, 352.657511, 2845.857732, -9.395361, 356.834747, 2966.780941, -0.127554, 351.940130, 3031.461998, 13.241897, 384.721685, 3151.384157, 19.076889, 368.791976, 3232.925583, 12.207540, 394.273434, 3361.489876, -28.903946, 391.069446, 3475.091623, -0.275373, 377.755325, 3543.143133, -23.524530, 380.343309, 3650.772523, 11.817731, 357.832803, 3779.779677, 13.039045, 382.709224, 3837.199056, -22.875928, 353.868558, 3950.335195, 13.671831, 385.835340, 4058.576597, 14.900716, 379.631973, 4148.060147, -15.487846, 379.263625, 4273.153590, -12.795385, 372.026004, 4372.188901, 18.461388, 375.216239, 4468.020193, 11.780288, 355.495613, 4550.537282, -26.849279, 364.065493, 4635.642434, -6.309878, 356.437842, 4749.776706, -8.302892, 350.031684, 4837.247765, -1.336973, 359.250014, 4947.417791, 18.765102, 353.476542, 5038.014983, -4.431011, 348.931985, 5173.948412, 13.396007, 365.538520, 5257.973837, 4.776882, 384.837474, 5334.761532, -4.806938, 383.853568, 5466.279223, -18.559486, 376.188705, 5578.076282, 1.744693, 381.433664, 5646.903535, 7.154027, 355.678471, 5759.642824, -24.842010, 379.469936, 5865.975892, -17.827356, 358.688405, 5981.527398, -0.642709, 358.007532, 6039.765804, 7.139179, 385.670737, 6144.999276, -0.685135, 379.621501, 6266.839214, -24.484024, 364.953354, 6356.438533, -19.955602, 392.240503, 6445.053965, 16.090519, 354.235701, 6577.544005, 12.394072, 388.074758, 6663.739480, -22.475119, 375.783611, 6775.719415, 6.934595, 383.035844, 6859.951260, -8.862070, 345.763250, 6974.940202, -9.107553, 377.214923, 7037.709491, 0.425152, 364.908745, 7179.681704, 15.191300, 344.778276, 7264.065074, 0.257829, 352.388809, 7333.779960, -25.076355, 364.527372, 7430.782300, -10.255508, 361.172603, 7541.319484, -14.484211, 354.121436, 7634.156096, 19.022145, 363.740600, 7766.241072, 12.968834, 351.229943, 7854.038731, -8.852748, 374.462164, 7956.103371, -15.685122, 345.909299, 8038.080063, -8.208890, 378.428745, 8159.290262, -10.299919, 374.174887, 8260.370000, -28.007597, 354.987575, 8369.060117, -24.460771, 362.005623, 8438.349360, -23.911572, 383.844109, 8555.823454, -12.825099, 349.914956, 8666.246542, -8.902194, 349.492884, 8734.748777, -24.433884, 394.554626, 8842.280194, -0.628260, 366.256638, 8973.043720, -26.297613, 382.665724, 9075.254413, -18.450723, 355.012152, 9158.445027, 10.606492, 376.805941, 9237.381641, -10.796178, 380.892644, 9348.670413, -23.508758, 388.526222, 9466.977160, -15.392512, 345.169243, 95