x coord, y coord, z coord, scalar
60.670099, 23.161076, 215.460356, 0
28.756668, 18.868685, 185.403232, 1
29.810242, 25.334880, 207.295066, 2
54.216777, 8.966960, 201.694551, 3
61.446569, -20.131871, 187.287439, 4
41.304740, 11.966177, 194.724336, 5
53.941217, -13.644885, 179.251175, 6
53.692318, -10.667990, 189.657944, 7
30.466453, 27.489383, 170.687205, 8
44.578075, -14.514963, 180.157385, 9
62.820546, 25.802318, 172.813602, 1058.029282, -17.333415, 212.717160, 1123.180914, -7.875963, 207.547266, 1261.763996, 25.988015, 186.009475, 1343.206907, 15.542207, 186.912477, 1461.782265, -15.045464, 219.913478, 1536.254980, 18.543016, 175.763806, 1646.793899, 0.342952, 186.130804, 1767.739716, 10.456580, 183.115354, 1869.714920, -16.857722, 189.635212, 1929.620626, 25.610032, 184.932709, 2033.722246, 11.746920, 188.634166, 2126.187784, 14.575039, 201.793035, 2265.023055, 4.446620, 197.276350, 2330.780919, 27.300734, 182.313727, 2448.981377, 17.190602, 188.303154, 2548.643203, -18.446812, 176.341435, 2655.695056, 7.994271, 197.719211, 2721.574116, 3.841579, 177.670982, 2835.977412, 1.664117, 181.848163, 2956.900604, 10.931931, 176.953484, 3021.581679, 24.301383, 209.735152, 3141.503837, 30.136374, 193.805436, 3223.045264, 23.267026, 219.286902, 3351.609558, -17.844460, 216.082892, 3465.211303, 10.784113, 202.768750, 3533.262816, -12.465046, 205.356754, 3640.892201, 22.877215, 182.846257, 3769.899357, 24.098532, 207.722679, 3827.318739, -11.816448, 178.882017, 3940.454875, 24.731316, 210.848799, 4048.696277, 25.960202, 204.645426, 4138.179829, -4.428362, 204.277057, 4263.273271, -1.735897, 197.039374, 4362.308580, 29.520874, 200.229694, 4458.139868, 22.839775, 180.509059, 4540.656967, -15.789797, 189.078895, 4625.762114, 4.749604, 181.451301, 4739.896382, 2.756579, 175.045107, 4827.367445, 9.722509, 184.263470, 4937.537469, 29.824586, 178.490014, 5028.134662, 6.628469, 173.945457, 5164.068090, 24.455494, 190.551964, 5248.093517, 15.836368, 209.850919, 5324.881213, 6.252547, 208.867026, 5456.398906, -7.500000, 201.202098, 5568.195962, 12.804180, 206.447102, 5637.023213, 18.213509, 180.691926, 5749.762507, -13.782525, 204.483355, 5856.095579, -6.767872, 183.701426, 5971.647074, 10.416783, 183.020936, 6029.885485, 18.198664, 210.684197, 6135.118957, 10.374349, 204.634947, 6256.958901, -13.424538, 189.966666, 6346.558215, -8.896116, 217.253949, 6435.173643, 27.150003, 179.249171, 6567.663686, 23.453558, 213.088214, 6653.859163, -11.415634, 200.797008, 6765.839095, 17.994082, 208.049290, 6850.070899, 2.197369, 170.776674, 6965.059883, 1.951935, 202.228331, 7027.829171, 11.484635, 189.922198, 7169.801381, 26.250788, 169.791760, 7254.184738, 11.317311, 177.402172, 7323.899643, -14.016872, 189.540827, 7420.901981, 0.803974, 186.186064, 7531.439165, -3.424732, 179.134879, 7624.275776, 30.081630, 188.754071, 7756.360747, 24.028320, 176.243405, 7844.158411, 2.206736, 199.475572, 7946.223055, -4.625686, 170.922732, 8028.199744, 2.850594, 203.442195, 8149.409942, 0.759565, 199.188278, 8250.489696, -16.948118, 180.000889, 8359.179807, -13.401283, 187.018895, 8428.469042, -12.852088, 208.857563, 8545.943128, -1.765648, 174.928217, 8656.366143, 2.157283, 174.505564, 8724.868460, -13.374399, 219.568088, 8832.399874, 10.431223, 191.270079, 8963.163403, -15.238126, 207.679153, 9065.374103, -7.391216, 180.025255, 9148.564707, 21.665977, 201.819385, 9227.501323, 0.263306, 205.906096, 9338.790095, -12.449273, 213.539669, 9457.096842, -4.333025, 170.182762, 95