x coord, y coord, z coord, scalar
74.330862, 20.523812, 278.161490, 0
42.417431, 16.231423, 248.104365, 1
43.471005, 22.697617, 269.996198, 2
67.877541, 6.329697, 264.395701, 3
75.107331, -22.769137, 249.988604, 4
54.965503, 9.328915, 257.425482, 5
67.601972, -16.282152, 241.952420, 6
67.353079, -13.305254, 252.359138, 7
44.127215, 24.852121, 233.388330, 8
58.238833, -17.152226, 242.858556, 9
76.481310, 23.165056, 235.514730, 1071.690044, -19.970679, 275.418300, 1136.841676, -10.513226, 270.248400, 1275.424760, 23.350752, 248.710612, 1356.867670, 12.904945, 249.613622, 1475.443028, -17.682728, 282.614615, 1549.915743, 15.905755, 238.464936, 1660.454661, -2.294308, 248.831996, 1781.400482, 7.819317, 245.816515, 1883.375683, -19.494988, 252.336370, 1943.281389, 22.972769, 247.633840, 2047.383008, 9.109657, 251.335306, 2139.848547, 11.937776, 264.494169, 2278.683819, 1.809356, 259.977508, 2344.441682, 24.663472, 245.014856, 2462.642141, 14.553340, 251.004302, 2562.303959, -21.084077, 239.042596, 2669.355819, 5.357008, 260.420367, 2735.234878, 1.204317, 240.372111, 2849.638173, -0.973144, 244.549311, 2970.561371, 8.294673, 239.654654, 3035.242442, 21.664119, 272.436283, 3155.164600, 27.499111, 256.506569, 3236.706027, 20.629762, 281.988033, 3365.270321, -20.481724, 278.784030, 3478.872066, 8.146850, 265.469896, 3546.923578, -15.102309, 268.057892, 3654.552964, 20.239953, 245.547392, 3783.560121, 21.461269, 270.423814, 3840.979500, -14.453710, 241.583151, 3954.115638, 22.094053, 273.549932, 4062.357041, 23.322939, 267.346562, 4151.840592, -7.065625, 266.978200, 4276.934035, -4.373161, 259.740539, 4375.969344, 26.883611, 262.930829, 4471.800632, 20.202513, 243.210197, 4554.317728, -18.427061, 251.780049, 4639.422876, 2.112342, 244.152435, 4753.557142, 0.119321, 237.746253, 4841.028207, 7.085247, 246.964605, 4951.198233, 27.187324, 241.191143, 5041.795424, 3.991208, 236.646586, 5177.728854, 21.818231, 253.253103, 5261.754280, 13.199105, 272.552057, 5338.541976, 3.615283, 271.568160, 5470.059668, -10.137264, 263.903255, 5581.856726, 10.166916, 269.148243, 5650.683976, 15.576248, 243.393061, 5763.423270, -16.419789, 267.184503, 5869.756340, -9.405137, 246.402714, 5985.307840, 7.779520, 245.722089, 6043.546247, 15.561401, 273.385331, 6148.779720, 7.737086, 267.336085, 6270.619662, -16.061803, 252.667851, 6360.218978, -11.533380, 279.955087, 6448.834406, 24.512740, 241.950301, 6581.324449, 20.816295, 275.789349, 6667.519925, -14.052898, 263.498163, 6779.499858, 15.356819, 270.750428, 6863.731660, -0.439871, 233.477820, 6978.720646, -0.685329, 264.929483, 7041.489934, 8.847372, 252.623334, 7183.462145, 23.613525, 232.492885, 7267.845505, 8.680053, 240.103339, 7337.560405, -16.654135, 252.241962, 7434.562743, -1.833288, 248.887197, 7545.099926, -6.061994, 241.836018, 7637.936539, 27.444367, 251.455201, 7770.021512, 21.391058, 238.944537, 7857.819174, -0.430527, 262.176723, 7959.883804, -7.262938, 233.623874, 8041.860507, 0.213331, 266.143332, 8163.070705, -1.877697, 261.889436, 8264.150453, -19.585384, 242.702074, 8372.840568, -16.038549, 249.720095, 8442.129804, -15.489351, 271.558698, 8559.603884, -4.402900, 237.629420, 8670.026924, -0.479957, 237.206972, 8738.529222, -16.011663, 282.269221, 8846.060637, 7.793961, 253.971219, 8976.824165, -17.875390, 270.380298, 9079.034869, -10.028487, 242.726514, 9162.225470, 19.028715, 264.520524, 9241.162085, -2.373957, 268.607232, 9352.450857, -15.086536, 276.240807, 9470.757605, -6.970289, 232.883875, 95