x coord, y coord, z coord, scalar
50.085515, 33.155234, 97.137910, 0
18.172083, 28.862841, 67.080790, 1
19.225659, 35.329037, 88.972625, 2
43.632193, 18.961118, 83.372079, 3
50.861994, -10.137711, 68.964938, 4
30.720155, 21.960333, 76.401871, 5
43.356658, -3.650734, 60.928535, 6
43.107739, -0.673834, 71.335394, 7
19.881867, 37.483539, 52.364776, 8
33.993502, -4.520816, 61.834874, 9
52.235957, 35.796478, 54.491168, 10
47.444700, -7.339257, 94.394705, 11
12.596332, 2.118194, 89.224821, 12
51.179409, 35.982174, 67.687025, 13
32.622320, 25.536362, 68.590012, 14
51.197683, -5.051306, 101.591029, 1525.670393, 28.537171, 57.441367, 16
36.209313, 10.337102, 67.808256, 17
57.155125, 20.450744, 64.792860, 18
59.130342, -6.863560, 71.312724, 19
19.036041, 35.604188, 66.610271, 20
23.137661, 21.741074, 70.311711, 21
15.603201, 24.569195, 83.470591, 22
54.438471, 14.440780, 78.953863, 23
20.196334, 37.294891, 63.991289, 24
38.396790, 27.184758, 69.980685, 25
38.058636, -8.452663, 58.018943, 26
45.110471, 17.988429, 79.396726, 27
10.989533, 13.835734, 59.348545, 28
25.392827, 11.658267, 63.525692, 29
46.316002, 20.926089, 58.630974, 30
10.997096, 34.295540, 91.412714, 31
30.919252, 40.130531, 75.482993, 32
12.460681, 33.261183, 100.964464, 3341.024977, -7.850302, 97.760441, 34
54.626719, 20.778273, 84.446285, 35
22.678234, -2.470889, 87.034301, 36
30.307615, 32.871371, 64.523811, 37
59.314773, 34.092691, 89.400232, 38
16.734158, -1.822295, 60.559574, 39
29.870292, 34.725474, 92.526355, 40
38.111693, 35.954360, 86.322979, 41
27.595247, 5.565794, 85.954597, 42
52.688688, 8.258263, 78.716875, 43
51.723996, 39.515033, 81.907248, 44
47.555279, 32.833933, 62.186607, 45
30.072388, -5.795644, 70.756416, 46
15.177531, 14.743758, 63.128857, 47
29.311793, 12.750723, 56.722640, 48
16.782861, 19.716663, 65.941025, 49
26.952884, 39.818743, 60.167579, 50
17.550078, 16.622622, 55.623022, 51
53.483504, 34.449653, 72.229511, 52
37.508933, 25.830526, 91.528467, 53
14.296630, 16.246703, 90.544581, 54
45.814324, 2.494158, 82.879612, 55
57.611378, 22.798339, 88.124646, 56
26.438626, 28.207664, 62.369480, 57
39.177926, -3.788368, 86.160887, 58
45.511002, 3.226284, 65.378708, 59
61.062485, 20.410947, 64.698458, 60
19.300901, 28.192821, 92.361754, 61
24.534374, 20.368506, 86.312495, 62
46.374324, -3.430380, 71.644130, 63
35.973633, 1.098041, 98.931497, 64
24.589058, 37.144159, 60.926735, 65
57.079102, 33.447717, 94.765769, 66
43.274582, -1.421476, 82.474525, 67
55.254511, 27.988241, 89.726838, 68
39.486272, 12.191480, 52.454208, 69
54.475299, 11.946094, 83.905856, 70
17.244587, 21.478790, 71.599751, 71
59.216793, 36.244949, 51.469332, 72
43.600138, 21.311466, 59.079668, 73
13.315062, -4.022717, 71.218382, 74
10.317398, 10.798129, 67.863621, 75
20.854582, 6.569418, 60.812426, 76
13.691192, 40.075786, 70.431635, 77
45.776158, 34.022478, 57.920962, 78
33.573828, 12.200892, 81.153097, 79
35.638474, 5.368422, 52.600271, 80
17.615161, 12.844751, 85.119746, 81
38.825359, 10.753722, 80.865792, 82
39.905128, -6.953967, 61.678354, 83
48.595232, -3.407123, 68.696334, 84
17.884460, -2.857931, 90.535116, 85
35.358538, 8.228476, 56.605648, 86
45.781480, 12.151432, 56.182631, 87
14.283877, -3.380242, 101.245647, 8821.815290, 20.425378, 72.947625, 89
52.578821, -5.243967, 89.356691, 90
54.789528, 2.602964, 61.702588, 91
37.980123, 31.660135, 83.496933, 92
16.916740, 10.257463, 87.583648, 93
28.205513, -2.455115, 95.217219, 94
46.512259, 5.661134, 51.860356, 95
