x coord, y coord, z coord, scalar
69.101475, 24.684018, 253.508958, 0
37.188044, 20.391628, 223.451833, 1
38.241619, 26.857822, 245.343666, 2
62.648154, 10.489903, 239.743163, 3
69.877945, -18.608930, 225.336060, 4
49.736116, 13.489120, 232.772945, 5
62.372591, -12.121945, 217.299844, 6
62.123693, -9.145048, 227.706582, 7
38.897829, 29.012326, 208.735801, 8
53.009450, -12.992021, 218.206009, 9
71.251922, 27.325261, 210.862200, 1066.460658, -15.810473, 250.765766, 1131.612290, -6.353020, 245.595868, 1270.195373, 27.510958, 224.058079, 1351.638283, 17.065150, 224.961086, 1470.213642, -13.522522, 257.962082, 1544.686356, 20.065960, 213.812406, 1655.225275, 1.865896, 224.179442, 1776.171093, 11.979523, 221.163972, 1878.146297, -15.334781, 227.683828, 1938.052002, 27.132975, 222.981309, 2042.153622, 13.269863, 226.682771, 2134.619161, 16.097981, 239.841637, 2273.454432, 5.969563, 235.324966, 2339.212295, 28.823677, 220.362326, 2457.412754, 18.713545, 226.351765, 2557.074577, -16.923871, 214.390054, 2664.126432, 9.517214, 235.767826, 2730.005492, 5.364522, 215.719581, 2844.408787, 3.187060, 219.896774, 2965.331981, 12.454876, 215.002108, 3030.013055, 25.824325, 247.783752, 3149.935213, 31.659317, 231.854038, 3231.476641, 24.789968, 257.335502, 3360.040935, -16.321517, 254.131497, 3473.642679, 12.307056, 240.817359, 3541.694192, -10.942103, 243.405358, 3649.323577, 24.400158, 220.894860, 3778.330734, 25.621474, 245.771281, 3835.750115, -10.293505, 216.930619, 3948.886252, 26.254259, 248.897401, 4057.127654, 27.483145, 242.694029, 4146.611205, -2.905419, 242.325665, 4271.704648, -0.212955, 235.087995, 4370.739957, 31.043817, 238.278297, 4466.571245, 24.362718, 218.557664, 4549.088342, -14.266855, 227.127509, 4634.193490, 6.272547, 219.499903, 4748.327757, 4.279523, 213.093716, 4835.798821, 11.245452, 222.312073, 4945.968846, 31.347529, 216.538613, 5036.566038, 8.151412, 211.994056, 5172.499467, 25.978437, 228.600569, 5256.524893, 17.359310, 247.899524, 5333.312589, 7.775489, 246.915628, 5464.830282, -5.977058, 239.250714, 5576.627339, 14.327122, 244.495708, 5645.454589, 19.736453, 218.740529, 5758.193883, -12.259583, 242.531965, 5864.526955, -5.244930, 221.750122, 5980.078451, 11.939726, 221.069549, 6038.316861, 19.721606, 248.732799, 6143.550333, 11.897292, 242.683552, 6265.390277, -11.901597, 228.015299, 6354.989592, -7.373174, 255.302553, 6443.605020, 28.672946, 217.297771, 6576.095062, 24.976501, 251.136816, 6662.290539, -9.892692, 238.845623, 6774.270471, 19.517025, 246.097895, 6858.502272, 3.720320, 208.825283, 6973.491259, 3.474877, 240.276944, 7036.260547, 13.007578, 227.970801, 7178.232757, 27.773731, 207.840357, 7262.616115, 12.840256, 215.450794, 7332.331019, -12.493929, 227.589430, 7429.333357, 2.326917, 224.234665, 7539.870541, -1.901789, 217.183484, 7632.707152, 31.604572, 226.802670, 7764.792124, 25.551263, 214.292006, 7852.589787, 3.729679, 237.524185, 7954.654424, -3.102741, 208.971339, 8036.631120, 4.373537, 241.490799, 8157.841319, 2.282508, 237.236894, 8258.921071, -15.425177, 218.049522, 8367.611183, -11.878342, 225.067537, 8436.900418, -11.329145, 246.906166, 8554.374500, -0.242702, 212.976861, 8664.797524, 3.680236, 212.554332, 8733.299836, -11.851457, 257.616689, 8840.831250, 11.954166, 229.318685, 8971.594779, -13.715184, 245.727762, 9073.805481, -5.868276, 218.073933, 9156.996084, 23.188920, 239.867990, 9235.932699, 1.786249, 243.954699, 9347.221471, -10.926330, 251.588274, 9465.528218, -2.810083, 208.231351, 95