x coord, y coord, z coord, scalar
58.091958, 35.242541, 119.232019, 0
26.178526, 30.950148, 89.174898, 1
27.232102, 37.416344, 111.066732, 2
51.638636, 21.048425, 105.466192, 3
58.868436, -8.050406, 91.059056, 4
38.726598, 24.047640, 98.495983, 5
51.363099, -1.563430, 83.022677, 6
51.114182, 1.413472, 93.429521, 7
27.888310, 39.570846, 74.458881, 8
41.999943, -2.433510, 83.928994, 9
60.242400, 37.883785, 76.585275, 10
55.451143, -5.251950, 116.488815, 1120.602774, 4.205500, 111.318930, 1259.185853, 38.069481, 89.781134, 13
40.628763, 27.623669, 90.684123, 14
59.204126, -2.963999, 123.685138, 1533.676836, 30.624478, 79.535474, 16
44.215755, 12.424410, 89.902383, 17
65.161569, 22.538051, 86.886977, 18
67.136785, -4.776254, 93.406839, 19
27.042484, 37.691495, 88.704378, 20
31.144104, 23.828381, 92.405821, 21
23.609644, 26.656502, 105.564699, 2262.444914, 16.528087, 101.047978, 2328.202777, 39.382197, 86.085396, 24
46.403233, 29.272065, 92.074798, 25
46.065077, -6.365357, 80.113060, 26
53.116914, 20.075735, 101.490842, 2718.995976, 15.923040, 81.442652, 28
33.399269, 13.745574, 85.619804, 29
54.322446, 23.013398, 80.725093, 30
19.003539, 36.382846, 113.506821, 3138.925695, 42.217838, 97.577101, 32
20.467124, 35.348490, 123.058571, 3349.031420, -5.762995, 119.854550, 3462.633162, 22.865579, 106.540397, 3530.684677, -0.383583, 109.128411, 3638.314057, 34.958678, 86.617920, 37
67.321216, 36.179997, 111.494341, 3824.740600, 0.265012, 82.653682, 39
37.876735, 36.812781, 114.620463, 4046.118136, 38.041666, 108.417087, 4135.601690, 7.653101, 108.048708, 4260.695131, 10.345569, 100.810993, 4359.730439, 41.602339, 104.001356, 4455.561722, 34.921240, 84.280717, 45
38.078830, -3.708337, 92.850530, 46
23.183973, 16.831065, 85.222965, 47
37.318235, 14.838031, 78.816752, 48
24.789303, 21.803970, 88.035133, 49
34.959327, 41.906050, 82.261685, 50
25.556520, 18.709929, 77.717128, 51
61.489948, 36.536960, 94.323621, 52
45.515376, 27.917832, 113.622576, 5322.303073, 18.334010, 112.638690, 5453.820767, 4.581464, 104.973727, 5565.617822, 24.885646, 110.218756, 5634.445069, 30.294971, 84.463588, 57
47.184369, -1.701061, 108.254999, 5853.517444, 5.313590, 87.472864, 59
69.068929, 22.498254, 86.792572, 60
27.307344, 30.280128, 114.455862, 6132.540817, 22.455812, 108.406605, 6254.380766, -1.343074, 93.738254, 63
43.980076, 3.185348, 121.025607, 6432.595501, 39.231466, 83.020841, 65
65.085545, 35.535023, 116.859877, 6651.281025, 0.665830, 104.568640, 6763.260954, 30.075547, 111.820947, 6847.492712, 14.278794, 74.548320, 69
62.481743, 14.033401, 105.999969, 7025.251030, 23.566097, 93.693859, 71
67.223237, 38.332256, 73.563438, 72
51.606582, 23.398775, 81.173786, 73
21.321504, -1.935410, 93.312490, 74
18.323841, 12.885436, 89.957729, 75
28.861025, 8.656725, 82.906535, 76
21.697635, 42.163093, 92.525742, 77
53.782601, 36.109785, 80.015070, 78
41.580270, 14.288199, 103.247210, 7943.644911, 7.455731, 74.694382, 80
25.621604, 14.932057, 107.213855, 8146.831802, 12.841029, 102.959908, 8247.911570, -4.866662, 83.772478, 83
56.601674, -1.319818, 90.790463, 84
25.890903, -0.770625, 112.629224, 8543.364977, 10.315785, 78.699778, 86
53.787927, 14.238748, 78.276825, 87
22.290320, -1.292935, 123.339755, 8829.821733, 22.512685, 95.041735, 89
60.585264, -3.156661, 111.450802, 9062.795973, 4.690268, 83.796735, 91
45.986566, 33.747442, 105.591042, 9224.923183, 12.344769, 109.677757, 9336.211956, -0.367809, 117.311328, 9454.518702, 7.748441, 73.954458, 95
