x coord, y coord, z coord, scalar
72.511288, 14.063550, 411.288400, 0
40.597858, 9.771162, 381.231271, 1
41.651431, 16.237355, 403.123102, 2
66.057967, -0.130565, 397.522644, 3
73.287750, -29.229399, 383.115582, 4
53.145930, 2.868654, 390.552416, 5
65.782382, -22.742402, 375.079569, 6
65.533501, -19.765514, 385.486176, 7
42.307643, 18.391860, 366.515219, 8
56.419254, -23.612478, 375.985545, 9
74.661740, 16.704791, 368.641625, 1069.870469, -26.430941, 408.545223, 1135.022102, -16.973487, 403.375309, 1273.605188, 16.890488, 381.837527, 1355.048100, 6.444684, 382.740556, 1473.623453, -24.142990, 415.741529, 1548.096172, 9.445495, 371.591838, 1658.635091, -8.754565, 381.959032, 1779.580912, 1.359049, 378.943484, 1881.556104, -25.955252, 385.463332, 1941.461816, 16.512508, 380.760742, 2045.563436, 2.649398, 384.462227, 2138.028973, 5.477515, 397.621078, 2276.864245, -4.650907, 393.104469, 2342.622109, 18.203211, 378.141756, 2460.822570, 8.093078, 384.131241, 2560.484375, -27.544328, 372.169563, 2667.536247, -1.103255, 393.547325, 2733.415305, -5.255942, 373.499011, 2847.818602, -7.433401, 377.676253, 2968.741811, 1.834406, 372.781643, 3033.422868, 15.203858, 405.563184, 3153.345027, 21.038849, 389.633477, 3234.886453, 14.169501, 415.114934, 3363.450746, -26.941985, 411.910948, 3477.052493, 1.686587, 398.596830, 3545.104003, -21.562570, 401.184811, 3652.733393, 13.779692, 378.674304, 3781.740547, 15.001006, 403.550725, 3839.159926, -20.913968, 374.710058, 3952.296065, 15.633791, 406.676841, 4060.537467, 16.862677, 400.473474, 4150.021017, -13.525886, 400.105129, 4275.114460, -10.833425, 392.867515, 4374.149770, 20.423348, 396.057740, 4469.981062, 13.742249, 376.337115, 4552.498152, -24.887318, 384.907000, 4637.603304, -4.347917, 377.279342, 4751.737576, -6.340932, 370.873189, 4839.208635, 0.624987, 380.091515, 4949.378660, 20.727063, 374.318041, 5039.975852, -2.469051, 369.773484, 5175.909282, 15.357968, 386.380022, 5259.934706, 6.738843, 405.678976, 5336.722402, -2.844978, 404.695068, 5468.240093, -16.597526, 397.030214, 5580.037152, 3.706653, 402.275167, 5648.864405, 9.115988, 376.519972, 5761.603694, -22.880050, 400.311441, 5867.936761, -15.865396, 379.529959, 5983.488268, 1.319251, 378.849039, 6041.726674, 9.101139, 406.512238, 6146.960146, 1.276825, 400.463003, 6268.800083, -22.522064, 385.794872, 6358.399403, -17.993641, 413.082005, 6447.014834, 18.052479, 375.077200, 6579.504875, 14.356032, 408.916258, 6665.700349, -20.513159, 396.625119, 6777.680284, 8.896556, 403.877346, 6861.912130, -6.900110, 366.604755, 6976.901072, -7.145592, 398.056430, 7039.670361, 2.387112, 385.750246, 7181.642574, 17.153261, 365.619773, 7266.025944, 2.219789, 373.230321, 7335.740830, -23.114394, 385.368873, 7432.743170, -8.293548, 382.014103, 7543.280353, -12.522250, 374.962938, 7636.116966, 20.984105, 384.582099, 7768.201942, 14.930795, 372.071443, 7855.999600, -6.890787, 395.303670, 7958.064241, -13.723162, 366.750803, 8040.040933, -6.246929, 399.270247, 8161.251131, -8.337958, 395.016395, 8262.330870, -26.045636, 375.829093, 8371.020987, -22.498810, 382.847146, 8440.310230, -21.949612, 404.685610, 8557.784324, -10.863138, 370.756480, 8668.207412, -6.940234, 370.334479, 8736.709647, -22.471924, 415.396126, 8844.241064, 1.333701, 387.098140, 8975.004590, -24.335652, 403.507228, 9077.215283, -16.488763, 375.853696, 9160.405897, 12.568453, 397.647443, 9239.342511, -8.834218, 401.734145, 9350.631282, -21.546797, 409.367723, 9468.938030, -13.430552, 366.010737, 95