x coord, y coord, z coord, scalar
61.735310, 24.131263, 222.766181, 0
29.821879, 19.838872, 192.709057, 1
30.875454, 26.305067, 214.600891, 2
55.281989, 9.937147, 209.000379, 3
62.511780, -19.161684, 194.593268, 4
42.369951, 12.936364, 202.030163, 5
55.006429, -12.674697, 186.557013, 6
54.757529, -9.697803, 196.963776, 7
31.531664, 28.459571, 177.993029, 8
45.643286, -13.544776, 187.463214, 9
63.885757, 26.772505, 180.119426, 1059.094493, -16.363228, 220.022986, 1124.246125, -6.905776, 214.853091, 1262.829207, 26.958202, 193.315300, 1344.272118, 16.512394, 194.218303, 1462.847477, -14.075277, 227.219303, 1537.320191, 19.513204, 183.069630, 1647.859110, 1.313139, 193.436636, 1768.804927, 11.426768, 190.421182, 1870.780131, -15.887535, 196.941040, 1930.685837, 26.580219, 192.238534, 2034.787457, 12.717107, 195.939992, 2127.252996, 15.545226, 209.098861, 2266.088267, 5.416807, 204.582178, 2331.846130, 28.270921, 189.619551, 2450.046589, 18.160789, 195.608981, 2549.708414, -17.476624, 183.647264, 2656.760267, 8.964458, 205.025039, 2722.639328, 4.811767, 184.976807, 2837.042623, 2.634304, 189.153990, 2957.965815, 11.902119, 184.259313, 3022.646890, 25.271570, 217.040977, 3142.569048, 31.106561, 201.111261, 3224.110476, 24.237213, 226.592727, 3352.674770, -16.874273, 223.388718, 3466.276514, 11.754301, 210.074577, 3534.328027, -11.494859, 212.662579, 3641.957412, 23.847402, 190.152083, 3770.964569, 25.068719, 215.028504, 3828.383951, -10.846260, 186.187843, 3941.520087, 25.701504, 218.154624, 4049.761489, 26.930389, 211.951252, 4139.245041, -3.458175, 211.582884, 4264.338482, -0.765710, 204.345203, 4363.373791, 30.491061, 207.535519, 4459.205079, 23.809962, 187.814885, 4541.722178, -14.819610, 196.384723, 4626.827326, 5.719791, 188.757126, 4740.961593, 3.726766, 182.350933, 4828.432656, 10.692696, 191.569296, 4938.602681, 30.794774, 185.795839, 5029.199873, 7.598656, 181.251282, 5165.133302, 25.425681, 197.857790, 5249.158728, 16.806555, 217.156745, 5325.946425, 7.222734, 216.172851, 5457.464117, -6.529813, 208.507925, 5569.261174, 13.774367, 213.752928, 5638.088424, 19.183697, 187.997751, 5750.827719, -12.812338, 211.789182, 5857.160790, -5.797685, 191.007269, 5972.712285, 11.386970, 190.326763, 6030.950696, 19.168851, 217.990023, 6136.184168, 11.344536, 211.940773, 6258.024112, -12.454351, 197.272497, 6347.623427, -7.925929, 224.559775, 6436.238855, 28.120190, 186.554996, 6568.728897, 24.423745, 220.394039, 6654.924374, -10.445447, 208.102835, 6766.904306, 18.964269, 215.355116, 6851.136110, 3.167556, 178.082500, 6966.125094, 2.922122, 209.534159, 7028.894383, 12.454822, 197.228024, 7170.866592, 27.220975, 177.097584, 7255.249949, 12.287499, 184.708001, 7324.964854, -13.046685, 196.846653, 7421.967192, 1.774162, 193.491889, 7532.504376, -2.454545, 186.440705, 7625.340987, 31.051817, 196.059896, 7757.425958, 24.998507, 183.549230, 7845.223622, 3.176923, 206.781399, 7947.288266, -3.655499, 178.228558, 8029.264955, 3.820782, 210.748021, 8150.475154, 1.729753, 206.494106, 8251.554908, -15.977931, 187.306720, 8360.245018, -12.431096, 194.324728, 8429.534253, -11.881901, 216.163388, 8547.008339, -0.795460, 182.234050, 8657.431355, 3.127470, 181.811421, 8725.933671, -12.404212, 226.873914, 8833.465086, 11.401410, 198.575905, 8964.228614, -14.267939, 214.984980, 9066.439314, -6.421028, 187.331095, 9149.629918, 22.636165, 209.125211, 9228.566534, 1.233493, 213.211922, 9339.855306, -11.479085, 220.845495, 9458.162053, -3.362838, 177.488585, 95