x coord, y coord, z coord, scalar
64.882425, 21.893782, 162.483865, 0
32.968993, 17.601391, 132.426743, 1
34.022568, 24.067586, 154.318577, 2
58.429103, 7.699667, 148.718049, 3
65.658898, -21.399167, 134.310923, 4
45.517065, 10.698883, 141.747837, 5
58.153549, -14.912187, 126.274595, 6
57.904645, -11.935286, 136.681405, 7
34.678777, 26.222090, 117.710722, 8
48.790401, -15.782263, 127.180864, 9
67.032870, 24.535027, 119.837117, 1062.241608, -18.600709, 159.740665, 1127.393240, -9.143257, 154.570776, 1265.976321, 24.720723, 133.032982, 1347.419231, 14.274914, 133.935977, 1465.994592, -16.312758, 166.936986, 1540.467303, 17.275723, 122.787318, 1651.006222, -0.924343, 133.154266, 1771.952041, 9.189291, 130.138841, 1873.927249, -18.125016, 136.658701, 1933.832951, 24.342738, 131.956222, 2037.934571, 10.479626, 135.657671, 2130.400110, 13.307745, 148.816545, 2269.235382, 3.179328, 144.299840, 2334.993244, 26.033441, 129.337240, 2453.193701, 15.923309, 135.326653, 2552.855532, -19.714113, 123.364923, 2659.907381, 6.726978, 144.742702, 2725.786441, 2.574285, 124.694495, 2840.189735, 0.396821, 128.871660, 2961.112924, 9.664643, 123.976963, 3025.794005, 23.034089, 156.758665, 3145.716162, 28.869081, 140.828946, 3227.257590, 21.999732, 166.310415, 3355.821885, -19.111754, 163.106399, 3469.423629, 9.516821, 149.792251, 3537.475142, -13.732340, 152.380260, 3645.104525, 21.609922, 129.869767, 3774.111683, 22.831239, 154.746188, 3831.531065, -13.083743, 125.905528, 3944.667201, 23.464023, 157.872309, 4052.908603, 24.692909, 151.668935, 4142.392155, -5.695656, 151.300560, 4267.485598, -3.003190, 144.062859, 4366.520906, 28.253581, 147.253203, 4462.352192, 21.572483, 127.532566, 4544.869293, -17.057093, 136.102389, 4629.974439, 3.482309, 128.474811, 4744.108702, 1.489283, 122.068606, 4831.579770, 8.455215, 131.286980, 4941.749794, 28.557293, 125.513528, 5032.346986, 5.361174, 120.968971, 5168.280416, 23.188202, 137.575470, 5252.305843, 14.569074, 156.874425, 5329.093539, 4.985253, 155.890536, 5460.611232, -8.767294, 148.225588, 5572.408288, 11.536887, 153.470607, 5641.235537, 16.946216, 127.715435, 5753.974834, -15.049819, 151.506854, 5860.307906, -8.035168, 130.724810, 5975.859400, 9.149493, 130.044430, 6034.097810, 16.931370, 157.707708, 6139.331283, 9.107055, 151.658454, 6261.171229, -14.691833, 136.990134, 6350.770542, -10.163410, 164.277456, 6439.385968, 25.882709, 126.272685, 6571.876012, 22.186265, 160.111724, 6658.071489, -12.682928, 147.820500, 6770.051421, 16.726789, 155.072796, 6854.283197, 0.930073, 117.800174, 6969.272209, 0.684642, 149.251827, 7032.041496, 10.217341, 136.945707, 7174.013706, 24.983497, 116.815278, 7258.397058, 10.050022, 124.425654, 7328.111969, -15.284167, 136.564337, 7425.114306, -0.463320, 133.209574, 7535.651489, -4.692028, 126.158385, 7628.488102, 28.814336, 135.777585, 7760.573071, 22.761028, 123.266915, 7848.370737, 0.939442, 146.499068, 7950.435367, -5.892996, 117.946234, 8032.412070, 1.583300, 150.465703, 8153.622268, -0.507728, 146.211769, 8254.702025, -18.215418, 127.024357, 8363.392136, -14.668578, 134.042351, 8432.681368, -14.119382, 155.881072, 8550.155442, -3.032950, 121.951669, 8660.578442, 0.890009, 121.528848, 8729.080786, -14.641693, 166.591600, 8836.612199, 9.163929, 138.293585, 8967.375730, -16.505420, 154.702655, 9069.586438, -8.658505, 127.048662, 9152.777033, 20.398684, 148.842892, 9231.713648, -1.003988, 152.929604, 9343.002421, -13.716567, 160.563177, 9461.309168, -5.600318, 117.206290, 95