x coord, y coord, z coord, scalar
52.959174, 30.395780, 75.639250, 0
21.045741, 26.103386, 45.582130, 1
22.099318, 32.569583, 67.473965, 2
46.505852, 16.201664, 61.873415, 3
53.735655, -12.897167, 47.466269, 4
33.593813, 19.200878, 54.903208, 5
46.230320, -6.410195, 39.429843, 6
45.981399, -3.433290, 49.836717, 7
22.755526, 34.724085, 30.866118, 8
36.867160, -7.280274, 40.336203, 9
55.109615, 33.037025, 32.992510, 10
50.318360, -10.098711, 72.896043, 11
15.469990, -0.641261, 67.726161, 12
54.053068, 33.222720, 46.188364, 13
35.495978, 22.776908, 47.091348, 14
54.071343, -7.810760, 80.092367, 15
28.544050, 25.777717, 35.942708, 16
39.082970, 7.577647, 46.309580, 17
60.028785, 17.691293, 43.294192, 18
62.004002, -9.623015, 49.814056, 19
21.909700, 32.844734, 45.111611, 20
26.011319, 18.981620, 48.813049, 21
18.476860, 21.809741, 61.971931, 22
57.312130, 11.681326, 57.455196, 23
23.069993, 34.535436, 42.492630, 24
41.270448, 24.425304, 48.482021, 25
40.932296, -11.212122, 36.520275, 26
47.984129, 15.228975, 57.898060, 27
13.863191, 11.076279, 37.849886, 28
28.266484, 8.898811, 42.027027, 29
49.189657, 18.166639, 37.132303, 30
13.870755, 31.536085, 69.914054, 31
33.792911, 37.371077, 53.984332, 32
15.334340, 30.501729, 79.465805, 33
43.898636, -10.609757, 76.261780, 34
57.500378, 18.018819, 62.947622, 35
25.551893, -5.230344, 65.535639, 36
33.181273, 30.111917, 43.025151, 37
62.188432, 31.333237, 67.901572, 38
19.607817, -4.581750, 39.060914, 39
32.743951, 31.966020, 71.027694, 40
40.985352, 33.194906, 64.824318, 41
30.468906, 2.806340, 64.455934, 42
55.562348, 5.498809, 57.218206, 43
54.597655, 36.755579, 60.408587, 44
50.428937, 30.074480, 40.687946, 45
32.946046, -8.555100, 49.257750, 46
18.051189, 11.984303, 41.630197, 47
32.185448, 9.991267, 35.223976, 48
19.656519, 16.957208, 44.442364, 49
29.826542, 37.059289, 38.668920, 50
20.423735, 13.863167, 34.124363, 51
56.357163, 31.690200, 50.730850, 52
40.382592, 23.071071, 70.029805, 53
17.170289, 13.487249, 69.045921, 54
48.687983, -0.265297, 61.380945, 55
60.485038, 20.038885, 66.625983, 56
29.312284, 25.448210, 40.870819, 57
42.051585, -6.547823, 64.662222, 58
48.384662, 0.466828, 43.880004, 59
63.936145, 17.651495, 43.199792, 60
22.174560, 25.433366, 70.863094, 61
27.408032, 17.609051, 64.813834, 62
49.247984, -6.189836, 50.145455, 63
38.847292, -1.661413, 77.432836, 64
27.462716, 34.384705, 39.428076, 65
59.952761, 30.688263, 73.267108, 66
46.148241, -4.180931, 60.975858, 67
58.128170, 25.228787, 68.228176, 68
42.359913, 9.432027, 30.955544, 69
57.348959, 9.186640, 62.407190, 70
20.118246, 18.719335, 50.101090, 71
62.090452, 33.485496, 29.970675, 72
46.473794, 18.552015, 37.580998, 73
16.188720, -6.782172, 49.719721, 74
13.191057, 8.038674, 46.364961, 75
23.728240, 3.809962, 39.313764, 76
16.564851, 37.316332, 48.932976, 77
48.649816, 31.263025, 36.422302, 78
36.447486, 9.441438, 59.654431, 79
38.512122, 2.608958, 31.101608, 80
20.488820, 10.085296, 63.621085, 81
41.699018, 7.994268, 59.367125, 82
42.778789, -9.713427, 40.179680, 83
51.468893, -6.166579, 47.197655, 84
20.758119, -5.617386, 69.036455, 85
38.232188, 5.469017, 35.106968, 86
48.655123, 9.391994, 34.683893, 87
17.157536, -6.139697, 79.746987, 88
24.688948, 17.665923, 51.448963, 89
55.452481, -8.003422, 67.858028, 90
57.663194, -0.156488, 40.203892, 91
40.853781, 28.900681, 61.998271, 92
19.790399, 7.498008, 66.084987, 93
31.079172, -5.214570, 73.718557, 94
49.385918, 2.901680, 30.361702, 95
