x coord, y coord, z coord, scalar
65.695793, 25.425167, 150.759218, 0
33.782361, 21.132775, 120.702097, 1
34.835936, 27.598970, 142.593931, 2
59.242471, 11.231051, 136.993399, 3
66.472268, -17.867782, 122.586270, 4
46.330432, 14.230267, 130.023188, 5
58.966921, -11.380805, 114.549928, 6
58.718014, -8.403902, 124.956748, 7
35.492145, 29.753474, 105.986076, 8
49.603771, -12.250881, 115.456211, 9
67.846238, 28.066411, 108.112471, 1063.054977, -15.069325, 148.016017, 1128.206608, -5.611873, 142.846129, 1266.789689, 28.252107, 121.308335, 1348.232599, 17.806297, 122.211328, 1466.807960, -12.781374, 155.212338, 1541.280671, 20.807107, 111.062672, 1651.819589, 2.607040, 121.429609, 1772.765408, 12.720676, 118.414189, 1874.740618, -14.593631, 124.934050, 1934.646319, 27.874122, 120.231576, 2038.747938, 14.011009, 123.933023, 2131.213478, 16.839129, 137.091898, 2270.048750, 6.710712, 132.575189, 2335.806612, 29.564825, 117.612594, 2454.007069, 19.454693, 123.602004, 2553.668903, -16.182730, 111.640272, 2660.720749, 10.258362, 133.018051, 2726.599809, 6.105668, 112.969849, 2841.003103, 3.928204, 117.147011, 2961.926289, 13.196028, 112.252310, 3026.607373, 26.565473, 145.034018, 3146.529530, 32.400465, 129.104300, 3228.070958, 25.531116, 154.585769, 3356.635253, -15.580369, 151.381751, 3470.236997, 13.048205, 138.067602, 3538.288510, -10.200956, 140.655612, 3645.917893, 25.141306, 118.145119, 3774.925051, 26.362623, 143.021541, 3832.344433, -9.552360, 114.180881, 3945.480569, 26.995407, 146.147662, 4053.721971, 28.224293, 139.944287, 4143.205523, -2.164272, 139.575911, 4268.298966, 0.528195, 132.338207, 4367.334274, 31.784966, 135.528556, 4463.165559, 25.103868, 115.807918, 4545.682662, -13.525710, 124.377739, 4630.787807, 7.013693, 116.750164, 4744.922069, 5.020665, 110.343957, 4832.393138, 11.986598, 119.562333, 4942.563162, 32.088677, 113.788882, 5033.160354, 8.892558, 109.244325, 5169.093784, 26.719586, 125.850823, 5253.119211, 18.100459, 145.149778, 5329.906907, 8.516637, 144.165889, 5461.424601, -5.235910, 136.500937, 5573.221657, 15.068272, 141.745958, 5642.048904, 20.477600, 115.990788, 5754.788202, -11.518435, 139.782205, 5861.121276, -4.503784, 119.000135, 5976.672767, 12.680879, 118.319780, 6034.911179, 20.462754, 145.983061, 6140.144651, 12.638439, 139.933806, 6261.984598, -11.160449, 125.265478, 6351.583910, -6.632026, 152.552808, 6440.199336, 29.414093, 114.548039, 6572.689380, 25.717649, 148.387077, 6658.884858, -9.151544, 136.095849, 6770.864789, 20.258174, 143.348149, 6855.096556, 4.461450, 106.075525, 6970.085577, 4.216026, 137.527177, 7032.854864, 13.748724, 125.221059, 7174.827073, 28.514882, 105.090633, 7259.210423, 13.581406, 112.701001, 7328.925337, -11.752783, 124.839690, 7425.927674, 3.068064, 121.484928, 7536.464857, -1.160645, 114.433737, 7629.301470, 32.345720, 124.052939, 7761.386438, 26.292413, 111.542269, 7849.184105, 4.470826, 134.774418, 7951.248734, -2.361621, 106.221586, 8033.225438, 5.114684, 138.741056, 8154.435636, 3.023656, 134.487118, 8255.515396, -14.684036, 115.299701, 8364.205506, -11.137194, 122.317693, 8433.494736, -10.587998, 144.156424, 8550.968808, 0.498428, 110.227010, 8661.391795, 4.421394, 109.804152, 8729.894154, -11.110309, 154.866953, 8837.425567, 12.695313, 126.568937, 8968.189098, -12.974035, 142.978006, 9070.399808, -5.127117, 115.323993, 9153.590401, 23.930069, 137.118244, 9232.527017, 2.527396, 141.204957, 9343.815789, -10.185182, 148.838529, 9462.122537, -2.068934, 105.481647, 95