x coord, y coord, z coord, scalar
56.022808, 35.605997, 114.509302, 0
24.109376, 31.313604, 84.452181, 1
25.162952, 37.779800, 106.344015, 2
49.569486, 21.411881, 100.743475, 3
56.799287, -7.686949, 86.336337, 4
36.657448, 24.411096, 93.773265, 5
49.293950, -1.199973, 78.299953, 6
49.045032, 1.776929, 88.706800, 7
25.819161, 39.934303, 69.736165, 8
39.930794, -2.070053, 79.206275, 9
58.173250, 38.247241, 71.862558, 10
53.381993, -4.888494, 111.766098, 1118.533625, 4.568957, 106.596213, 1257.116703, 38.432937, 85.058417, 13
38.559613, 27.987125, 85.961406, 14
57.134977, -2.600543, 118.962421, 1531.607686, 30.987934, 74.812758, 16
42.146606, 12.787866, 85.179662, 17
63.092419, 22.901508, 82.164259, 18
65.067635, -4.412797, 88.684121, 19
24.973335, 38.054951, 83.981661, 20
29.074954, 24.191838, 87.683104, 21
21.540494, 27.019958, 100.841982, 2260.375764, 16.891543, 96.325260, 23
26.133627, 39.745654, 81.362680, 24
44.334083, 29.635521, 87.352080, 25
43.995928, -6.001900, 75.390341, 26
51.047764, 20.439192, 96.768123, 27
16.926826, 16.286497, 76.719936, 28
31.330120, 14.109030, 80.897087, 29
52.253295, 23.376854, 76.002374, 30
16.934389, 36.746303, 108.784104, 3136.856545, 42.581294, 92.854384, 32
18.397974, 35.711946, 118.335855, 3346.962270, -5.399539, 115.131833, 3460.564012, 23.229036, 101.817679, 3528.615527, -0.020126, 104.405693, 3636.244908, 35.322134, 81.895203, 37
65.252067, 36.543454, 106.771624, 3822.671451, 0.628468, 77.930965, 39
35.807585, 37.176237, 109.897746, 4044.048986, 38.405123, 103.694370, 4133.532540, 8.016558, 103.325990, 4258.625981, 10.709026, 96.088274, 43
57.661289, 41.965796, 99.278639, 44
53.492572, 35.284697, 79.558000, 45
36.009680, -3.344881, 88.127812, 46
21.114823, 17.194521, 80.500249, 47
35.249086, 15.201487, 74.094034, 48
22.720154, 22.167427, 83.312416, 49
32.890177, 42.269506, 77.538969, 50
23.487370, 19.073385, 72.994412, 51
59.420798, 36.900417, 89.600904, 52
43.446227, 28.281289, 108.899859, 5320.233923, 18.697467, 107.915973, 5451.751617, 4.944921, 100.251009, 5563.548672, 25.249102, 105.496039, 5632.375919, 30.658428, 79.740871, 57
45.115219, -1.337605, 103.532281, 5851.448295, 5.677046, 82.750137, 59
66.999779, 22.861711, 82.069854, 60
25.238194, 30.643584, 109.733146, 6130.471667, 22.819269, 103.683888, 6252.311617, -0.979617, 89.015534, 63
41.910926, 3.548804, 116.302890, 6430.526351, 39.594922, 78.298125, 65
63.016396, 35.898480, 112.137160, 6649.211875, 1.029287, 99.845921, 67
61.191804, 30.439004, 107.098230, 6845.423563, 14.642247, 69.825602, 69
60.412593, 14.396857, 101.277251, 7023.181880, 23.929553, 88.971142, 71
65.154087, 38.695712, 68.840722, 72
49.537432, 23.762231, 76.451067, 73
19.252354, -1.571954, 88.589773, 74
16.254691, 13.248893, 85.235012, 75
26.791875, 9.020182, 78.183818, 76
19.628485, 42.526550, 87.803025, 77
51.713451, 36.473242, 75.292353, 78
39.511121, 14.651656, 98.524492, 79
41.575763, 7.819186, 69.971665, 80
23.552454, 15.295514, 102.491138, 8144.762652, 13.204485, 98.237189, 82
45.842421, -4.503205, 79.049758, 83
54.532525, -0.956361, 86.067741, 84
23.821753, -0.407168, 107.906508, 8541.295828, 10.679240, 73.977057, 86
51.718775, 14.602201, 73.554089, 87
20.221170, -0.929479, 118.617038, 8827.752583, 22.876141, 90.319018, 89
58.516115, -2.793204, 106.728085, 9060.726823, 5.053726, 79.074010, 91
43.917416, 34.110898, 100.868325, 9222.854033, 12.708226, 104.955040, 9334.142806, -0.004352, 112.588611, 9452.449552, 8.111897, 69.231742, 95
