x coord, y coord, z coord, scalar
76.011801, 14.446440, 304.181551, 0
44.098370, 10.154051, 274.124424, 1
45.151945, 16.620245, 296.016257, 2
69.558480, 0.252325, 290.415767, 3
76.788268, -28.846511, 276.008678, 4
56.646443, 3.251543, 283.445547, 5
69.282905, -22.359524, 267.972526, 6
69.034017, -19.382626, 278.379223, 7
45.808155, 18.774749, 259.408386, 8
59.919769, -23.229596, 268.878631, 9
78.162251, 17.087683, 261.534787, 1073.370983, -26.048052, 301.438363, 1138.522615, -16.590598, 296.268460, 1277.105701, 17.273380, 274.730673, 1358.548611, 6.827574, 275.633687, 1477.123967, -23.760101, 308.634676, 1551.596683, 9.828384, 264.484995, 1662.135600, -8.371678, 274.852081, 1783.081424, 1.741944, 271.836587, 1885.056621, -25.572362, 278.356440, 1944.962329, 16.895398, 273.653899, 2049.063948, 3.032286, 277.355368, 2141.529486, 5.860404, 290.514229, 2280.364759, -4.268016, 285.997578, 2346.122622, 18.586100, 271.034915, 2464.323081, 8.475968, 277.024368, 2563.984894, -27.161448, 265.062667, 2671.036759, -0.720364, 286.440437, 2736.915818, -4.873054, 266.392170, 2851.319113, -7.050514, 270.569378, 2972.242316, 2.217302, 265.674730, 3036.923381, 15.586747, 298.456341, 3156.845540, 21.421739, 282.526629, 3238.386966, 14.552390, 308.008091, 3366.951260, -26.559096, 304.804092, 3480.553006, 2.069477, 291.489960, 3548.604517, -21.179681, 294.077954, 3656.233904, 14.162581, 271.567453, 3785.241060, 15.383896, 296.443874, 3842.660439, -20.531081, 267.603210, 3955.796578, 16.016681, 299.569992, 4064.037980, 17.245567, 293.366622, 4153.521531, -13.142997, 292.998264, 4278.614974, -10.450534, 285.760612, 4377.650283, 20.806239, 288.950889, 4473.481573, 14.125141, 269.230259, 4555.998666, -24.504432, 277.800117, 4641.103816, -3.965029, 270.172494, 4755.238082, -5.958047, 263.766318, 4842.709147, 1.007875, 272.984665, 4952.879172, 21.109952, 267.211201, 5043.476364, -2.086163, 262.666644, 5179.409795, 15.740859, 279.273165, 5263.435220, 7.121732, 298.572119, 5340.222915, -2.462089, 297.588220, 5471.740607, -16.214636, 289.923324, 5583.537665, 4.089544, 295.168306, 5652.364916, 9.498877, 269.413122, 5765.104208, -22.497161, 293.204568, 5871.437277, -15.482509, 272.422839, 5986.988781, 1.702146, 271.742157, 6045.227187, 9.484028, 299.405390, 6150.460659, 1.659714, 293.356147, 6272.300600, -22.139176, 278.687933, 6361.899917, -17.610752, 305.975149, 6450.515346, 18.435369, 267.970359, 6583.005389, 14.738922, 301.809409, 6669.200864, -20.130270, 289.518232, 6781.180798, 9.279446, 296.770490, 6865.412609, -6.517229, 259.497885, 6980.401586, -6.762702, 290.949550, 7043.170873, 2.770001, 278.643394, 7185.143086, 17.536153, 258.512941, 7269.526448, 2.602682, 266.123413, 7339.241344, -22.731507, 278.262023, 7436.243682, -7.910660, 274.907256, 7546.780865, -12.139364, 267.856080, 7639.617479, 21.366995, 277.475259, 7771.702453, 15.313686, 264.964597, 7859.500113, -6.507898, 288.196791, 7961.564740, -13.340296, 259.643938, 8043.541446, -5.864040, 292.163393, 8164.751644, -7.955069, 287.909505, 8265.831388, -25.662755, 268.722155, 8374.521505, -22.115923, 275.740182, 8443.810743, -21.566723, 297.578759, 8561.284823, -10.480263, 263.649509, 8671.707885, -6.557323, 263.227148, 8740.210161, -22.089035, 308.289280, 8847.741576, 1.716589, 279.991281, 8978.505104, -23.952763, 296.400362, 9080.715807, -16.105865, 268.746627, 9163.906410, 12.951342, 290.540586, 9242.843024, -8.451329, 294.627293, 9354.131796, -21.163908, 302.260868, 9472.438544, -13.047662, 258.903926, 95