x coord, y coord, z coord, scalar
71.304074, 13.156137, 400.791676, 0
39.390644, 8.863750, 370.734547, 1
40.444217, 15.329943, 392.626379, 2
64.850753, -1.037978, 387.025917, 3
72.080536, -30.136812, 372.618852, 4
51.938716, 1.961241, 380.055690, 5
64.575168, -23.649815, 364.582826, 6
64.326287, -20.672926, 374.989442, 7
41.100429, 17.484447, 356.018497, 8
55.212040, -24.519890, 365.488814, 9
73.454525, 15.797379, 358.144902, 1068.663254, -27.338353, 398.048498, 1133.814887, -17.880900, 392.878585, 1272.397974, 15.983076, 371.340803, 1353.840886, 5.537272, 372.243830, 1472.416239, -25.050403, 405.244805, 1546.888958, 8.538082, 361.095114, 1657.427876, -9.661978, 371.462298, 1778.373697, 0.451636, 368.446755, 1880.348890, -26.862665, 374.966604, 1940.254602, 15.605096, 370.264018, 2044.356222, 1.741985, 373.965502, 2136.821759, 4.570102, 387.124354, 2275.657031, -5.558320, 382.607741, 2341.414895, 17.295798, 367.645033, 2459.615356, 7.185665, 373.634514, 2559.277161, -28.451741, 361.672834, 2666.329032, -2.010667, 383.050597, 2732.208091, -6.163355, 363.002287, 2846.611388, -8.340813, 367.179526, 2967.534597, 0.926993, 362.284913, 3032.215653, 14.296445, 395.066461, 3152.137813, 20.131437, 379.136753, 3233.679239, 13.262088, 404.618210, 3362.243531, -27.849398, 401.414223, 3475.845278, 0.779174, 388.100103, 3543.896789, -22.469982, 390.688086, 3651.526179, 12.872279, 368.177579, 3780.533332, 14.093593, 393.054001, 3837.952712, -21.821380, 364.213334, 3951.088850, 14.726379, 396.180117, 4059.330253, 15.955264, 389.976750, 4148.813803, -14.433298, 389.608403, 4273.907246, -11.740837, 382.370786, 4372.942556, 19.515936, 385.561016, 4468.773848, 12.834836, 365.840390, 4551.290937, -25.794731, 374.410272, 4636.396089, -5.255330, 366.782618, 4750.530361, -7.248345, 360.376463, 4838.001421, -0.282425, 369.594791, 4948.171446, 19.819650, 363.821318, 5038.768638, -3.376463, 359.276760, 5174.702068, 14.450555, 375.883297, 5258.727492, 5.831430, 395.182251, 5335.515187, -3.752390, 394.198344, 5467.032879, -17.504938, 386.533486, 5578.829937, 2.799241, 391.778442, 5647.657191, 8.208575, 366.023248, 5760.396480, -23.787462, 389.814714, 5866.729547, -16.772808, 369.033208, 5982.281054, 0.411839, 368.352311, 6040.519459, 8.193727, 396.015514, 6145.752932, 0.369412, 389.966279, 6267.592869, -23.429476, 375.298139, 6357.192189, -18.901054, 402.585280, 6445.807620, 17.145067, 364.580477, 6578.297661, 13.448619, 398.419534, 6664.493135, -21.420572, 386.128391, 6776.473070, 7.989143, 393.380621, 6860.704916, -7.807523, 356.108029, 6975.693857, -8.053005, 387.559703, 7038.463147, 1.479699, 375.253522, 7180.435359, 16.245848, 355.123051, 7264.818729, 1.312376, 362.733591, 7334.533616, -24.021807, 374.872148, 7431.535955, -9.200960, 371.517379, 7542.073139, -13.429663, 364.466213, 7634.909751, 20.076693, 374.085376, 7766.994728, 14.023382, 361.574720, 7854.792386, -7.798200, 384.806943, 7956.857027, -14.630575, 356.254077, 8038.833718, -7.154342, 388.773522, 8160.043917, -9.245371, 384.519667, 8261.123656, -26.953049, 365.332360, 8369.813773, -23.406223, 372.350411, 8439.103015, -22.857025, 394.188886, 8556.577110, -11.770551, 360.259744, 8667.000198, -7.847647, 359.837707, 8735.502433, -23.379337, 404.899402, 8843.033850, 0.426288, 376.601415, 8973.797375, -25.243065, 393.010503, 9076.008069, -17.396175, 365.356950, 9159.198683, 11.661040, 387.150718, 9238.135297, -9.741630, 391.237421, 9349.424068, -22.454210, 398.870999, 9467.730816, -14.337964, 355.514016, 95