x coord, y coord, z coord, scalar
51.003234, 34.173910, 101.252837, 0
19.089803, 29.881517, 71.195717, 1
20.143378, 36.347713, 93.087551, 2
44.549912, 19.979794, 87.487007, 3
51.779713, -9.119035, 73.079867, 4
31.637874, 22.979009, 80.516798, 5
44.274377, -2.632058, 65.043467, 6
44.025459, 0.344842, 75.450324, 7
20.799587, 38.502215, 56.479702, 8
34.911221, -3.502140, 65.949803, 9
53.153676, 36.815153, 58.606095, 10
48.362419, -6.320581, 98.509632, 11
13.514051, 3.136870, 93.339748, 12
52.097128, 37.000850, 71.801951, 13
33.540039, 26.555038, 72.704939, 14
52.115403, -4.032630, 105.705955, 1526.588112, 29.555847, 61.556293, 16
37.127032, 11.355778, 71.923186, 17
58.072845, 21.469420, 68.907788, 18
60.048061, -5.844884, 75.427652, 19
19.953761, 36.622864, 70.725197, 20
24.055380, 22.759750, 74.426638, 21
16.520920, 25.587871, 87.585518, 22
55.356190, 15.459456, 83.068791, 23
21.114054, 38.313567, 68.106216, 24
39.314509, 28.203434, 74.095613, 25
38.976355, -7.433987, 62.133871, 26
46.028190, 19.007105, 83.511654, 27
11.907252, 14.854410, 63.463472, 28
26.310546, 12.676943, 67.640619, 29
47.233721, 21.944765, 62.745902, 30
11.914815, 35.314216, 95.527640, 31
31.836971, 41.149207, 79.597919, 32
13.378401, 34.279859, 105.079391, 3341.942696, -6.831626, 101.875368, 3455.544438, 21.796949, 88.561212, 35
23.595953, -1.452213, 91.149228, 36
31.225334, 33.890047, 68.638738, 37
60.232493, 35.111367, 93.515159, 38
17.651878, -0.803619, 64.674500, 39
30.788011, 35.744150, 96.641281, 40
39.029412, 36.973036, 90.437905, 41
28.512966, 6.584470, 90.069524, 42
53.606407, 9.276939, 82.831803, 43
52.641715, 40.533709, 86.022174, 44
48.472998, 33.852609, 66.301534, 45
30.990107, -4.776968, 74.871344, 46
16.095250, 15.762434, 67.243784, 47
30.229513, 13.769399, 60.837567, 48
17.700580, 20.735339, 70.055951, 49
27.870603, 40.837419, 64.282505, 50
18.467797, 17.641298, 59.737948, 51
54.401224, 35.468329, 76.344438, 52
38.426653, 26.849201, 95.643394, 53
15.214350, 17.265379, 94.659508, 54
46.732043, 3.512834, 86.994540, 55
58.529098, 23.817015, 92.239573, 56
27.356346, 29.226340, 66.484406, 57
40.095645, -2.769692, 90.275814, 58
46.428721, 4.244960, 69.493643, 59
61.980205, 21.429623, 68.813385, 60
20.218621, 29.211497, 96.476681, 61
25.452093, 21.387182, 90.427422, 62
47.292043, -2.411704, 75.759060, 63
36.891352, 2.116717, 103.046424, 6425.506777, 38.162835, 65.041661, 65
57.996822, 34.466393, 98.880695, 66
44.192301, -0.402800, 86.589453, 67
56.172230, 29.006917, 93.841765, 68
40.403992, 13.210156, 56.569135, 69
55.393019, 12.964770, 88.020783, 70
18.162307, 22.497466, 75.714677, 71
60.134512, 37.263625, 55.584258, 72
44.517858, 22.330142, 63.194596, 73
14.232781, -3.004041, 75.333308, 74
11.235117, 11.816805, 71.978548, 75
21.772302, 7.588094, 64.927353, 76
14.608911, 41.094462, 74.546561, 77
46.693877, 35.041154, 62.035889, 78
34.491547, 13.219568, 85.268024, 79
36.556193, 6.387098, 56.715198, 80
18.532881, 13.863427, 89.234673, 81
39.743078, 11.772398, 84.980720, 82
40.822848, -5.935291, 65.793284, 83
49.512951, -2.388447, 72.811264, 84
18.802179, -1.839255, 94.650042, 85
36.276257, 9.247152, 60.720579, 86
46.699200, 13.170108, 60.297573, 87
15.201597, -2.361566, 105.360573, 8822.733009, 21.444054, 77.062552, 89
53.496541, -4.225291, 93.471618, 90
55.707247, 3.621640, 65.817521, 91
38.897842, 32.678811, 87.611860, 92
17.834459, 11.276139, 91.698574, 93
29.123232, -1.436439, 99.332146, 94
47.429978, 6.679810, 55.975282, 95
