x coord, y coord, z coord, scalar
51.884300, 29.920733, 78.842491, 0
19.970867, 25.628339, 48.785371, 1
21.024443, 32.094536, 70.677206, 2
45.430977, 15.726617, 65.076656, 3
52.660780, -13.372214, 50.669512, 4
32.518939, 18.725832, 58.106449, 5
45.155444, -6.885241, 42.633089, 6
44.906524, -3.908337, 53.039960, 7
21.680652, 34.249038, 34.069359, 8
35.792285, -7.755320, 43.539446, 9
54.034741, 32.561977, 36.195751, 10
49.243485, -10.573758, 76.099284, 11
14.395116, -1.116308, 70.929402, 12
52.978194, 32.747673, 49.391605, 13
34.421104, 22.301861, 50.294590, 14
52.996468, -8.285807, 83.295609, 15
27.469176, 25.302670, 39.145949, 16
38.008096, 7.102600, 49.512823, 17
58.953910, 17.216245, 46.497435, 18
60.929128, -10.098062, 53.017299, 19
20.834826, 32.369687, 48.314852, 20
24.936445, 18.506573, 52.016290, 21
17.401985, 21.334694, 65.175172, 22
56.237256, 11.206279, 60.658438, 23
21.995118, 34.060389, 45.695871, 24
40.195574, 23.950257, 51.685263, 25
39.857421, -11.687168, 39.723518, 26
46.909255, 14.753928, 61.101302, 27
12.788317, 10.601232, 41.053127, 28
27.191610, 8.423765, 45.230269, 29
48.114784, 17.691591, 40.335546, 30
12.795880, 31.061038, 73.117295, 31
32.718036, 36.896030, 57.187574, 32
14.259466, 30.026682, 82.669046, 33
42.823762, -11.084803, 79.465021, 34
56.425503, 17.543772, 66.150863, 35
24.477018, -5.705391, 68.738881, 36
32.106398, 29.636870, 46.228392, 37
61.113558, 30.858190, 71.104813, 38
18.532942, -5.056797, 42.264155, 39
31.669076, 31.490973, 74.230936, 40
39.910478, 32.719859, 68.027559, 41
29.394031, 2.331293, 67.659175, 42
54.487473, 5.023762, 60.421448, 43
53.522780, 36.280532, 63.611828, 44
49.354063, 29.599433, 43.891187, 45
31.871172, -9.030146, 52.460992, 46
16.976314, 11.509256, 44.833438, 47
31.110575, 9.516221, 38.427218, 48
18.581645, 16.482162, 47.645605, 49
28.751668, 36.584242, 41.872161, 50
19.348861, 13.388120, 37.327604, 51
55.282289, 31.215153, 53.934091, 52
39.307718, 22.596024, 73.233047, 53
16.095415, 13.012202, 72.249162, 54
47.613109, -0.740344, 64.584187, 55
59.410163, 19.563838, 69.829225, 56
28.237410, 24.973163, 44.074060, 57
40.976711, -7.022869, 67.865464, 58
47.309787, -0.008219, 47.083251, 59
62.861270, 17.176448, 46.403034, 60
21.099686, 24.958320, 74.066335, 61
26.333158, 17.134004, 68.017075, 62
48.173109, -6.664883, 53.348699, 63
37.772418, -2.136460, 80.636077, 64
26.387842, 33.909658, 42.631316, 65
58.877887, 30.213216, 76.470349, 66
45.073367, -4.655978, 64.179100, 67
57.053296, 24.753740, 71.431418, 68
41.285043, 8.956981, 34.158786, 69
56.274084, 8.711593, 65.610432, 70
19.043371, 18.244288, 53.304331, 71
61.015578, 33.010448, 33.173916, 72
45.398920, 18.076968, 40.784240, 73
15.113846, -7.257219, 52.922962, 74
12.116182, 7.563628, 49.568202, 75
22.653366, 3.334916, 42.517005, 76
15.489976, 36.841285, 52.136217, 77
47.574942, 30.787978, 39.625543, 78
35.372612, 8.966391, 62.857673, 79
37.437249, 2.133914, 34.304850, 80
19.413946, 9.610249, 66.824326, 81
40.624143, 7.519221, 62.570367, 82
41.703913, -10.188472, 43.382923, 83
50.394018, -6.641626, 50.400899, 84
19.683245, -6.092433, 72.239696, 85
37.157315, 4.993972, 38.310212, 86
47.580254, 8.916944, 37.887145, 87
16.082662, -6.614744, 82.950228, 88
23.614074, 17.190877, 54.652205, 89
54.377606, -8.478469, 71.061269, 90
56.588318, -0.631536, 43.407138, 91
39.778907, 28.425634, 65.201512, 92
18.715524, 7.022961, 69.288228, 93
30.004298, -5.689617, 76.921799, 94
48.311044, 2.426633, 33.564942, 95
