x coord, y coord, z coord, scalar
74.958004, 11.105859, 322.287995, 0
43.044574, 6.813471, 292.230868, 1
44.098148, 13.279664, 314.122701, 2
68.504684, -3.088255, 308.522217, 3
75.734469, -32.187091, 294.115131, 4
55.592646, -0.089037, 301.551995, 5
68.229103, -25.700102, 286.079003, 6
67.980219, -22.723206, 296.485685, 7
44.754359, 15.434169, 277.514828, 8
58.865971, -26.570174, 286.985086, 9
77.108455, 13.747102, 279.641230, 1072.317186, -29.388632, 319.544809, 1137.468818, -19.931178, 314.374905, 1276.051904, 13.932799, 292.837119, 1357.494815, 3.486994, 293.740135, 1476.070170, -27.100681, 326.741121, 1550.542887, 6.487804, 282.591438, 1661.081804, -11.712258, 292.958543, 1782.027628, -1.598638, 289.943039, 1884.002823, -28.912943, 296.462892, 1943.908532, 13.554817, 291.760342, 2048.010152, -0.308294, 295.461814, 2140.475690, 2.519823, 308.620674, 2279.310962, -7.608597, 304.104029, 2345.068825, 15.245520, 289.141358, 2463.269285, 5.135388, 295.130816, 2562.931094, -30.502026, 283.169120, 2669.982963, -4.060945, 304.546888, 2735.862021, -8.213634, 284.498613, 2850.265316, -10.391093, 288.675827, 2971.188523, -1.123280, 283.781185, 3035.869584, 12.246167, 316.562785, 3155.791743, 18.081159, 300.633073, 3237.333169, 11.211810, 326.114535, 3365.897463, -29.899676, 322.910538, 3479.499209, -1.271103, 309.596408, 3547.550720, -24.520261, 312.184400, 3655.180108, 10.822001, 289.673898, 3784.187263, 12.043315, 314.550319, 3841.606642, -23.871661, 285.709655, 3954.742781, 12.676101, 317.676437, 4062.984183, 13.904986, 311.473067, 4152.467734, -16.483577, 311.104711, 4277.561177, -13.791115, 303.867066, 4376.596487, 17.465658, 307.057334, 4472.427778, 10.784560, 287.336705, 4554.944868, -27.845012, 295.906567, 4640.050019, -7.305609, 288.278939, 4754.184287, -9.298625, 281.872766, 4841.655350, -2.332704, 291.091110, 4951.825376, 17.769372, 285.317644, 5042.422567, -5.426743, 280.773087, 5178.355998, 12.400278, 297.379611, 5262.381423, 3.781152, 316.678565, 5339.169118, -5.802669, 315.694664, 5470.686810, -19.555217, 308.029776, 5582.483868, 0.748963, 313.274752, 5651.311120, 6.158297, 287.519566, 5764.050411, -25.837741, 311.311017, 5870.383479, -18.823089, 290.529329, 5985.934985, -1.638436, 289.848607, 6044.173390, 6.143448, 317.511834, 6149.406862, -1.680866, 311.462593, 6271.246802, -25.479756, 296.794393, 6360.846120, -20.951333, 324.081594, 6449.461550, 15.094788, 286.076802, 6581.951592, 11.398342, 319.915853, 6668.147067, -23.470850, 307.624683, 6780.127001, 5.938865, 314.876936, 6864.358822, -9.857802, 277.604333, 6979.347789, -10.103283, 309.056000, 7042.117077, -0.570579, 296.749839, 7184.089290, 14.195572, 276.619383, 7268.472655, -0.737898, 284.229868, 7338.187546, -26.072087, 296.368467, 7435.189885, -11.251240, 293.013700, 7545.727068, -15.479943, 285.962526, 7638.563682, 18.026414, 295.581702, 7770.648657, 11.973106, 283.071041, 7858.446316, -9.848478, 306.303240, 7960.510945, -16.680868, 277.750385, 8042.487649, -9.204621, 310.269839, 8163.697848, -11.295650, 306.015957, 8264.777589, -29.003333, 286.828615, 8373.467707, -25.456503, 293.846646, 8442.756946, -24.907304, 315.685204, 8560.231029, -13.820837, 281.755974, 8670.654103, -9.897905, 281.333673, 8739.156364, -25.429615, 326.395724, 8846.687780, -1.623991, 298.097727, 8977.451307, -27.293343, 314.506809, 9079.662008, -19.446450, 286.853108, 9162.852613, 9.610762, 308.647032, 9241.789227, -11.791909, 312.733738, 9353.077999, -24.504489, 320.367314, 9471.384747, -16.388242, 277.010364, 95