x coord, y coord, z coord, scalar
63.995155, 20.647874, 168.574110, 0
32.081723, 16.355484, 138.516988, 1
33.135299, 22.821678, 160.408822, 2
57.541834, 6.453759, 154.808295, 3
64.771628, -22.645074, 140.401171, 4
44.629795, 9.452976, 147.838083, 5
57.266277, -16.158094, 132.364850, 6
57.017375, -13.181193, 142.771656, 7
33.791508, 24.976182, 123.800966, 8
47.903131, -17.028169, 133.271112, 9
66.145601, 23.289118, 125.927361, 1061.354339, -19.846617, 165.830911, 1126.505970, -10.389165, 160.661021, 1265.089052, 23.474814, 139.123227, 1346.531962, 13.029006, 140.026223, 1465.107322, -17.558666, 173.027231, 1539.580034, 16.029815, 128.877563, 1650.118953, -2.170250, 139.244517, 1771.064772, 7.943382, 136.229088, 1873.039979, -19.370924, 142.748948, 1932.945682, 23.096830, 138.046467, 2037.047301, 9.233718, 141.747916, 2129.512840, 12.061837, 154.906790, 2268.348112, 1.933419, 150.390087, 2334.105975, 24.787533, 135.427484, 2452.306432, 14.677401, 141.416899, 2551.968261, -20.960019, 129.455171, 2659.020112, 5.481070, 150.832949, 2724.899172, 1.328377, 130.784740, 2839.302466, -0.849086, 134.961906, 2960.225656, 8.418735, 130.067212, 3024.906735, 21.788181, 162.848909, 3144.828893, 27.623172, 146.919191, 3226.370321, 20.753824, 172.400660, 3354.934615, -20.357662, 169.196644, 3468.536359, 8.270913, 155.882496, 3536.587872, -14.978248, 158.470505, 3644.217256, 20.364014, 135.960011, 3773.224414, 21.585331, 160.836433, 3830.643795, -14.329651, 131.995772, 3943.779932, 22.218115, 163.962554, 4052.021334, 23.447001, 157.759180, 4141.504885, -6.941564, 157.390805, 4266.598328, -4.249098, 150.153107, 4365.633637, 27.007673, 153.343448, 4461.464923, 20.326575, 133.622811, 4543.982023, -18.303001, 142.192636, 4629.087170, 2.236402, 134.565056, 4743.221433, 0.243376, 128.158852, 4830.692500, 7.209307, 137.377224, 4940.862525, 27.311385, 131.603773, 5031.459717, 4.115267, 127.059216, 5167.393147, 21.942294, 143.665716, 5251.418573, 13.323166, 162.964671, 5328.206270, 3.739345, 161.980781, 5459.723963, -10.013202, 154.315835, 5571.521019, 10.290979, 159.560852, 5640.348268, 15.700308, 133.805680, 5753.087564, -16.295727, 157.597100, 5859.420636, -9.281076, 136.815069, 5974.972131, 7.903584, 136.134677, 6033.210541, 15.685462, 163.797953, 6138.444013, 7.861147, 157.748699, 6260.283959, -15.937741, 143.080383, 6349.883272, -11.409318, 170.367701, 6438.498699, 24.636801, 132.362929, 6570.988742, 20.940357, 166.201968, 6657.184220, -13.928836, 153.910747, 6769.164151, 15.480881, 161.163042, 6853.395933, -0.315833, 123.890420, 6968.384940, -0.561267, 155.342073, 7031.154227, 8.971433, 143.035952, 7173.126437, 23.737588, 122.905522, 7257.509790, 8.804113, 130.515902, 7327.224699, -16.530075, 142.654582, 7424.227037, -1.709228, 139.299819, 7534.764220, -5.937936, 132.248630, 7627.600832, 27.568428, 141.867829, 7759.685802, 21.515120, 129.357160, 7847.483467, -0.306466, 152.589314, 7949.548099, -7.138900, 124.036480, 8031.524800, 0.337393, 156.555948, 8152.734998, -1.753636, 152.302016, 8253.814754, -19.461325, 133.114607, 8362.504865, -15.914486, 140.132602, 8431.794098, -15.365290, 161.971317, 8549.268174, -4.278855, 128.041921, 8659.691179, -0.355901, 127.619118, 8728.193516, -15.887601, 172.681844, 8835.724930, 7.918021, 144.383830, 8966.488460, -17.751328, 160.792901, 9068.699167, -9.904414, 133.138918, 9151.889763, 19.152776, 154.933137, 9230.826379, -2.249896, 159.019849, 9342.115151, -14.962475, 166.653422, 9460.421899, -6.846226, 123.296533, 95