x coord, y coord, z coord, scalar
41.829758, -4.126910, 207.585443, 0
28.137031, -7.279439, 233.344693, 1
65.732663, 3.059847, 226.625540, 2
32.112786, 7.442741, 238.343626, 3
36.149661, 2.921155, 211.972062, 4
58.137468, 32.250829, 205.871614, 5
30.468513, -4.763549, 208.737209, 6
33.597989, -17.491848, 240.049229, 7
30.134846, 25.783864, 235.758207, 8
52.248496, -5.769809, 205.250710, 9
54.524224, 9.350822, 220.117120, 1063.262491, 10.778678, 231.830864, 1146.220439, -1.737437, 202.344616, 1273.999089, 3.666154, 228.780432, 1361.956121, 13.106606, 199.155196, 1475.080976, -7.004698, 198.859739, 1530.565995, -3.245328, 213.089567, 1640.456176, 3.643484, 214.591222, 1730.118818, 7.069158, 207.828593, 1867.030026, -18.931125, 221.052032, 1973.433641, 8.883915, 249.396159, 2043.164012, -6.102382, 227.628594, 2176.147863, 13.409006, 244.884394, 2228.105649, 9.159322, 216.004314, 2358.039080, -7.133383, 248.104206, 2458.347318, -10.301204, 208.553249, 2558.360115, -6.444373, 224.301221, 2672.602641, 7.302634, 246.937937, 2736.807009, 10.712282, 221.460868, 2845.788528, -0.506486, 221.523071, 2967.993577, -5.321638, 249.400158, 3067.003152, 11.133179, 210.751522, 3144.245093, 9.032272, 243.153801, 3238.742899, 10.428747, 219.766926, 3355.900156, -9.780975, 231.626731, 3453.617771, 21.857180, 240.318831, 3563.323982, 1.968471, 201.328138, 3637.238565, -3.677635, 227.624131, 3733.789909, 6.420237, 205.790187, 3856.403695, 25.499535, 224.276901, 3927.540036, 15.244329, 237.948541, 4078.093208, 3.998674, 216.535427, 4138.458087, 21.534593, 244.561004, 4231.225267, -17.971299, 222.443437, 4352.145072, 11.219673, 231.655811, 4433.385174, -13.411342, 220.966658, 4574.857012, 23.203462, 241.928442, 4677.338161, -17.806763, 205.704481, 4754.575647, -10.726028, 231.118016, 4861.518718, 18.968473, 224.071268, 4935.409004, 19.799354, 206.769309, 5074.510525, 19.643744, 229.761232, 5140.659360, 31.392654, 218.749538, 5234.833744, -15.630862, 219.771534, 5358.430192, 9.805021, 249.984493, 5439.699409, 16.481068, 204.026991, 5561.819000, 13.089239, 246.223609, 5653.360851, 12.178615, 247.410157, 5760.218348, -11.494536, 204.137818, 5840.949762, 23.315008, 242.099609, 5966.173999, 32.014802, 229.352628, 6074.096255, 28.276531, 216.450065, 6153.470866, -9.312909, 215.296490, 6273.373405, -1.188342, 218.658865, 6342.758327, 30.532676, 247.457173, 6442.356216, -8.016760, 231.391924, 6547.536089, 27.093056, 211.934880, 6643.373078, 2.205116, 243.106760, 6740.396612, -15.825304, 199.065880, 6845.687461, -1.584732, 241.374243, 6937.400464, -13.659527, 240.842729, 7067.906101, -17.812071, 236.572954, 7133.969577, 8.949632, 246.253362, 7250.418987, 4.074230, 212.519153, 7370.230872, 20.123379, 210.505097, 7467.301439, -15.769185, 221.481635, 7548.306733, 5.057704, 216.028680, 7661.394579, 21.721601, 237.226810, 7754.114722, -16.130556, 240.394794, 7854.333610, 2.847648, 206.264200, 7945.321312, 13.539019, 211.597927, 8035.777399, 3.196347, 212.778940, 8173.503378, 10.456713, 240.721694, 8269.370131, -17.373079, 212.249630, 8331.502273, 26.148623, 199.826690, 8443.160469, 15.201325, 203.051139, 8565.794993, -14.740792, 227.101861, 8631.436788, 19.944617, 216.277203, 8769.816585, -4.189469, 219.139920, 8859.824785, 23.435007, 240.980932, 8967.241542, -9.492508, 221.973647, 9028.452476, -0.424273, 244.163256, 9142.384241, -5.169685, 222.073747, 9232.719341, -14.048338, 223.693912, 9346.121980, -9.255266, 217.296279, 9447.101741, 7.195907, 199.951012, 95