x coord, y coord, z coord, scalar
50.815055, -14.883094, 266.171715, 0
37.122341, -18.035622, 291.930906, 1
74.717974, -7.696338, 285.211761, 2
41.098096, -3.313443, 296.929842, 3
45.134966, -7.835023, 270.558336, 4
67.122783, 21.494645, 264.457821, 5
39.453818, -15.519729, 267.323432, 6
42.583299, -28.248032, 298.635438, 7
39.120157, 15.027681, 294.344418, 8
61.233797, -16.526003, 263.836956, 9
63.509536, -1.405363, 278.703378, 1072.247803, 0.022493, 290.417083, 1155.205715, -12.493632, 260.930903, 1282.984400, -7.090031, 287.366645, 1370.941440, 2.350414, 257.741389, 1484.066287, -17.760885, 257.445937, 1539.551302, -14.001509, 271.675796, 1649.441482, -7.112696, 273.177518, 1739.104125, -3.687018, 266.414828, 1876.015335, -29.687311, 279.638242, 1982.418952, -1.872269, 307.982367, 2052.149321, -16.858566, 286.214820, 2185.133174, 2.652822, 303.470602, 2237.090958, -1.596858, 274.590544, 2367.024390, -17.889567, 306.690415, 2467.332626, -21.057392, 267.139471, 2567.345424, -17.200559, 282.887446, 2681.587952, -3.453551, 305.524146, 2745.792319, -0.043899, 280.047112, 2854.773836, -11.262670, 280.109323, 2976.978888, -16.077822, 307.986366, 3075.988465, 0.376991, 269.337747, 3153.230403, -1.723912, 301.740015, 3247.728209, -0.327434, 278.353182, 3364.885466, -20.537160, 290.212949, 3462.603082, 11.100996, 298.905044, 3572.309294, -8.787723, 259.914345, 3646.223874, -14.433818, 286.210357, 3742.775213, -4.335934, 264.376442, 3865.389007, 14.743351, 282.863122, 3936.525346, 4.488146, 296.534754, 4087.078519, -6.757512, 275.121637, 4147.443398, 10.778410, 303.147215, 4240.210576, -28.727483, 281.029648, 4361.130383, 0.463489, 290.242037, 4442.370482, -24.167525, 279.552875, 4583.842323, 12.447278, 300.514649, 4686.323471, -28.562949, 264.290683, 4763.560957, -21.482212, 289.704234, 4870.504030, 8.212289, 282.657493, 4944.394318, 9.043179, 265.355540, 5083.495836, 8.887560, 288.347443, 5149.644673, 20.636472, 277.335755, 5243.819052, -26.387045, 278.357750, 5367.415503, -0.951163, 308.570703, 5448.684728, 5.724902, 262.613251, 5570.804311, 2.333055, 304.809820, 5662.346162, 1.422432, 305.996369, 5769.203655, -22.250725, 262.724027, 5849.935073, 12.558825, 300.685821, 5975.159310, 21.258618, 287.938838, 6083.081567, 17.520347, 275.036273, 6162.456174, -20.069096, 273.882724, 6282.358716, -11.944528, 277.245079, 6351.743638, 19.776493, 306.043382, 6451.341525, -18.772943, 289.978144, 6556.521404, 16.336875, 270.521107, 6652.358388, -8.551067, 301.692974, 6749.381917, -26.581489, 257.652077, 6854.672771, -12.340916, 299.960458, 6946.385774, -24.415710, 299.428940, 7076.891411, -28.568255, 295.159162, 7142.954887, -1.806551, 304.839574, 7259.404296, -6.681959, 271.105508, 7379.216186, 9.367193, 269.091310, 7476.286749, -26.525370, 280.067846, 7557.292042, -5.698481, 274.614990, 7670.379890, 10.965417, 295.813023, 7763.100032, -26.886740, 298.981004, 7863.318918, -7.908559, 264.850559, 7954.306630, 2.782841, 270.184271, 8044.762705, -7.559832, 271.365209, 8182.488689, -0.299471, 299.307904, 8278.355440, -28.129265, 270.835837, 8340.487586, 15.392444, 258.412889, 8452.145801, 4.445168, 261.637447, 8574.780303, -25.496977, 285.688073, 8640.422100, 9.188437, 274.863429, 8778.801895, -14.945656, 277.726137, 8868.810096, 12.678823, 299.567144, 8976.226852, -20.248694, 280.559862, 9037.437787, -11.180456, 302.749467, 9151.369549, -15.925869, 280.659984, 9241.704649, -24.804521, 282.280127, 9355.107286, -20.011451, 275.882515, 9456.087055, -3.560275, 258.537174, 95