x coord, y coord, z coord, scalar
45.256316, -19.208149, 332.203426, 0
31.563608, -22.360686, 357.962551, 1
69.159240, -12.021405, 351.243415, 2
35.539364, -7.638507, 362.961488, 3
39.576234, -12.160081, 336.590051, 4
61.564053, 17.169577, 330.489458, 5
33.895085, -19.844789, 333.355087, 6
37.024566, -32.573096, 364.667078, 7
33.561425, 10.702616, 360.376061, 8
55.675052, -20.851066, 329.868639, 9
57.950803, -5.730431, 344.735075, 1066.689070, -4.302573, 356.448735, 1149.646954, -16.818678, 326.962633, 1277.425666, -11.415097, 353.398289, 1365.382706, -1.974663, 323.773011, 1478.507552, -22.085952, 323.477564, 1533.992569, -18.326570, 337.707458, 1643.882750, -11.437756, 339.209258, 1733.545397, -8.012076, 332.446497, 1870.456601, -34.012376, 345.669882, 1976.860219, -6.197335, 374.014004, 2046.590588, -21.183630, 352.246480, 2179.574441, -1.672244, 369.502240, 2231.532228, -5.921920, 340.622207, 2361.465657, -22.214632, 372.722056, 2461.773887, -25.382458, 333.171124, 2561.786690, -21.525624, 348.919105, 2676.029219, -7.778616, 371.555784, 2740.233589, -4.368963, 346.078793, 2849.215102, -15.587734, 346.141012, 2971.420155, -20.402887, 374.018004, 3070.429731, -3.948079, 335.369406, 3147.671671, -6.048977, 367.771662, 3242.169479, -4.652498, 344.384876, 3359.326732, -24.862225, 356.244598, 3457.044350, 6.775931, 364.936689, 3566.750554, -13.112796, 325.945983, 3640.665141, -18.758882, 352.242016, 3737.216486, -8.660987, 330.408134, 3859.830276, 10.418284, 348.894776, 3930.966614, 0.163081, 362.566397, 4081.519785, -11.082579, 341.153278, 4141.884666, 6.453344, 369.178857, 4234.651843, -33.052547, 347.061291, 4355.571651, -3.861577, 356.273697, 4436.811748, -28.492589, 345.584524, 4578.283590, 8.122212, 366.546287, 4680.764737, -32.888015, 330.322314, 4758.002223, -25.807277, 355.735883, 4864.945298, 3.887221, 348.689150, 4938.835593, 4.718115, 331.387204, 5077.937104, 4.562493, 354.379084, 5144.085942, 16.311406, 343.367405, 5238.260318, -30.712109, 344.389397, 5361.856770, -5.276228, 374.602344, 5443.126014, 1.399840, 328.644949, 5565.245578, -1.992011, 370.841462, 5656.787429, -2.902634, 372.028011, 5763.644917, -26.575791, 328.755667, 5844.376341, 8.233759, 366.717465, 5969.600578, 16.933552, 353.970479, 6077.522835, 13.195280, 341.067911, 6156.897437, -24.394161, 339.914393, 6276.799982, -16.269595, 343.276725, 6346.184906, 15.451427, 372.075021, 6445.782792, -23.098008, 356.009797, 6550.962676, 12.011807, 336.552768, 6646.799655, -12.876132, 367.724620, 6743.823181, -30.906550, 323.683703, 6849.114039, -16.665981, 365.992105, 6940.827041, -28.740775, 365.460582, 7071.332678, -32.893321, 361.190801, 7137.396155, -6.131616, 370.871216, 7253.845558, -11.007026, 337.137315, 7373.657453, 5.042124, 335.122953, 7470.728014, -30.850436, 346.099488, 7551.733308, -10.023547, 340.646745, 7664.821158, 6.640351, 361.844668, 7757.541298, -31.211805, 365.012645, 7857.760166, -12.233635, 330.882371, 7948.747905, -1.542226, 336.216064, 8039.203973, -11.884890, 337.396917, 8176.929956, -4.624537, 365.339544, 8272.796705, -32.454330, 336.867475, 8334.928858, 11.067380, 324.444516, 8446.587101, 0.120101, 327.669200, 8569.221569, -29.822042, 351.719716, 8634.863371, 4.863373, 340.895089, 8773.243161, -19.270722, 343.757785, 8863.251364, 8.353757, 365.598786, 8970.668117, -24.573759, 346.591509, 9031.879054, -15.505521, 368.781108, 9145.810815, -20.250932, 346.691656, 9236.145916, -29.129585, 348.311774, 9349.548551, -24.336514, 341.914187, 9450.528326, -7.885342, 324.568759, 95