x coord, y coord, z coord, scalar
68.793368, -40.476646, 820.576610, 0
55.100699, -43.629195, 846.335229, 1
92.696333, -33.289923, 839.616164, 2
59.076458, -28.907017, 851.334184, 3
63.113316, -33.428568, 824.963260, 4
85.101159, -4.098939, 818.862081, 5
57.432165, -41.113285, 821.727846, 6
60.561658, -53.841607, 853.039720, 7
57.098521, -10.565894, 848.748725, 8
79.212104, -42.119599, 818.241606, 9
81.487900, -26.998951, 833.108147, 1090.226165, -25.571089, 844.821466, 1173.183924, -38.087188, 815.335960, 12100.962760, -32.683614, 841.770963, 1388.919819, -23.243214, 812.145514, 14102.044641, -43.354474, 811.850108, 1557.529653, -39.595068, 826.080272, 1667.419833, -32.706253, 827.582662, 1757.082488, -29.280560, 820.819362, 1893.993690, -55.280892, 834.042527, 19100.397313, -27.465848, 862.386630, 2070.127677, -42.452141, 840.619275, 21103.111536, -22.940758, 857.874868, 2255.069322, -27.190418, 828.995029, 2385.002750, -43.483145, 861.094701, 2485.310965, -46.650982, 821.543873, 2585.323779, -42.794142, 837.291890, 2699.566313, -29.047130, 859.928417, 2763.770684, -25.637467, 834.451744, 2872.752189, -36.856246, 834.514028, 2994.957248, -41.671401, 862.390633, 3093.966830, -25.216609, 823.742189, 3171.208765, -27.317489, 856.144352, 3265.706575, -25.921001, 832.757929, 3382.863823, -46.130739, 844.617314, 3480.581446, -14.492582, 853.309370, 3590.287639, -34.381345, 814.318607, 3664.202231, -40.027391, 840.614802, 3760.753573, -29.929452, 818.781178, 3883.367376, -10.850231, 837.267525, 3954.503709, -21.105428, 850.939070, 40105.056879, -32.351099, 829.525929, 4165.421761, -14.815167, 857.551517, 4258.188931, -54.321056, 835.433957, 4379.108746, -25.130091, 844.646493, 4460.348835, -49.761097, 833.957236, 45101.820685, -13.146302, 854.918914, 46104.301827, -54.156532, 818.694891, 4781.539313, -47.075791, 844.108600, 4888.482397, -17.381296, 837.061924, 4962.372708, -16.550374, 819.760037, 50101.474200, -16.706023, 842.751739, 5167.623045, -4.957103, 831.740117, 5261.797404, -51.980617, 832.762099, 5385.393864, -26.544741, 862.974992, 5466.663156, -19.868626, 817.018036, 5588.782673, -23.260524, 859.214117, 5680.324524, -24.171147, 860.400675, 5787.181995, -47.844316, 817.128307, 5867.913437, -13.034752, 855.090134, 5993.137676, -4.334963, 842.343128, 60101.059933, -8.073237, 829.440542, 6180.434517, -45.662680, 828.287256, 62100.337074, -37.538115, 831.649409, 6369.722002, -5.817084, 860.447656, 6469.319882, -44.366519, 844.382536, 6574.499788, -9.256704, 824.925569, 6670.336749, -34.144644, 856.097308, 6767.360255, -52.175058, 812.056239, 6872.651131, -37.934493, 854.364799, 6964.364133, -50.009286, 853.833237, 7094.869770, -54.161835, 849.563434, 7160.933248, -27.400127, 859.243876, 7277.382638, -32.275555, 825.511233, 7397.194554, -16.226398, 823.495624, 7494.265104, -52.118952, 834.472148, 7575.270397, -31.292062, 829.020268, 7688.358254, -14.628163, 850.217347, 7781.078390, -52.480318, 853.385298, 7881.297224, -33.502219, 819.256323, 7972.285028, -22.810727, 824.589878, 8062.741057, -33.153380, 825.770084, 81100.467050, -25.893052, 853.712189, 8296.333793, -53.722849, 825.240100, 8358.465965, -10.201119, 812.817067, 8470.124296, -21.148351, 816.042708, 8592.758659, -51.090558, 840.092383, 8658.400472, -16.405129, 829.267884, 8796.780251, -40.539242, 832.130493, 8886.788459, -12.914756, 853.971449, 8994.205207, -45.842277, 834.964205, 9055.416147, -36.774031, 857.153761, 9169.347900, -41.519442, 835.064544, 9259.683004, -50.398093, 836.684471, 9373.085631, -45.605027, 830.287068, 9474.065433, -29.153854, 812.940983, 95