x coord, y coord, z coord, scalar
54.906003, -15.253908, 416.785103, 0
41.213298, -18.406444, 442.544142, 1
78.808931, -8.067163, 435.825018, 2
45.189055, -3.684265, 447.543083, 3
49.225923, -8.205838, 421.171732, 4
71.213744, 21.123820, 415.071040, 5
43.544774, -15.890546, 417.936692, 6
46.674257, -28.618854, 449.248663, 7
43.211116, 14.656858, 444.957650, 8
65.324741, -16.896827, 414.450279, 9
67.600494, -1.776189, 429.316733, 1076.338761, -0.348331, 441.030335, 1159.296638, -12.864441, 411.544335, 1287.075357, -7.460856, 437.979880, 1375.032399, 1.979578, 408.354572, 1488.157242, -18.131710, 408.059133, 1543.642258, -14.372327, 422.289073, 1653.532439, -7.483514, 423.790973, 1743.195086, -4.057833, 417.028120, 1880.106292, -30.058134, 430.251468, 1986.509910, -2.243093, 458.595587, 2056.240278, -17.229388, 436.828091, 2189.224132, 2.281998, 454.083823, 2241.181918, -1.967677, 425.203823, 2371.115348, -18.260390, 457.303641, 2471.423578, -21.428217, 417.752728, 2571.436380, -17.571383, 433.500714, 2685.678910, -3.824374, 456.137368, 2749.883279, -0.414720, 430.660430, 2858.864792, -11.633492, 430.722661, 2981.069846, -16.448645, 458.599587, 3080.079423, 0.006162, 419.951015, 3157.321361, -2.094735, 452.353255, 3251.819169, -0.698255, 428.966531, 3368.976423, -20.907983, 440.826196, 3466.694041, 10.730173, 449.518281, 3576.400246, -9.158556, 410.527565, 3650.314831, -14.804640, 436.823626, 3746.866174, -4.706743, 414.989788, 3869.479967, 14.372526, 433.476379, 3940.616305, 4.117323, 447.147988, 4091.169476, -7.128337, 425.734865, 4151.534356, 10.407587, 453.760445, 4244.301533, -29.098305, 431.642880, 4365.221342, 0.092665, 440.855309, 4446.461438, -24.538347, 430.166121, 4587.933281, 12.076454, 451.127870, 4690.414428, -28.933773, 414.903888, 4767.651914, -21.853036, 440.317481, 4874.594989, 7.841463, 433.270758, 4948.485284, 8.672360, 415.968822, 5087.586795, 8.516735, 438.960672, 5153.735633, 20.265649, 427.949002, 5247.910008, -26.757867, 428.970993, 5371.506461, -1.321986, 459.183930, 5452.775705, 5.354087, 413.226610, 5574.895269, 1.962231, 455.423049, 5666.437120, 1.051608, 456.609600, 5773.294607, -22.621550, 413.337251, 5854.026032, 12.188001, 451.299055, 5979.250269, 20.887794, 438.552065, 6087.172526, 17.149522, 425.649494, 6166.547127, -20.439920, 424.496016, 6286.449673, -12.315354, 427.858317, 6355.834597, 19.405669, 456.656605, 6455.432482, -19.143766, 440.591399, 6560.612368, 15.966050, 421.134380, 6656.449346, -8.921890, 452.306213, 6753.472870, -26.952309, 408.265270, 6858.763729, -12.711739, 450.573699, 6950.476731, -24.786533, 450.042169, 7080.982369, -28.939079, 445.772384, 7147.045845, -2.177374, 455.452804, 7263.495248, -7.052786, 421.719117, 7383.307144, 8.996366, 419.704543, 7480.377705, -26.896194, 430.681076, 7561.382999, -6.069305, 425.228480, 7674.470848, 10.594593, 446.426259, 7767.190989, -27.257563, 449.594232, 7867.409858, -8.279399, 415.464179, 7958.397597, 2.412018, 420.797849, 8048.853663, -7.930647, 421.978592, 8186.579646, -0.670295, 449.921130, 8282.446396, -28.500089, 421.449057, 8344.578549, 15.021623, 409.026086, 8456.236795, 4.074351, 412.250933, 8578.871259, -25.867801, 436.301306, 8644.513061, 8.817616, 425.476701, 8782.892851, -15.316481, 428.339381, 8872.901054, 12.307999, 450.180375, 8980.317808, -20.619518, 431.173103, 9041.528745, -11.551279, 453.362695, 9155.460505, -16.296691, 431.273283, 9245.795606, -25.175343, 432.893369, 9359.198241, -20.382273, 426.495812, 9460.178017, -3.931099, 409.150273, 95