x coord, y coord, z coord, scalar
28.869711, 6.176617, 71.928494, 0
15.176963, 3.024096, 97.687871, 1
52.772594, 13.363387, 90.968700, 2
19.152717, 17.746276, 102.686800, 3
23.189598, 13.224677, 76.315107, 4
45.177392, 42.554368, 70.214806, 5
17.508450, 5.539979, 73.080367, 6
20.637921, -7.188312, 104.392417, 7
17.174775, 36.087399, 100.101389, 8
39.288450, 4.533738, 69.593816, 9
41.564153, 19.654363, 84.460199, 10
50.302421, 21.082216, 96.174029, 11
33.260438, 8.566096, 66.687630, 12
61.039019, 13.969693, 93.123612, 13
48.996041, 23.410164, 63.498419, 14
62.120909, 3.298844, 63.202952, 15
17.605931, 7.058201, 77.432712, 16
27.496112, 13.947012, 78.934217, 17
17.158750, 17.372679, 72.171725, 18
54.069959, -8.627587, 85.395219, 19
60.473572, 19.187452, 113.739351, 2030.203946, 4.201154, 91.971743, 21
63.187793, 23.712544, 109.227586, 2215.145579, 19.462851, 80.347457, 23
45.079011, 3.170154, 112.447393, 2445.387258, 0.002339, 72.896410, 25
45.400048, 3.859166, 88.644372, 26
59.642571, 17.606171, 111.281127, 2723.846938, 21.015814, 85.803977, 28
32.828462, 9.797050, 85.866164, 29
55.033508, 4.981899, 113.743348, 3054.043080, 21.436726, 75.094674, 31
31.285023, 19.335808, 107.496976, 3225.782828, 20.732278, 84.110010, 33
42.940089, 0.522563, 95.969900, 34
40.657701, 32.160717, 104.662009, 3550.363918, 12.272028, 65.671330, 36
24.278498, 6.625900, 91.967282, 37
20.829842, 16.723748, 70.133273, 38
43.443621, 35.803073, 88.620061, 39
14.579966, 25.547864, 102.291721, 4065.133138, 14.302215, 80.878612, 41
25.498017, 31.838129, 108.904187, 4218.265201, -7.667765, 86.786618, 43
39.185002, 21.523210, 95.998959, 44
20.425108, -3.107808, 85.309828, 45
61.896941, 33.506999, 106.271633, 4664.378094, -7.503224, 70.047685, 47
41.615580, -0.422490, 95.461185, 48
48.558646, 29.272013, 88.414423, 49
22.448923, 30.102879, 71.112448, 50
61.550454, 29.947283, 94.104417, 51
27.699286, 41.696189, 83.092708, 52
21.873678, -5.327327, 84.114707, 53
45.470123, 20.108558, 114.327679, 5426.739312, 26.784581, 68.370066, 55
48.858930, 23.392776, 110.566793, 5640.400781, 22.482152, 111.753339, 5747.258287, -1.190993, 68.481006, 58
27.989691, 33.618544, 106.442790, 5953.213927, 42.318340, 93.695814, 60
61.136183, 38.580071, 80.793255, 61
40.510805, 0.990631, 79.639622, 62
60.413337, 9.115199, 83.002042, 63
29.798257, 40.836212, 111.800362, 6429.396148, 2.286776, 95.735087, 65
34.576010, 37.396592, 76.278028, 66
30.413009, 12.508653, 107.449936, 6727.436553, -5.521770, 63.409094, 68
32.727392, 8.718804, 105.717417, 6924.440396, -3.355991, 105.185913, 7054.946033, -7.508533, 100.916143, 7121.009507, 19.253168, 110.596545, 7237.458925, 14.377776, 76.862018, 73
57.270799, 30.426921, 74.848277, 74
54.341372, -5.465646, 85.824818, 75
35.346666, 15.361242, 80.371645, 76
48.434508, 32.025138, 101.569988, 7741.154653, -5.827019, 104.737978, 7841.373561, 13.151223, 70.607057, 79
32.361227, 23.842550, 75.940819, 80
22.817335, 13.499871, 77.121995, 81
60.543308, 20.760251, 105.064881, 8256.410064, -7.069539, 76.592822, 83
18.542196, 36.452153, 64.169900, 84
30.200343, 25.504830, 67.394108, 85
52.834925, -4.437254, 91.445043, 86
18.476715, 30.248147, 80.620352, 87
56.856517, 6.114071, 83.483091, 88
46.864714, 33.738544, 105.324114, 8954.281475, 0.811032, 86.316821, 90
15.492407, 9.879262, 108.506441, 9129.424176, 5.133850, 86.416872, 92
19.759274, -3.744803, 88.037085, 93
33.161917, 1.048270, 81.639406, 94
34.141664, 17.499444, 64.294305, 95
