x coord, y coord, z coord, scalar
66.782734, -40.681097, 852.358372, 0
53.090066, -43.833649, 878.116957, 1
90.685700, -33.494377, 871.397897, 2
57.065825, -29.111471, 883.115913, 3
61.102684, -33.633021, 856.745023, 4
83.090527, -4.303395, 850.643805, 5
55.421533, -41.317738, 853.509579, 6
58.551025, -54.046061, 884.821446, 7
55.087889, -10.770348, 880.530452, 8
77.201468, -42.324052, 850.023353, 9
79.477266, -27.203406, 864.889901, 1088.215532, -25.775544, 876.603198, 1171.173285, -38.291635, 847.117732, 1298.952127, -32.888069, 873.552691, 1386.909185, -23.447672, 843.927230, 14100.034008, -43.558929, 843.631828, 1555.519020, -39.799522, 857.862009, 1665.409201, -32.910706, 859.364438, 1755.071856, -29.485013, 852.601102, 1891.983057, -55.485347, 865.824253, 1998.386681, -27.670303, 894.168355, 2068.117044, -42.656595, 872.401011, 21101.100903, -23.145212, 889.656593, 2253.058690, -27.394872, 860.776766, 2382.992117, -43.687600, 892.876427, 2483.300331, -46.855436, 853.325606, 2583.313145, -42.998596, 869.073625, 2697.555680, -29.251585, 891.710142, 2761.760052, -25.841921, 866.233490, 2870.741556, -37.060700, 866.295779, 2992.946615, -41.875855, 894.172358, 3091.956197, -25.421065, 855.523925, 3169.198132, -27.521943, 887.926081, 3263.695943, -26.125455, 864.539682, 3380.853190, -46.335193, 876.399044, 3478.570813, -14.697037, 885.091099, 3588.277004, -34.585801, 846.100332, 3662.191598, -40.231845, 872.396538, 3758.742943, -30.133903, 850.562931, 3881.356743, -11.054686, 869.049258, 3952.493076, -21.309883, 882.720798, 40103.046245, -32.555554, 861.307656, 4163.411128, -15.019621, 889.333244, 4256.178298, -54.525510, 867.215684, 4377.098114, -25.334545, 876.428229, 4458.338202, -49.965551, 865.738967, 4599.810053, -13.350757, 886.700639, 46102.291193, -54.360987, 850.476613, 4779.528680, -47.280246, 875.890331, 4886.471764, -17.585751, 868.843659, 4960.362077, -16.754829, 851.541776, 5099.463567, -16.910477, 874.533466, 5165.612413, -5.161558, 863.521847, 5259.786771, -52.185071, 864.543828, 5383.383232, -26.749196, 894.756719, 5464.652528, -20.073081, 848.799792, 5586.772040, -23.464979, 890.995844, 5678.313891, -24.375601, 892.182402, 5785.171361, -48.048770, 848.910032, 5865.902804, -13.239207, 886.871861, 5991.127043, -4.539417, 874.124854, 6099.049300, -8.277692, 861.222267, 6178.423883, -45.867134, 860.068997, 6298.326441, -37.742570, 863.431138, 6367.711369, -6.021539, 892.229381, 6467.309249, -44.570973, 876.164269, 6572.489156, -9.461160, 856.707306, 6668.326116, -34.349098, 887.879037, 6765.349622, -52.379512, 843.837958, 6870.640498, -38.138947, 886.146529, 6962.353500, -50.213741, 885.614964, 7092.859137, -54.366289, 881.345160, 7158.922616, -27.604582, 891.025604, 7275.372004, -32.480009, 857.293043, 7395.183921, -16.430854, 855.277352, 7492.254471, -52.323407, 866.253875, 7573.259763, -31.496517, 860.802052, 7686.347621, -14.832618, 881.999075, 7779.067757, -52.684773, 885.167025, 7879.286586, -33.706675, 851.038136, 7970.274397, -23.015183, 856.371682, 8060.730425, -33.357832, 857.551844, 8198.456417, -26.097507, 885.493915, 8294.323160, -53.927303, 857.021825, 8356.455334, -10.405574, 844.598787, 8468.113672, -21.352808, 847.824491, 8590.748026, -51.295013, 871.874110, 8656.389840, -16.609583, 861.049620, 8794.769618, -40.743697, 863.912223, 8884.777827, -13.119211, 885.753176, 8992.194574, -46.046732, 866.745934, 9053.405514, -36.978486, 888.935488, 9167.337267, -41.723896, 866.846287, 9257.672371, -50.602547, 868.466201, 9371.074998, -45.809481, 862.068810, 9472.054801, -29.358309, 844.722682, 95