x coord, y coord, z coord, scalar
30.063932, 5.122248, 28.931135, 0
16.371177, 1.969737, 54.690547, 1
53.966809, 12.309030, 47.971371, 2
20.346931, 16.691916, 59.689475, 3
24.383811, 12.170311, 33.317746, 4
46.371604, 41.500013, 27.217486, 5
18.702665, 4.485615, 30.083038, 6
21.832136, -8.242671, 61.395095, 7
18.368988, 35.033040, 57.104066, 8
40.482677, 3.479377, 26.596472, 9
42.758368, 18.600007, 41.462848, 10
51.496636, 20.027859, 53.176701, 11
34.454680, 7.511716, 23.690261, 12
62.233235, 12.915336, 50.126288, 13
50.190258, 22.355818, 20.501107, 14
63.315126, 2.244487, 20.205637, 15
18.800145, 6.003838, 34.435378, 16
28.690326, 12.892648, 35.936843, 17
18.352960, 16.318313, 29.174388, 18
55.264175, -9.681945, 42.397897, 19
61.667786, 18.133094, 70.742030, 20
31.398161, 3.146794, 48.974410, 21
64.382008, 22.658186, 66.230265, 22
16.339791, 18.408489, 37.350123, 23
46.273226, 2.115795, 69.450071, 24
46.581478, -1.052019, 29.899081, 25
46.594265, 2.804807, 45.647041, 26
60.836786, 16.551813, 68.283806, 27
25.041151, 19.961453, 42.806634, 28
34.022678, 8.742690, 42.868817, 29
56.227723, 3.927541, 70.746028, 30
55.237296, 20.382372, 32.097342, 31
32.479237, 18.281449, 64.499651, 32
26.977040, 19.677918, 41.112660, 33
44.134304, -0.531796, 52.972574, 34
41.851915, 31.106359, 61.664684, 35
51.558141, 11.217676, 22.674010, 36
25.472713, 5.571540, 48.969951, 37
22.024050, 15.669377, 27.135923, 38
44.637835, 34.748716, 45.622732, 39
15.774179, 24.493505, 59.294397, 40
66.327354, 13.247858, 37.881290, 41
26.692231, 30.783770, 65.906864, 42
19.459416, -8.722125, 43.789295, 43
40.379216, 20.468852, 53.001627, 44
21.619323, -4.162169, 42.312501, 45
63.091156, 32.452641, 63.274313, 46
65.572310, -8.557581, 27.050368, 47
42.809796, -1.476849, 52.463858, 48
49.752860, 28.217656, 45.417092, 49
23.643129, 29.048519, 28.115113, 50
62.744669, 28.892925, 51.107094, 51
28.893498, 40.641831, 40.095382, 52
23.067894, -6.381688, 41.117381, 53
46.664337, 19.054200, 71.330357, 54
27.933508, 25.730220, 25.372714, 55
50.053145, 22.338418, 67.569471, 56
41.594995, 21.427794, 68.756016, 57
48.452507, -2.245351, 25.483685, 58
29.183905, 32.564185, 63.445467, 59
54.408141, 41.263983, 50.698492, 60
62.330397, 37.525714, 37.795934, 61
41.705023, -0.063729, 36.642285, 62
61.607553, 8.060841, 40.004718, 63
30.992471, 39.781854, 68.803041, 64
30.590363, 1.232417, 52.737759, 65
35.770220, 36.342237, 33.280695, 66
31.607223, 11.454294, 64.452611, 67
28.630771, -6.576133, 20.411780, 68
33.921607, 7.664446, 62.720092, 69
25.634611, -4.410350, 62.188591, 70
56.140248, -8.562892, 57.918822, 71
22.203721, 18.198809, 67.599222, 72
38.653145, 13.323419, 33.864609, 73
58.465013, 29.372566, 31.850954, 74
55.535588, -6.520004, 42.827495, 75
36.540883, 14.306883, 37.374263, 76
49.628722, 30.970781, 58.572664, 77
42.348868, -6.881378, 61.740656, 78
42.567796, 12.096875, 27.609645, 79
33.555433, 22.788194, 32.943417, 80
24.011548, 12.445506, 34.124637, 81
61.737523, 19.705893, 62.067559, 82
57.604281, -8.123897, 33.595501, 83
19.736405, 35.397793, 21.172585, 84
31.394525, 24.450475, 24.396727, 85
54.029141, -5.491612, 48.447719, 86
19.670926, 29.193788, 37.623020, 87
58.050734, 5.059714, 40.485765, 88
48.058928, 32.684186, 62.326791, 89
55.475691, -0.243326, 43.319495, 90
16.686622, 8.824903, 65.509119, 91
30.618391, 4.079489, 43.419534, 92
20.953489, -4.799163, 45.039760, 93
34.356135, -0.006090, 38.642068, 94
35.335876, 16.445087, 21.297012, 95
