x coord, y coord, z coord, scalar
46.107320, -16.173384, 362.781947, 0
32.414612, -19.325923, 388.541041, 1
70.010244, -8.986642, 381.821909, 2
36.390369, -4.603744, 393.539979, 3
40.427239, -9.125317, 367.168573, 4
62.415057, 20.204340, 361.067944, 5
34.746090, -16.810025, 363.933582, 6
37.875570, -29.538333, 395.245566, 7
34.412429, 13.737379, 390.954550, 8
56.526055, -17.816302, 360.447146, 9
58.801807, -2.695668, 375.313589, 1067.540074, -1.267810, 387.027228, 1150.497958, -13.783910, 357.541163, 1278.276670, -8.380334, 383.976779, 1366.233709, 1.060099, 354.351490, 1479.358555, -19.051189, 354.056046, 1534.843573, -15.291806, 368.285957, 1644.733754, -8.402993, 369.787792, 1734.396402, -4.977313, 363.024998, 1871.307605, -30.977613, 376.248370, 1977.711224, -3.162572, 404.592491, 2047.441592, -18.148867, 382.824977, 2180.425446, 1.362519, 400.080727, 2232.383233, -2.887157, 371.200706, 2362.316662, -19.179869, 403.300543, 2462.624891, -22.347694, 363.749619, 2562.637694, -18.490861, 379.497601, 2676.880223, -4.743853, 402.134271, 2741.084593, -1.334200, 376.657299, 2850.066106, -12.552971, 376.719523, 2972.271159, -17.368124, 404.596491, 3071.280735, -0.913316, 365.947902, 3148.522675, -3.014214, 398.350152, 3243.020483, -1.617735, 374.963389, 3360.177736, -21.827461, 386.823090, 3457.895354, 9.810694, 395.515179, 3567.601557, -10.078033, 356.524469, 3641.516145, -15.724118, 382.820512, 3738.067492, -5.626223, 360.986647, 3860.681280, 13.453047, 379.473270, 3931.817618, 3.197844, 393.144887, 4082.370789, -8.047816, 371.731766, 4142.735670, 9.488107, 399.757346, 4235.502847, -30.017783, 377.639780, 4356.422655, -0.826814, 386.852195, 4437.662753, -25.457825, 376.163016, 4579.134594, 11.156975, 397.124774, 4681.615741, -29.853251, 360.900798, 4758.853227, -22.772514, 386.314376, 4865.796302, 6.921984, 379.267646, 4939.686599, 7.752878, 361.965704, 5078.788108, 7.597256, 384.957573, 5144.936947, 19.346169, 373.945897, 5239.111322, -27.677345, 374.967889, 5362.707774, -2.241465, 405.180832, 5443.977020, 4.434602, 359.223464, 5566.096582, 1.042752, 401.419950, 5657.638433, 0.132129, 402.606500, 5764.495921, -23.541027, 359.334154, 5845.227345, 11.268522, 397.295954, 5970.451582, 19.968315, 384.548967, 6078.373839, 16.230043, 371.646398, 6157.748441, -21.359397, 370.492894, 6277.650986, -13.234832, 373.855215, 6347.035910, 18.486190, 402.653508, 6446.633796, -20.063245, 386.588290, 6551.813681, 15.046569, 367.131266, 6647.650660, -9.841369, 398.303111, 6744.674185, -27.871786, 354.262184, 6849.965043, -13.631218, 396.570596, 6941.678045, -25.706012, 396.039070, 7072.183682, -29.858557, 391.769288, 7138.247159, -3.096853, 401.449705, 7254.696561, -7.972263, 367.715881, 7374.508457, 8.076887, 365.701443, 7471.579019, -27.815672, 376.677977, 7552.584312, -6.988783, 371.225287, 7665.672162, 9.675114, 392.423158, 7758.392302, -28.177042, 395.591134, 7858.611168, -9.198871, 361.460939, 7949.598910, 1.492536, 366.794624, 8040.054978, -8.850126, 367.975437, 8177.780960, -1.589774, 395.918032, 8273.647709, -29.419567, 367.445962, 8335.779863, 14.102143, 355.022999, 8447.438109, 3.154861, 358.247741, 8570.072573, -26.787279, 382.298206, 8635.714375, 7.898136, 371.473586, 8774.094164, -16.235959, 374.336277, 8864.102368, 11.388520, 396.177275, 8971.519121, -21.538996, 377.170000, 9032.730058, -12.470758, 399.359596, 9146.661819, -17.216169, 377.270159, 9236.996920, -26.094821, 378.890265, 9350.399555, -21.301751, 372.492689, 9451.379330, -4.850579, 355.147221, 95