x coord, y coord, z coord, scalar
52.840488, -14.580331, 405.680576, 0
39.147782, -17.732868, 431.439627, 1
76.743414, -7.393587, 424.720501, 2
43.123538, -3.010689, 436.438567, 3
47.160407, -7.532262, 410.067205, 4
69.148227, 21.797395, 403.966526, 5
41.479258, -15.216970, 406.832175, 6
44.608740, -27.945278, 438.144149, 7
41.145599, 15.330434, 433.853135, 8
63.259225, -16.223249, 403.345757, 9
65.534977, -1.102613, 418.212209, 1074.273244, 0.325245, 429.925818, 1157.231124, -12.190862, 400.439805, 1285.009840, -6.787279, 426.875364, 1372.966881, 2.653154, 397.250061, 1486.091725, -17.458134, 396.954620, 1541.576742, -13.698751, 411.184554, 1651.466923, -6.809938, 412.686441, 1741.129570, -3.384257, 405.923601, 1878.040775, -29.384558, 419.146953, 1984.444393, -1.569517, 447.491072, 2054.174762, -16.555812, 425.723573, 2187.158615, 2.955574, 442.979308, 2239.116401, -1.294101, 414.099304, 2369.049831, -17.586814, 446.199127, 2469.358061, -20.754640, 406.648211, 2569.370864, -16.897807, 422.396197, 2683.613393, -3.150798, 445.032853, 2747.817762, 0.258855, 419.555909, 2856.799276, -10.959916, 419.618138, 2979.004329, -15.775069, 447.495072, 3078.013906, 0.679739, 408.846497, 3155.255845, -1.421159, 441.248739, 3249.753653, -0.024679, 417.862007, 3366.910906, -20.234407, 429.721680, 3464.628524, 11.403749, 438.413766, 3574.334728, -8.484979, 399.423051, 3648.249315, -14.131064, 425.719108, 3744.800659, -4.033168, 403.885264, 3867.414450, 15.046102, 422.371862, 3938.550788, 4.790899, 436.043473, 4089.103959, -6.454761, 414.630350, 4149.468840, 11.081163, 442.655930, 4242.236016, -28.424728, 420.538365, 4363.155825, 0.766241, 429.750791, 4444.395922, -23.864771, 419.061605, 4585.867764, 12.750030, 440.023356, 4688.348911, -28.260197, 403.799375, 4765.586397, -21.179459, 429.212965, 4872.529472, 8.515039, 422.166240, 4946.419768, 9.345935, 404.864303, 5085.521278, 9.190311, 427.856157, 5151.670117, 20.939225, 416.844485, 5245.844492, -26.084291, 417.866477, 5369.440944, -0.648410, 448.079415, 5450.710189, 6.027661, 402.122085, 5572.829752, 2.635807, 444.318534, 5664.371603, 1.725184, 445.505085, 5771.229091, -21.947973, 402.232737, 5851.960515, 12.861577, 440.194539, 5977.184752, 21.561370, 427.447550, 6085.107009, 17.823098, 414.544980, 6164.481611, -19.766343, 413.391496, 6284.384156, -11.641777, 416.753801, 6353.769080, 20.079245, 445.552090, 6453.366965, -18.470190, 429.486882, 6558.546851, 16.639625, 410.029862, 6654.383829, -8.248314, 441.201697, 6751.407354, -26.278732, 397.160758, 6856.698212, -12.038163, 439.469183, 6948.411215, -24.112957, 438.937654, 7078.916852, -28.265503, 434.667870, 7144.980328, -1.503798, 444.348289, 7261.429731, -6.379209, 410.614574, 7381.241627, 9.669942, 408.600028, 7478.312188, -26.222618, 419.576561, 7559.317482, -5.395729, 414.123946, 7672.405332, 11.268169, 435.321744, 7765.125472, -26.583987, 438.489717, 7865.344340, -7.605820, 404.359635, 7956.332080, 3.085593, 409.693308, 8046.788146, -7.257071, 410.874065, 8184.514130, 0.003281, 438.816615, 8280.380879, -27.826513, 410.344543, 8342.513032, 15.695199, 397.921574, 8454.171278, 4.747923, 401.146399, 8576.805742, -25.194225, 425.196791, 8642.447544, 9.491191, 414.372183, 8780.827334, -14.642905, 417.234865, 8870.835537, 12.981575, 439.075860, 8978.252291, -19.945942, 420.068588, 9039.463228, -10.877703, 442.258180, 9153.394988, -15.623114, 420.168763, 9243.730089, -24.501766, 421.788853, 9357.132724, -19.708697, 415.391292, 9458.112500, -3.257524, 398.045768, 95