x coord, y coord, z coord, scalar
47.314534, -15.265972, 373.278682, 0
33.621826, -18.418510, 399.037766, 1
71.217458, -8.079229, 392.318636, 2
37.597583, -3.696331, 404.036705, 3
41.634453, -8.217905, 377.665309, 4
63.622271, 21.111752, 371.564668, 5
35.953304, -15.902613, 374.430309, 6
39.082785, -28.630920, 405.742290, 7
35.619644, 14.644792, 401.451275, 8
57.733270, -16.908889, 370.943877, 9
60.009021, -1.788255, 385.810322, 1068.747288, -0.360397, 397.523954, 1151.705172, -12.876498, 368.037901, 1279.483885, -7.472922, 394.473504, 1367.440924, 1.967512, 364.848211, 1480.565770, -18.143776, 364.552768, 1536.050788, -14.384393, 378.782685, 1645.940969, -7.495580, 380.284533, 1735.603616, -4.069900, 373.521727, 1872.514819, -30.070200, 386.745094, 1978.918438, -2.255159, 415.089215, 2048.648806, -17.241454, 393.321705, 2181.632660, 2.269932, 410.577451, 2233.590447, -1.979744, 381.697434, 2363.523876, -18.272457, 413.797268, 2463.832105, -21.440282, 374.246345, 2563.844908, -17.583449, 389.994329, 2678.087437, -3.836441, 412.630996, 2742.291807, -0.426787, 387.154030, 2851.273320, -11.645558, 387.216255, 2973.478373, -16.460712, 415.093215, 3072.487949, -0.005904, 376.444629, 3149.729889, -2.106801, 408.846878, 3244.227698, -0.710322, 385.460122, 3361.384951, -20.920049, 397.319816, 3459.102569, 10.718106, 406.011905, 3568.808771, -9.170620, 367.021193, 3642.723360, -14.816706, 393.317240, 3739.274706, -4.718811, 371.483379, 3861.888494, 14.360459, 389.969997, 3933.024833, 4.105257, 403.641612, 4083.578003, -7.140403, 382.228491, 4143.942884, 10.395520, 410.254071, 4236.710061, -29.110371, 388.136505, 4357.629870, 0.080599, 397.348922, 4438.869967, -24.550413, 386.659742, 4580.341809, 12.064387, 407.621498, 4682.822955, -28.945839, 371.397521, 4760.060442, -21.865102, 396.811102, 4867.003516, 7.829397, 389.764373, 4940.893813, 8.660291, 372.462432, 5079.995322, 8.504669, 395.454298, 5146.144161, 20.253582, 384.442622, 5240.318537, -26.769933, 385.464614, 5363.914989, -1.334052, 415.677556, 5445.184234, 5.342015, 369.720198, 5567.303797, 1.950165, 411.916675, 5658.845648, 1.039542, 413.103225, 5765.703135, -22.633615, 369.830878, 5846.434560, 12.175935, 407.792679, 5971.658797, 20.875727, 395.045691, 6079.581053, 17.137455, 382.143122, 6158.955655, -20.451985, 380.989623, 6278.858200, -12.327419, 384.351940, 6348.243125, 19.393603, 413.150232, 6447.841010, -19.155832, 397.085017, 6553.020895, 15.953982, 377.627993, 6648.857874, -8.933957, 408.799836, 6745.881399, -26.964374, 364.758906, 6851.172257, -12.723805, 407.067321, 6942.885260, -24.798599, 406.535795, 7073.390896, -28.951145, 402.266012, 7139.454373, -2.189441, 411.946429, 7255.903776, -7.064850, 378.212632, 7375.715671, 8.984300, 376.198168, 7472.786233, -26.908260, 387.174702, 7553.791526, -6.081371, 381.722030, 7666.879376, 10.582527, 402.919883, 7759.599517, -27.269629, 406.087858, 7859.818382, -8.291459, 371.957691, 7950.806125, 2.399949, 377.291373, 8041.262193, -7.942714, 378.472173, 8178.988174, -0.682362, 406.414756, 8274.854924, -28.512155, 377.942686, 8336.987077, 15.009555, 365.519721, 8448.645323, 4.062274, 368.744484, 8571.279787, -25.879867, 392.794930, 8636.921589, 8.805548, 381.970314, 8775.301379, -15.328547, 384.833003, 8865.309582, 12.295933, 406.674000, 8972.726336, -20.631584, 387.666725, 9033.937273, -11.563345, 409.856321, 9147.869033, -16.308756, 387.766889, 9238.204134, -25.187409, 389.386991, 9351.606769, -20.394338, 382.989418, 9452.586545, -3.943167, 365.643937, 95