x coord, y coord, z coord, scalar
38.368373, 2.132899, 96.301840, 0
24.675632, -1.019620, 122.061195, 1
62.271264, 9.319670, 115.342027, 2
28.651386, 13.702560, 127.060125, 3
32.688263, 9.180963, 100.688453, 4
54.676063, 38.510653, 94.588127, 5
27.007117, 1.496263, 97.453695, 6
30.136590, -11.232028, 128.765739, 7
26.673445, 32.043683, 124.474712, 8
48.787117, 0.490015, 93.967152, 9
51.062823, 15.610647, 108.833539, 1059.801092, 17.038500, 120.547355, 1142.759092, 4.522367, 91.060982, 12
70.537690, 9.925976, 117.496935, 1358.494717, 19.366446, 87.871735, 14
71.619580, -0.744874, 87.576270, 15
27.104598, 3.014486, 101.806041, 1636.994779, 9.903296, 103.307572, 1726.657416, 13.328966, 96.545057, 18
63.568628, -12.671304, 109.768542, 1969.972242, 15.143736, 138.112672, 2039.702615, 0.157437, 116.345071, 2172.686463, 19.668828, 133.600907, 2224.644247, 15.419137, 104.720787, 2354.577681, -0.873562, 136.820715, 2454.885927, -4.041380, 97.269737, 25
54.898718, -0.184551, 113.017701, 2669.141241, 13.562455, 135.654449, 2733.345607, 16.972099, 110.177313, 2842.327131, 5.753333, 110.239502, 2964.532178, 0.938183, 138.116670, 3063.541752, 17.393008, 99.468002, 31
40.783693, 15.292092, 131.870300, 3235.281497, 16.688563, 108.483350, 3352.438758, -3.521154, 120.343226, 3450.156371, 28.117001, 129.035332, 3559.862591, 8.228306, 90.044652, 36
33.777167, 2.582184, 116.340611, 3730.328506, 12.680037, 94.506612, 38
52.942292, 31.759357, 112.993388, 3924.078635, 21.504148, 126.665044, 4074.631809, 10.258497, 105.251935, 4134.996686, 27.794413, 133.277510, 4227.763870, -11.711481, 111.159941, 4348.683672, 17.479494, 120.372288, 4429.923776, -7.151524, 109.683153, 4571.395611, 29.463283, 130.644955, 4673.876764, -11.546941, 94.421004, 47
51.114249, -4.466207, 119.834510, 4858.057316, 25.228296, 112.787750, 4931.947593, 26.059168, 95.485778, 50
71.049125, 25.903567, 118.477739, 5137.197956, 37.652474, 107.466033, 5231.372347, -9.371044, 108.488031, 5354.968792, 16.064842, 138.701001, 5436.237983, 22.740876, 92.743407, 55
58.357600, 19.349060, 134.940116, 5649.899451, 18.438436, 136.126662, 5756.756956, -5.234712, 92.854328, 58
37.488361, 29.574828, 130.816113, 5962.712598, 38.274624, 118.069136, 6070.634853, 34.536355, 105.166577, 6150.009473, -3.053088, 104.012953, 6269.912007, 5.071481, 107.375366, 6339.296927, 36.792496, 136.173684, 6438.894817, -1.756940, 120.108413, 6544.074682, 33.352878, 100.651357, 6639.911678, 8.464936, 131.823260, 6736.935220, -9.565488, 87.782412, 68
42.226062, 4.675088, 130.090742, 6933.939065, -7.399707, 129.559236, 7064.444703, -11.552250, 125.289465, 7130.508176, 15.209452, 134.969868, 7246.957595, 10.334056, 101.235395, 7366.769471, 26.383205, 99.221601, 74
63.840042, -9.509363, 110.198141, 7544.845336, 11.317525, 104.745005, 7657.933178, 27.981422, 125.943312, 7750.653323, -9.870735, 129.111301, 7850.872234, 9.107494, 94.980436, 79
41.859899, 19.798839, 100.314192, 8032.316001, 9.456157, 101.495340, 8170.041978, 16.716534, 129.438203, 8265.908734, -11.113256, 100.966143, 8328.040866, 32.408440, 88.543219, 84
39.699019, 21.461133, 91.767468, 85
62.333595, -8.480970, 115.818366, 8627.975384, 26.204433, 104.993681, 8766.355187, 2.070354, 107.856416, 8856.363384, 29.694828, 129.697437, 8963.780144, -3.232685, 110.690145, 9024.991077, 5.835547, 132.879764, 9138.922844, 1.090133, 110.790205, 9229.257943, -7.788519, 112.410410, 9342.660585, -2.995447, 106.012738, 9443.640336, 13.455729, 88.667610, 95
