x coord, y coord, z coord, scalar
47.738663, -19.972249, 302.992434, 0
34.045954, -23.124782, 328.751589, 1
71.641587, -12.785500, 322.032449, 2
38.021710, -8.402603, 333.750526, 3
42.058579, -12.924179, 307.379058, 4
64.046399, 16.405482, 301.278499, 5
36.377431, -20.608887, 304.144121, 6
39.506913, -33.337192, 335.456119, 7
36.043771, 9.938520, 331.165100, 8
58.157402, -21.615164, 300.657660, 9
60.433149, -6.494526, 315.524090, 1069.171416, -5.066669, 327.237770, 1152.129308, -17.582784, 297.751633, 1279.908013, -12.179193, 324.187328, 1367.865054, -2.738755, 294.562059, 1480.989899, -22.850047, 294.266610, 1536.474915, -19.090667, 308.496489, 1646.365096, -12.201854, 309.998254, 1736.027741, -8.776174, 303.235525, 1872.938948, -34.776472, 316.458922, 1979.342566, -6.961431, 344.803046, 2049.072935, -21.947726, 323.035512, 2182.056788, -2.436339, 340.291281, 2234.014573, -6.686017, 311.411237, 2363.948004, -22.978728, 343.511096, 2464.256236, -26.146554, 303.960159, 2564.269037, -22.289721, 319.708137, 2678.511565, -8.542712, 342.344825, 2742.715934, -5.133059, 316.867815, 2851.697449, -16.351831, 316.930030, 2973.902502, -21.166983, 344.807045, 3072.912079, -4.712173, 306.158438, 3150.154017, -6.813073, 338.560699, 3244.651824, -5.416594, 315.173893, 3361.809079, -25.626321, 327.033634, 3459.526697, 6.011835, 335.725727, 3569.232904, -13.876890, 296.735024, 3643.147487, -19.522978, 323.031048, 3739.698829, -9.425086, 301.197151, 3862.312622, 9.654189, 319.683810, 3933.448960, -0.601015, 333.355436, 4084.002132, -11.846675, 311.942318, 4144.367012, 5.689249, 339.967896, 4237.134189, -33.816643, 317.850330, 4358.053997, -4.625673, 327.062729, 4439.294095, -29.256685, 316.373560, 4580.765937, 7.358116, 337.335328, 4683.247084, -33.652110, 301.111358, 4760.484570, -26.571373, 326.524919, 4867.427644, 3.123126, 319.478183, 4941.317937, 3.954020, 302.176234, 5080.419450, 3.798398, 325.168124, 5146.568288, 15.547311, 314.156441, 5240.742665, -31.476205, 315.178434, 5364.339117, -6.040324, 345.391384, 5445.608354, 0.635745, 299.433963, 5567.727925, -2.756106, 341.630501, 5659.269776, -3.666730, 342.817051, 5766.127265, -27.339887, 299.544707, 5846.858687, 7.469663, 337.506504, 5972.082925, 16.169456, 324.759519, 6080.005181, 12.431184, 311.856952, 6159.379785, -25.158257, 310.703421, 6279.282329, -17.033691, 314.065763, 6348.667252, 14.687331, 342.864061, 6448.265138, -23.862104, 326.798832, 6553.445021, 11.247712, 307.341799, 6649.282002, -13.640228, 338.513658, 6746.305528, -31.670648, 294.472749, 6851.596385, -17.430077, 336.781142, 6943.309387, -29.504871, 336.249621, 7073.815025, -33.657417, 331.979841, 7139.878501, -6.895712, 341.660255, 7256.327906, -11.771122, 307.926281, 7376.139800, 4.278029, 305.911992, 7473.210362, -31.614532, 316.888527, 7554.215655, -10.787643, 311.435734, 7667.303504, 5.876255, 332.633706, 7760.023645, -31.975901, 335.801685, 7860.242520, -12.997730, 301.671335, 7951.230249, -2.306320, 307.005036, 8041.686319, -12.648988, 308.185927, 8179.412302, -5.388633, 336.128584, 8275.279053, -33.218426, 307.656516, 8337.411203, 10.303284, 295.233562, 8449.069437, -0.643990, 298.458190, 8571.703916, -30.586138, 322.508755, 8637.345716, 4.099277, 311.684121, 8775.725508, -20.034818, 314.546822, 8865.733710, 7.589661, 336.387825, 8973.150464, -25.337855, 317.380546, 9034.361400, -16.269617, 339.570148, 9148.293161, -21.015029, 317.480682, 9238.628262, -29.893681, 319.100811, 9352.030898, -25.100611, 312.703213, 9453.010672, -8.649437, 295.357823, 95