x coord, y coord, z coord, scalar
61.785284, -24.733455, 656.641184, 0
48.092598, -27.886000, 682.399975, 1
85.688231, -17.546724, 675.680886, 2
52.068355, -13.163822, 687.398924, 3
56.105220, -17.685383, 661.027826, 4
78.093051, 11.644258, 654.926846, 5
50.424069, -25.370096, 657.792565, 6
53.553556, -38.098412, 689.104478, 7
50.090417, 5.177301, 684.813476, 8
72.204019, -26.376392, 654.306254, 9
74.479795, -11.255751, 669.172759, 1083.218061, -9.827891, 680.886194, 1166.175876, -22.343988, 651.400486, 1293.954657, -16.940416, 677.835711, 1381.911706, -7.500002, 648.210319, 1495.036540, -27.611273, 647.914900, 1550.521555, -23.851878, 662.144972, 1660.411736, -16.963063, 663.647162, 1750.074387, -13.537376, 656.884045, 1886.985589, -39.537694, 670.107285, 1993.389211, -11.722652, 698.451394, 2063.119576, -26.708945, 676.683982, 2196.103433, -7.197561, 693.939631, 2248.061220, -11.447228, 665.059726, 2377.994648, -27.739949, 697.159458, 2478.302869, -30.907780, 657.608596, 2578.315678, -27.050943, 673.356600, 2692.558210, -13.303933, 695.993179, 2756.762581, -9.894275, 670.516398, 2865.744089, -21.113050, 670.578660, 2987.949146, -25.928204, 698.455396, 3086.958725, -9.473405, 659.806900, 3164.200662, -11.574293, 692.209094, 3258.698472, -10.177809, 668.822548, 3375.855721, -30.387542, 680.682047, 3473.573343, 1.250614, 689.374116, 3583.279539, -18.638132, 650.383372, 3657.194130, -24.284196, 676.679512, 3753.745475, -14.186276, 654.845800, 3876.359270, 4.892966, 673.332247, 3947.495606, -5.362233, 687.003818, 4098.048776, -16.607900, 665.590685, 4158.413658, 0.928029, 693.616270, 4251.180831, -38.577861, 671.498707, 4372.100643, -9.386894, 680.711200, 4453.340736, -34.017902, 670.021971, 4594.812582, 2.596895, 690.983678, 4697.293726, -38.413334, 654.759672, 4774.531212, -31.332594, 680.173333, 4881.474292, -1.638098, 673.126638, 4955.364597, -0.807189, 655.824731, 5094.466096, -0.962825, 678.816494, 5160.614938, 10.786092, 667.804851, 5254.789305, -36.237422, 668.826837, 5378.385762, -10.801545, 699.039749, 5459.655034, -4.125453, 653.082644, 5581.774570, -7.517327, 695.278871, 5673.316421, -8.427950, 696.465426, 5780.173899, -32.101113, 653.193066, 5860.905333, 2.708444, 691.154883, 5986.129571, 11.408234, 678.407884, 6094.051828, 7.669961, 665.505304, 6173.426420, -29.919480, 664.351940, 6293.328972, -21.794916, 667.714153, 6362.713898, 9.926111, 696.512417, 6462.311781, -28.623323, 680.447262, 6567.491677, 6.486491, 660.990274, 6663.328646, -18.401448, 692.162051, 6760.352161, -36.431863, 648.121034, 6865.643029, -22.191297, 690.429540, 6957.356031, -34.266091, 689.897991, 7087.861668, -38.418638, 685.628196, 7153.925146, -11.656932, 695.308629, 7270.374541, -16.532351, 661.575558, 7390.186448, -0.483198, 659.560373, 7487.257003, -36.375754, 670.536900, 7568.262296, -15.548864, 665.084727, 7681.350150, 1.115034, 686.282093, 7774.070288, -36.737122, 689.450053, 7874.289135, -17.758990, 655.320637, 7965.276913, -7.067537, 660.654239, 8055.732960, -17.410193, 661.834664, 8193.458947, -10.149855, 689.776946, 8289.325693, -37.979650, 661.304864, 8351.457857, 5.542071, 648.881857, 8463.116151, -5.405185, 652.107172, 8585.750558, -35.347360, 676.157133, 8651.392366, -0.661938, 665.332591, 8789.772150, -24.796043, 668.195229, 8879.780356, 2.828440, 690.036201, 8987.197106, -30.099079, 671.028945, 9048.408045, -21.030836, 693.218516, 9162.339801, -25.776247, 671.129219, 9252.674904, -34.654899, 672.749211, 9366.077534, -29.861830, 666.351745, 9467.057325, -13.410659, 649.005884, 95