x coord, y coord, z coord, scalar
32.895247, 5.912997, 81.221989, 0
19.202501, 2.760477, 106.981358, 1
56.798133, 13.099767, 100.262188, 2
23.178255, 17.482656, 111.980288, 3
27.215135, 12.961058, 85.608602, 4
49.202931, 42.290749, 79.508292, 5
21.533988, 5.276360, 82.373855, 6
24.663460, -7.451931, 113.685903, 7
21.200313, 35.823780, 109.394875, 8
43.313988, 4.270116, 78.887307, 9
45.589691, 19.390744, 93.753692, 10
54.327960, 20.818597, 105.467516, 1137.285973, 8.302472, 75.981127, 12
65.064558, 13.706074, 102.417099, 1353.021582, 23.146545, 72.791903, 14
66.146448, 3.035224, 72.496436, 15
21.631469, 6.794582, 86.726200, 16
31.521649, 13.683392, 88.227716, 17
21.184287, 17.109060, 81.465215, 18
58.095497, -8.891206, 94.688705, 19
64.499110, 18.923833, 123.032837, 2034.229484, 3.937534, 101.265231, 2167.213332, 23.448925, 118.521072, 2219.171117, 19.199232, 89.640946, 23
49.104550, 2.906535, 121.740879, 2449.412796, -0.261281, 82.189898, 25
49.425587, 3.595546, 97.937861, 26
63.668110, 17.342552, 120.574613, 2727.872476, 20.752195, 95.097468, 28
36.854000, 9.533430, 95.159656, 29
59.059047, 4.718280, 123.036834, 3058.068619, 21.173106, 84.388162, 31
35.310561, 19.072189, 116.790463, 3229.808366, 20.468659, 93.403503, 33
46.965627, 0.258943, 105.263388, 3444.683239, 31.897098, 113.955495, 3554.389458, 12.008407, 74.964816, 36
28.304036, 6.362281, 101.260771, 3724.855378, 16.460129, 79.426765, 38
47.469160, 35.539454, 97.913549, 39
18.605504, 25.284244, 111.585207, 4069.158677, 14.038595, 90.172099, 41
29.523555, 31.574510, 118.197673, 4222.290739, -7.931384, 96.080105, 43
43.210541, 21.259591, 105.292448, 4424.450646, -3.371427, 94.603315, 45
65.922480, 33.243380, 115.565119, 4668.403633, -7.766843, 79.341170, 47
45.641119, -0.686110, 104.754672, 4852.584184, 29.008393, 97.707911, 49
26.474461, 29.839261, 80.405937, 50
65.575993, 29.683664, 103.397903, 5131.724824, 41.432570, 92.386196, 52
25.899216, -5.590947, 93.408194, 53
49.495661, 19.844939, 123.621165, 5430.764850, 26.520965, 77.663559, 55
52.884469, 23.129157, 119.860280, 5644.426320, 22.218533, 121.046826, 5751.283826, -1.454613, 77.774492, 58
32.015230, 33.354925, 115.736277, 5957.239466, 42.054721, 102.989300, 6065.161722, 38.316452, 90.086741, 61
44.536343, 0.727011, 88.933111, 62
64.438876, 8.851579, 92.295529, 63
33.823795, 40.572593, 121.093848, 6433.421687, 2.023157, 105.028575, 6538.601549, 37.132974, 85.571516, 66
34.438547, 12.245033, 116.743423, 6731.462091, -5.785390, 72.702579, 68
36.752931, 8.455185, 115.010904, 6928.465934, -3.619610, 114.479400, 7058.971572, -7.772153, 110.209629, 7125.035045, 18.989548, 119.890032, 7241.484464, 14.114155, 86.155525, 73
61.296338, 30.163302, 84.141764, 74
58.366911, -5.729265, 95.118304, 75
39.372205, 15.097622, 89.665146, 76
52.460047, 31.761519, 110.863475, 7745.180192, -6.090638, 114.031465, 7845.399102, 12.887601, 79.900564, 79
36.386766, 23.578932, 85.234324, 80
26.842872, 13.236252, 86.415490, 81
64.568847, 20.496631, 114.358367, 8260.435603, -7.333159, 85.886308, 83
22.567734, 36.188534, 73.463385, 84
34.225882, 25.241217, 76.687608, 85
56.860464, -4.700873, 100.738529, 8622.502253, 29.984529, 89.913840, 87
60.882056, 5.850452, 92.776578, 88
50.890253, 33.474925, 114.617601, 8958.307013, 0.547412, 95.610308, 90
19.517946, 9.615643, 117.799927, 9133.449714, 4.870230, 95.710363, 92
23.784812, -4.008423, 97.330572, 93
37.187455, 0.784650, 90.932896, 94
38.167203, 17.235825, 73.587785, 95
