x coord, y coord, z coord, scalar
34.873993, -7.240409, 170.296539, 0
21.181265, -10.392939, 196.055825, 1
58.776896, -0.053653, 189.336667, 2
25.157020, 4.329240, 201.054757, 3
29.193896, -0.192346, 174.683156, 4
51.181702, 29.137328, 168.582750, 5
23.512747, -7.877049, 171.448336, 6
26.642223, -20.605349, 202.760364, 7
23.179080, 22.670363, 198.469340, 8
45.292730, -8.883308, 167.961821, 9
47.568457, 6.237322, 182.828224, 1056.306725, 7.665177, 194.541992, 1139.264676, -4.850933, 165.055701, 1267.043322, 0.552653, 191.491565, 1355.000352, 9.993106, 161.866341, 1468.125210, -10.118198, 161.570881, 1523.610230, -6.358829, 175.800690, 1633.500411, 0.529983, 177.302302, 1723.163053, 3.955657, 170.539712, 1860.074259, -22.044626, 183.763167, 1966.477875, 5.770414, 212.107295, 2036.208246, -9.215882, 190.339717, 2169.192097, 10.295506, 207.595530, 2221.149883, 6.045821, 178.715436, 2351.083314, -10.246884, 210.815340, 2451.391552, -13.414703, 171.264376, 2551.404348, -9.557874, 187.012345, 2665.646875, 4.189133, 209.649073, 2729.851243, 7.598781, 184.171980, 2838.832762, -3.619986, 184.234179, 2961.037811, -8.435138, 212.111293, 3060.047385, 8.019679, 173.462646, 3137.289326, 5.918771, 205.864932, 3231.787133, 7.315246, 182.478032, 3348.944390, -12.894475, 194.337861, 3446.662005, 18.743679, 203.029963, 3556.368215, -1.145028, 164.039274, 3630.282799, -6.791135, 190.335256, 3726.834145, 3.306736, 168.501292, 3849.447928, 22.386034, 186.988028, 3920.584269, 12.130828, 200.659673, 4071.137441, 0.885173, 179.246561, 4131.502321, 18.421092, 207.272137, 4224.269501, -21.084800, 185.154570, 4345.189306, 8.106172, 194.366934, 4426.429408, -16.524843, 183.677787, 4567.901245, 20.089961, 204.639578, 4670.382395, -20.920263, 168.415621, 4747.619881, -13.839528, 193.829146, 4854.562951, 15.854972, 186.782394, 4928.453238, 16.685852, 169.480430, 5067.554758, 16.530244, 192.472366, 5133.703594, 28.279153, 181.460668, 5227.877978, -18.744362, 182.482664, 5351.474426, 6.691521, 212.695627, 5432.743643, 13.367565, 166.738093, 5554.863234, 9.975738, 208.934743, 5646.405085, 9.065115, 210.121290, 5753.262581, -14.608036, 166.848953, 5833.993996, 20.201507, 204.810742, 5959.218232, 28.901301, 192.063762, 6067.140488, 25.163031, 179.161200, 6146.515100, -12.426409, 178.007609, 6266.417639, -4.301843, 181.369997, 6335.802561, 27.419175, 210.168308, 6435.400450, -11.130260, 194.103052, 6540.580323, 23.979555, 174.646003, 6636.417312, -0.908384, 205.817891, 6733.440846, -18.938804, 161.777022, 6838.731695, -4.698233, 204.085374, 6930.444698, -16.773027, 203.553863, 7060.950335, -20.925571, 199.284089, 7127.013810, 5.836131, 208.964496, 7243.463221, 0.960731, 175.230196, 7363.275105, 17.009878, 173.216230, 7460.345673, -18.882685, 184.192768, 7541.350967, 1.944203, 178.739751, 7654.438812, 18.608100, 199.937942, 7747.158955, -19.244056, 203.105928, 7847.377842, -0.265850, 168.975241, 7938.365546, 10.425517, 174.308978, 8028.821634, 0.082846, 175.490037, 8166.547611, 7.343212, 203.432829, 8262.414364, -20.486579, 174.960766, 8324.546507, 23.035122, 162.537831, 8436.204703, 12.087819, 165.762212, 8558.839226, -17.854292, 189.812994, 8624.481022, 16.831115, 178.988327, 8762.860818, -7.302970, 181.851050, 8852.869018, 20.321506, 203.692065, 8960.285775, -12.606008, 184.684778, 9021.496710, -3.537774, 206.874390, 9135.428475, -8.283186, 184.784864, 9225.763575, -17.161838, 186.405042, 9339.166214, -12.368766, 180.007396, 9440.145975, 4.082406, 162.662177, 95