x coord, y coord, z coord, scalar
45.076813, -18.287151, 342.244318, 0
31.384105, -21.439689, 368.003433, 1
68.979737, -11.100408, 361.284299, 2
35.359862, -6.717510, 373.002371, 3
39.396732, -11.239084, 346.630944, 4
61.384550, 18.090574, 340.530339, 5
33.715583, -18.923792, 343.395971, 6
36.845064, -31.652099, 374.707960, 7
33.381923, 11.623613, 370.416943, 8
55.495549, -19.930069, 339.909527, 9
57.771300, -4.809434, 354.775965, 1066.509567, -3.381576, 366.489618, 1149.467451, -15.897679, 337.003528, 1277.246164, -10.494101, 363.439171, 1365.203203, -1.053667, 333.813890, 1478.328049, -21.164955, 333.518444, 1533.813067, -17.405573, 347.748344, 1643.703248, -10.516759, 349.250155, 1733.365895, -7.091079, 342.487383, 1870.277098, -33.091379, 355.710764, 1976.680717, -5.276338, 384.054886, 2046.411085, -20.262633, 362.287365, 2179.394939, -0.751247, 379.543121, 2231.352726, -5.000923, 350.663093, 2361.286155, -21.293635, 382.762937, 2461.594385, -24.461461, 343.212008, 2561.607187, -20.604628, 358.959989, 2675.849716, -6.857619, 381.596666, 2740.054086, -3.447966, 356.119680, 2849.035599, -14.666737, 356.181901, 2971.240652, -19.481891, 384.058885, 3070.250229, -3.027082, 345.410290, 3147.492168, -5.127980, 377.812544, 3241.989977, -3.731501, 354.425766, 3359.147230, -23.941228, 366.285481, 3456.864848, 7.696927, 374.977572, 3566.571051, -12.191799, 335.986864, 3640.485639, -17.837885, 362.282900, 3737.036984, -7.739990, 340.449024, 3859.650773, 11.339281, 358.935660, 3930.787112, 1.084078, 372.607280, 4081.340282, -10.161582, 351.194160, 4141.705163, 7.374341, 379.219739, 4234.472340, -32.131550, 357.102173, 4355.392149, -2.940580, 366.314582, 4436.632246, -27.571592, 355.625407, 4578.104088, 9.043208, 376.587169, 4680.585234, -31.967018, 340.363195, 4757.822721, -24.886280, 365.776767, 4864.765795, 4.808218, 358.730034, 4938.656091, 5.639112, 341.428090, 5077.757601, 5.483490, 364.419966, 5143.906440, 17.232403, 353.408288, 5238.080816, -29.791112, 354.430280, 5361.677268, -4.355231, 384.643225, 5442.946513, 2.320836, 338.685840, 5565.066076, -1.071014, 380.882343, 5656.607927, -1.981637, 382.068894, 5763.465414, -25.654794, 338.796548, 5844.196839, 9.154756, 376.758347, 5969.421076, 17.854549, 364.011361, 6077.343332, 14.116276, 351.108793, 6156.717934, -23.473164, 349.955279, 6276.620479, -15.348598, 353.317607, 6346.005404, 16.372424, 382.115902, 6445.603289, -22.177011, 366.050680, 6550.783174, 12.932803, 346.593653, 6646.620153, -11.955135, 377.765503, 6743.643678, -29.985553, 333.724582, 6848.934536, -15.744984, 376.032988, 6940.647539, -27.819778, 375.501464, 7071.153175, -31.972324, 371.231682, 7137.216652, -5.210620, 380.912098, 7253.666055, -10.086029, 347.178222, 7373.477950, 5.963121, 345.163835, 7470.548512, -29.929439, 356.140370, 7551.553806, -9.102550, 350.687645, 7664.641655, 7.561348, 371.885550, 7757.361796, -30.290808, 375.053527, 7857.580662, -11.312638, 340.923279, 7948.568403, -0.621230, 346.256969, 8039.024471, -10.963893, 347.437810, 8176.750453, -3.703541, 375.380426, 8272.617203, -31.533334, 346.908356, 8334.749356, 11.988377, 334.485396, 8446.407601, 1.041096, 337.710099, 8569.042066, -28.901046, 361.760598, 8634.683868, 5.784369, 350.935974, 8773.063658, -18.349725, 353.798668, 8863.071861, 9.274754, 375.639668, 8970.488615, -23.652763, 356.632392, 9031.699552, -14.584524, 378.821990, 9145.631312, -19.329935, 356.732543, 9235.966413, -28.208588, 358.352657, 9349.369048, -23.415517, 351.955073, 9450.348824, -6.964346, 334.609632, 95