x coord, y coord, z coord, scalar
39.821376, -4.080453, 199.823767, 0
26.128648, -7.232983, 225.583024, 1
63.724280, 3.106303, 218.863870, 2
30.104403, 7.489196, 230.581957, 3
34.141279, 2.967611, 204.210386, 4
56.129085, 32.297285, 198.109946, 5
28.460130, -4.717093, 200.975539, 6
31.589607, -17.445392, 232.287561, 7
28.126463, 25.830320, 227.996538, 8
50.240114, -5.723352, 197.489037, 9
52.515841, 9.397278, 212.355445, 1061.254108, 10.825134, 224.069194, 1144.212058, -1.690978, 194.582937, 1271.990706, 3.712610, 221.018764, 1359.947737, 13.153062, 191.393530, 1473.072593, -6.958242, 191.098073, 1528.557613, -3.198872, 205.327897, 1638.447794, 3.689940, 206.829542, 1728.110436, 7.115614, 200.066922, 1865.021643, -18.884669, 213.290364, 1971.425259, 8.930371, 241.634491, 2041.155630, -6.055926, 219.866923, 2174.139480, 13.455462, 237.122726, 2226.097266, 9.205778, 208.242643, 2356.030697, -7.086927, 240.342538, 2456.338935, -10.254747, 200.791579, 2556.351732, -6.397917, 216.539551, 2670.594258, 7.349090, 239.176269, 2734.798626, 10.758738, 213.699195, 2843.780145, -0.460030, 213.761397, 2965.985195, -5.275182, 241.638490, 3064.994768, 11.179635, 202.989851, 3142.236710, 9.078728, 235.392132, 3236.734516, 10.475202, 212.005252, 3353.891773, -9.734519, 223.865062, 3451.609388, 21.903636, 232.557162, 3561.315599, 2.014928, 193.566470, 3635.230182, -3.631179, 219.862461, 3731.781527, 6.466693, 198.028512, 3854.395312, 25.545990, 216.515231, 3925.531653, 15.290785, 230.186872, 4076.084825, 4.045130, 208.773759, 4136.449704, 21.581049, 236.799335, 4229.216885, -17.924843, 214.681768, 4350.136690, 11.266129, 223.894140, 4431.376791, -13.364886, 213.204988, 4572.848629, 23.249918, 234.166774, 4675.329778, -17.760307, 197.942814, 4752.567265, -10.679572, 223.356347, 4859.510335, 19.014929, 216.309598, 4933.400621, 19.845810, 199.007638, 5072.502142, 19.690200, 221.999564, 5138.650977, 31.439110, 210.987869, 5232.825361, -15.584406, 212.009865, 5356.421809, 9.851477, 242.222825, 5437.691026, 16.527523, 196.265316, 5559.810617, 13.135695, 238.461941, 5651.352468, 12.225071, 239.648489, 5758.209965, -11.448080, 196.376150, 5838.941379, 23.361464, 234.337941, 5964.165616, 32.061258, 221.590960, 6072.087872, 28.322987, 208.688397, 6151.462484, -9.266453, 207.534818, 6271.365022, -1.141886, 210.897196, 6340.749945, 30.579132, 239.695505, 6440.347833, -7.970304, 223.630254, 6545.527706, 27.139512, 204.173210, 6641.364695, 2.251572, 235.345091, 6738.388229, -15.778848, 191.304213, 6843.679078, -1.538276, 233.612574, 6935.392081, -13.613071, 233.081061, 7065.897718, -17.765615, 228.811286, 7131.961194, 8.996088, 238.491694, 7248.410604, 4.120687, 204.757465, 7368.222489, 20.169835, 202.743428, 7465.293056, -15.722729, 213.719966, 7546.298350, 5.104160, 208.266998, 7659.386196, 21.768057, 229.465141, 7752.106339, -16.084100, 232.633125, 7852.325226, 2.894106, 198.502512, 7943.312929, 13.585474, 203.836241, 8033.769017, 3.242803, 205.017264, 8171.494995, 10.503169, 232.960026, 8267.361748, -17.326623, 204.487962, 8329.493890, 26.195079, 192.065023, 8441.152086, 15.247778, 195.289458, 8563.786610, -14.694336, 219.340193, 8629.428406, 19.991072, 208.515532, 8767.808202, -4.143013, 211.378251, 8857.816402, 23.481463, 233.219264, 8965.233159, -9.446052, 214.211978, 9026.444094, -0.377817, 236.401588, 9140.375858, -5.123229, 214.312075, 9230.710958, -14.001882, 215.932243, 9344.113597, -9.208810, 209.534607, 9445.093358, 7.242363, 192.189350, 95