x coord, y coord, z coord, scalar
50.164446, -10.788857, 248.673041, 0
36.471727, -13.941384, 274.432250, 1
74.067360, -3.602099, 267.713103, 2
40.447483, 0.780796, 279.431185, 3
44.484354, -3.740787, 253.059662, 4
66.472168, 25.588884, 246.959167, 5
38.803206, -11.425493, 249.824773, 6
41.932686, -24.153793, 281.136784, 7
38.469543, 19.121919, 276.845763, 8
60.583188, -12.431762, 246.338290, 9
62.858922, 2.688876, 261.204709, 1071.597189, 4.116732, 272.918425, 1154.555115, -8.399394, 243.432225, 1282.333786, -2.995792, 269.867989, 1370.290825, 6.444656, 240.242739, 1483.415674, -13.666645, 239.947286, 1538.900689, -9.907272, 254.177135, 1648.790870, -3.018460, 255.678837, 1738.453512, 0.407217, 248.916166, 1875.364722, -25.593072, 262.139587, 1981.768339, 2.221969, 290.483712, 2051.498709, -12.764328, 268.716160, 2184.482561, 6.747061, 285.971948, 2236.440345, 2.497379, 257.091883, 2366.373777, -13.795329, 289.191760, 2466.682014, -16.963153, 249.640812, 2566.694812, -13.106320, 265.388787, 2680.937338, 0.640688, 288.025491, 2745.141706, 4.050338, 262.548447, 2854.123223, -7.168432, 262.610655, 2976.328275, -11.983583, 290.487711, 3075.337852, 4.471231, 251.839088, 3152.579790, 2.370326, 284.241359, 3247.077596, 3.766803, 260.854514, 3364.234853, -16.442921, 272.714292, 3461.952469, 15.195235, 281.406388, 3571.658682, -4.693481, 242.415691, 3645.573261, -10.339580, 268.711697, 3742.124600, -0.241700, 246.877773, 3864.738393, 18.837589, 265.364464, 3935.874733, 8.582384, 279.036098, 4086.427905, -2.663273, 257.622982, 4146.792784, 14.872648, 285.648559, 4239.559963, -24.633245, 263.530993, 4360.479770, 4.557727, 272.743377, 4441.719869, -20.073288, 262.054218, 4583.191709, 16.541516, 283.015995, 4685.672858, -24.468710, 246.792030, 4762.910344, -17.387974, 272.205576, 4869.853416, 12.306527, 265.158833, 4943.743702, 13.137415, 247.856878, 5082.845223, 12.981798, 270.848788, 5148.994058, 24.730710, 259.837098, 5243.168439, -22.292807, 260.859093, 5366.764890, 3.143076, 291.072048, 5448.034110, 9.819136, 245.114581, 5570.153697, 6.427293, 287.311165, 5661.695548, 5.516670, 288.497713, 5768.553043, -18.156485, 245.225372, 5849.284459, 16.653063, 283.187166, 5974.508697, 25.352857, 270.440183, 6082.430953, 21.614586, 257.537618, 6161.805562, -15.974857, 256.384062, 6281.708103, -7.850289, 259.746423, 6351.093025, 23.870731, 288.544727, 6450.690912, -14.678705, 272.479486, 6555.870789, 20.431113, 253.022447, 6651.707775, -4.456829, 284.194318, 6748.731305, -22.487251, 240.153426, 6854.022158, -8.246677, 282.461802, 6945.735161, -20.321472, 281.930285, 7076.240798, -24.474017, 277.660507, 7142.304274, 2.287687, 287.340918, 7258.753684, -2.587719, 253.606809, 7378.565571, 13.461432, 251.592654, 7475.636136, -22.431131, 262.569191, 7556.641430, -1.604243, 257.116305, 7669.729276, 15.059655, 278.314367, 7762.449418, -22.792502, 281.482349, 7862.668308, -3.814313, 247.351859, 7953.656014, 6.877078, 252.685576, 8044.112092, -3.465595, 253.866536, 8181.838075, 3.794767, 281.809249, 8277.704827, -24.035026, 253.337183, 8339.836971, 19.486681, 240.914237, 8451.495178, 8.539400, 244.138763, 8574.129690, -21.402738, 268.189418, 8639.771486, 13.282674, 257.364769, 8778.151282, -10.851417, 260.227480, 8868.159482, 16.773061, 282.068488, 8975.576239, -16.154455, 263.061205, 9036.787173, -7.086218, 285.250812, 9150.718936, -11.831631, 263.161321, 9241.054036, -20.710283, 264.781470, 9354.456674, -15.917213, 258.383852, 9455.436441, 0.533963, 241.038533, 95