x coord, y coord, z coord, scalar
29.579729, 3.392537, 31.678536, 0
15.886976, 0.240024, 57.437946, 1
53.482609, 10.579316, 50.718770, 2
19.862730, 14.962203, 62.436874, 3
23.899610, 10.440600, 36.065147, 4
45.887404, 39.770299, 29.964884, 5
18.218464, 2.755902, 32.830437, 6
21.347935, -9.972384, 64.142494, 7
17.884788, 33.303327, 59.851464, 8
39.998474, 1.749663, 29.343871, 9
42.274167, 16.870293, 44.210248, 10
51.012435, 18.298146, 55.924100, 11
33.970473, 5.782005, 26.437663, 12
61.749034, 11.185622, 52.873687, 13
49.706057, 20.626103, 23.248505, 14
62.830925, 0.514774, 22.953035, 15
18.315944, 4.274125, 37.182777, 16
28.206125, 11.162935, 38.684245, 17
17.868759, 14.588601, 31.921787, 18
54.779974, -11.411658, 45.145296, 19
61.183586, 16.403381, 73.489429, 20
30.913960, 1.417081, 51.721810, 21
63.897807, 20.928473, 68.977663, 22
15.855591, 16.678777, 40.097522, 23
45.789025, 0.386082, 72.197469, 24
46.097276, -2.781733, 32.646480, 25
46.110063, 1.075094, 48.394440, 26
60.352585, 14.822100, 71.031205, 27
24.556950, 18.231741, 45.554034, 28
33.538477, 7.012977, 45.616217, 29
55.743522, 2.197828, 73.493426, 30
54.753095, 18.652658, 34.844741, 31
31.995036, 16.551736, 67.247050, 32
26.492839, 17.948205, 43.860060, 33
43.650103, -2.261509, 55.719972, 34
41.367714, 29.376646, 64.412083, 35
51.073939, 9.487961, 25.421408, 36
24.988512, 3.841827, 51.717350, 37
21.539850, 13.939666, 29.883323, 38
44.153634, 33.019002, 48.370131, 39
15.289979, 22.763792, 62.041796, 40
65.843153, 11.518144, 40.628689, 41
26.208030, 29.054057, 68.654262, 42
18.975215, -10.451838, 46.536694, 43
39.895016, 18.739139, 55.749026, 44
21.135122, -5.891881, 45.059900, 45
62.606955, 30.722928, 66.021711, 46
65.088109, -10.287295, 29.797766, 47
42.325595, -3.206562, 55.211257, 48
49.268659, 26.487943, 48.164491, 49
23.158929, 27.318806, 30.862513, 50
62.260468, 27.163212, 53.854493, 51
28.409297, 38.912118, 42.842781, 52
22.583693, -8.111401, 43.864780, 53
46.180136, 17.324487, 74.077755, 54
27.449310, 24.000508, 28.120114, 55
49.568944, 20.608705, 70.316869, 56
41.110795, 19.698081, 71.503415, 57
47.968305, -3.975065, 28.231083, 58
28.699705, 30.834472, 66.192865, 59
53.923940, 39.534269, 53.445890, 60
61.846196, 35.796001, 40.543333, 61
41.220822, -1.793442, 39.389684, 62
61.123352, 6.331128, 42.752116, 63
30.508270, 38.052141, 71.550440, 64
30.106163, -0.497296, 55.485158, 65
35.286020, 34.612523, 36.028094, 66
31.123022, 9.724581, 67.200010, 67
28.146569, -8.305846, 23.159178, 68
33.437406, 5.934732, 65.467491, 69
25.150410, -6.140063, 64.935989, 70
55.656047, -10.292605, 60.666221, 71
21.719520, 16.469096, 70.346621, 72
38.168944, 11.593705, 36.612012, 73
57.980813, 27.642852, 34.598352, 74
55.051387, -8.249717, 45.574894, 75
36.056682, 12.577170, 40.121665, 76
49.144521, 29.241067, 61.320062, 77
41.864668, -8.611091, 64.488055, 78
42.083592, 10.367159, 30.357049, 79
33.071234, 21.058481, 35.690820, 80
23.527347, 10.715794, 36.872038, 81
61.253322, 17.976180, 64.814958, 82
57.120080, -9.853611, 36.342900, 83
19.252205, 33.668081, 23.919983, 84
30.910330, 22.720763, 27.144129, 85
53.544940, -7.221325, 51.195118, 86
19.186725, 27.464075, 40.370419, 87
57.566533, 3.330001, 43.233164, 88
47.574728, 30.954473, 65.074190, 89
54.991490, -1.973039, 46.066894, 90
16.202421, 7.095190, 68.256517, 91
30.134190, 2.349776, 46.166933, 92
20.469288, -6.528876, 47.787158, 93
33.871933, -1.735803, 41.389467, 94
34.851676, 14.715374, 24.044409, 95
