x coord, y coord, z coord, scalar
48.910496, -14.634675, 383.927366, 0
35.217788, -17.787213, 409.686438, 1
72.813420, -7.447932, 402.967310, 2
39.193545, -3.065035, 414.685378, 3
43.230415, -7.586608, 388.313993, 4
65.218233, 21.743049, 382.213340, 5
37.549265, -15.271316, 385.078983, 6
40.678746, -27.999624, 416.390962, 7
37.215605, 15.276088, 412.099947, 8
59.329231, -16.277593, 381.592556, 9
61.604983, -1.156958, 396.459003, 1070.343250, 0.270899, 408.172628, 1153.301133, -12.245203, 378.686588, 1281.079846, -6.841625, 405.122176, 1369.036886, 2.598808, 375.496880, 1482.161732, -17.512479, 375.201438, 1537.646749, -13.753097, 389.431360, 1647.536930, -6.864284, 390.933221, 1737.199577, -3.438603, 384.170404, 1874.110781, -29.438903, 397.393766, 1980.514400, -1.623862, 425.737887, 2050.244768, -16.610157, 403.970380, 2183.228622, 2.901229, 421.226122, 2235.186408, -1.348447, 392.346110, 2365.119838, -17.641160, 424.445940, 2465.428067, -20.808985, 384.895020, 2565.440870, -16.952152, 400.643004, 2679.683399, -3.205144, 423.279667, 2743.887769, 0.204509, 397.802709, 2852.869282, -11.014262, 397.864935, 2975.074335, -15.829415, 425.741886, 3074.083911, 0.625393, 387.093304, 3151.325851, -1.475505, 419.495551, 3245.823659, -0.079025, 396.108803, 3362.980913, -20.288752, 407.968490, 3460.698531, 11.349403, 416.660577, 3570.404733, -8.539323, 377.669865, 3644.319321, -14.185409, 403.965915, 3740.870667, -4.087514, 382.132060, 3863.484456, 14.991756, 400.618671, 3934.620794, 4.736554, 414.290285, 4085.173965, -6.509107, 392.877163, 4145.538846, 11.026817, 420.902743, 4238.306023, -28.479074, 398.785178, 4359.225831, 0.711896, 407.997597, 4440.465929, -23.919116, 397.308415, 4581.937770, 12.695684, 418.270170, 4684.418917, -28.314542, 382.046191, 4761.656403, -21.233805, 407.459775, 4868.599478, 8.460694, 400.413048, 4942.489774, 9.291588, 383.111108, 5081.591284, 9.135966, 406.102970, 5147.740123, 20.884879, 395.091296, 5241.914498, -26.138636, 396.113288, 5365.510951, -0.702756, 426.326228, 5446.780196, 5.973312, 380.368879, 5568.899758, 2.581462, 422.565347, 5660.441609, 1.670839, 423.751898, 5767.299097, -22.002318, 380.479550, 5848.030521, 12.807232, 418.441352, 5973.254759, 21.507024, 405.694364, 6081.177015, 17.768752, 392.791794, 6160.551617, -19.820688, 391.638300, 6280.454162, -11.696123, 395.000613, 6349.839087, 20.024900, 423.798904, 6449.436972, -18.524535, 407.733691, 6554.616857, 16.585279, 388.276669, 6650.453836, -8.302660, 419.448509, 6747.477361, -26.333077, 375.407576, 6852.768219, -12.092508, 417.715994, 6944.481221, -24.167303, 417.184467, 7074.986858, -28.319848, 412.914684, 7141.050335, -1.558144, 422.595102, 7257.499737, -6.433554, 388.861332, 7377.311633, 9.615596, 386.846840, 7474.382195, -26.276963, 397.823374, 7555.387488, -5.450074, 392.370721, 7668.475338, 11.213823, 413.568556, 7761.195479, -26.638333, 416.736530, 7861.414344, -7.660163, 382.606391, 7952.402086, 3.031246, 387.940070, 8042.858154, -7.311417, 389.120856, 8180.584136, -0.051065, 417.063428, 8276.450885, -27.880858, 388.591357, 8338.583039, 15.640852, 376.168391, 8450.241284, 4.693572, 379.393174, 8572.875749, -25.248570, 403.443603, 8638.517551, 9.436845, 392.618989, 8776.897341, -14.697250, 395.481676, 8866.905544, 12.927229, 417.322672, 8974.322297, -20.000287, 398.315399, 9035.533234, -10.932049, 420.504993, 9149.464995, -15.677460, 398.415566, 9239.800096, -24.556112, 400.035664, 9353.202731, -19.763042, 393.638095, 9454.182506, -3.311870, 376.292600, 95