x coord, y coord, z coord, scalar
34.933354, 5.073732, 86.096658, 0
21.240609, 1.921213, 111.856023, 1
58.836241, 12.260503, 105.136853, 2
25.216363, 16.643392, 116.854952, 3
29.253242, 12.121794, 90.483272, 4
51.241039, 41.451485, 84.382956, 5
23.572095, 4.437095, 87.248521, 6
26.701568, -8.291196, 118.560568, 7
23.238422, 34.984516, 114.269540, 8
45.352096, 3.430851, 83.761974, 9
47.627800, 18.551479, 98.628360, 10
56.366068, 19.979333, 110.342182, 1139.324078, 7.463205, 80.855798, 12
67.102666, 12.866809, 107.291763, 1355.059692, 22.307280, 77.666566, 14
68.184557, 2.195960, 77.371100, 15
23.669576, 5.955317, 91.600866, 16
33.559757, 12.844128, 93.102387, 17
23.222395, 16.269796, 86.339881, 18
60.133605, -9.730471, 99.563370, 19
66.537219, 18.084569, 127.907501, 2036.267592, 3.098270, 106.139897, 2169.251440, 22.609660, 123.395736, 2221.209225, 18.359968, 94.515612, 23
51.142658, 2.067270, 126.615543, 2451.450905, -1.100546, 87.064563, 25
51.463695, 2.756282, 102.812527, 2665.706218, 16.503287, 125.449278, 2729.910585, 19.912931, 99.972135, 28
38.892108, 8.694166, 100.034324, 2961.097155, 3.879016, 127.911499, 3060.106728, 20.333841, 89.262828, 31
37.348670, 18.232924, 121.665128, 3231.846474, 19.629395, 98.278171, 33
49.003736, -0.580321, 110.138053, 3446.721348, 31.057833, 118.830160, 3556.427567, 11.169142, 79.839480, 36
30.342144, 5.523016, 106.135437, 3726.893485, 15.620866, 84.301433, 38
49.507269, 34.700189, 102.788215, 3920.643612, 24.444980, 116.459872, 4071.196786, 13.199330, 95.046763, 41
31.561664, 30.735245, 123.072338, 4224.328847, -8.770649, 100.954769, 4345.248649, 20.420327, 110.167114, 4426.488754, -4.210692, 99.477980, 45
67.960588, 32.404116, 120.439784, 4670.441741, -8.606108, 84.215834, 47
47.679227, -1.525374, 109.629337, 4854.622293, 28.169129, 102.582576, 4928.512569, 28.999998, 85.280603, 50
67.614101, 28.844399, 108.272568, 5133.762933, 40.593306, 97.260861, 52
27.937325, -6.430211, 98.282859, 53
51.533769, 19.005675, 128.495829, 5432.802958, 25.681703, 82.538227, 55
54.922577, 22.289893, 124.734944, 5646.464428, 21.379268, 125.921490, 5753.321934, -2.293878, 82.649157, 58
34.053338, 32.515660, 120.610941, 5959.277574, 41.215456, 107.863965, 6067.199830, 37.477187, 94.961406, 61
46.574451, -0.112254, 93.807778, 62
66.476984, 8.012314, 97.170194, 63
35.861904, 39.733329, 125.968513, 6435.459795, 1.183892, 109.903240, 6540.639658, 36.293710, 90.446182, 66
36.476655, 11.405769, 121.618087, 6733.500198, -6.624655, 77.577242, 68
38.791039, 7.615921, 119.885569, 6930.504043, -4.458875, 119.354064, 7061.009680, -8.611417, 115.084294, 7127.073154, 18.150284, 124.764696, 7243.522572, 13.274890, 91.030201, 73
63.334447, 29.324037, 89.016429, 74
60.405019, -6.568530, 99.992969, 75
41.410313, 14.258358, 94.539818, 76
54.498155, 30.922255, 115.738140, 7747.218300, -6.929903, 118.906129, 7847.437211, 12.048334, 84.775240, 79
38.424875, 22.739669, 90.108999, 80
28.880980, 12.396988, 91.290159, 81
66.606955, 19.657367, 119.233032, 8262.473711, -8.172423, 90.760972, 83
24.605843, 35.349271, 78.338049, 84
36.263992, 24.401956, 81.562280, 85
58.898572, -5.540138, 105.613194, 8624.540361, 29.145265, 94.788506, 87
62.920164, 5.011187, 97.651243, 88
52.928361, 32.635660, 119.492265, 8960.345122, -0.291852, 100.484973, 9021.556054, 8.776379, 122.674592, 9135.487822, 4.030966, 100.585029, 9225.822921, -4.847687, 102.205237, 9339.225563, -0.054614, 95.807562, 94
40.205312, 16.396561, 78.462446, 95
