x coord, y coord, z coord, scalar
63.853326, -25.084262, 670.784666, 0
50.160641, -28.236807, 696.543442, 1
87.756274, -17.897531, 689.824355, 2
54.136398, -13.514629, 701.542392, 3
58.173262, -18.036190, 675.171308, 4
80.161094, 11.293451, 669.070311, 5
52.492112, -25.720903, 671.936034, 6
55.621599, -38.449219, 703.247944, 7
52.158460, 4.826494, 698.956943, 8
74.272062, -26.727201, 668.449729, 9
76.547838, -11.606559, 683.316238, 1085.286104, -10.178698, 695.029663, 1168.243917, -22.694798, 665.543972, 1296.022700, -17.291223, 691.979178, 1383.979751, -7.850809, 662.353781, 1497.104583, -27.962081, 662.058363, 1552.589597, -24.202685, 676.288443, 1662.479778, -17.313870, 677.790650, 1752.142430, -13.888183, 671.027517, 1889.053632, -39.888502, 684.250751, 1995.457254, -12.073459, 712.594860, 2065.187619, -27.059753, 690.827452, 2198.171476, -7.548368, 708.083097, 2250.129262, -11.798035, 679.203197, 2380.062691, -28.090756, 711.302924, 2480.370912, -31.258588, 671.752065, 2580.383721, -27.401751, 687.500070, 2694.626253, -13.654741, 710.136644, 2758.830624, -10.245082, 684.659873, 2867.812132, -21.463857, 684.722137, 2990.017189, -26.279011, 712.598862, 3089.026768, -9.824213, 673.950370, 3166.268705, -11.925100, 706.352562, 3260.766515, -10.528616, 682.966026, 3377.923764, -30.738349, 694.825515, 3475.641386, 0.899807, 703.517583, 3585.347583, -18.988940, 664.526837, 3659.262173, -24.635003, 690.822982, 3755.813517, -14.537083, 668.989278, 3878.427314, 4.542159, 687.475716, 3949.563649, -5.713041, 701.147285, 40100.116819, -16.958707, 679.734151, 4160.481701, 0.577222, 707.759736, 4253.248874, -38.928668, 685.642174, 4374.168686, -9.737701, 694.854670, 4455.408778, -34.368710, 684.165439, 4596.880625, 2.246087, 705.127143, 4699.361769, -38.764141, 668.903136, 4776.599255, -31.683402, 694.316801, 4883.542335, -1.988905, 687.270108, 4957.432640, -1.157995, 669.968202, 5096.534139, -1.313632, 692.959960, 5162.682982, 10.435285, 681.948319, 5256.857348, -36.588230, 682.970305, 5380.453805, -11.152352, 713.183215, 5461.723077, -4.476258, 667.226123, 5583.842613, -7.868135, 709.422337, 5675.384464, -8.778757, 710.608893, 5782.241942, -32.451921, 667.336532, 5862.973376, 2.357636, 705.298350, 5988.197615, 11.057427, 692.551350, 6096.119871, 7.319153, 679.648770, 6175.494463, -30.270288, 678.495412, 6295.397015, -22.145723, 681.857620, 6364.781941, 9.575304, 710.655882, 6464.379824, -28.974130, 694.590730, 6569.559720, 6.135684, 675.133744, 6665.396689, -18.752255, 706.305518, 6762.420204, -36.782671, 662.264497, 6867.711072, -22.542104, 704.573007, 6959.424074, -34.616898, 704.041458, 7089.929711, -38.769445, 699.771661, 7155.993189, -12.007739, 709.452095, 7272.442584, -16.883159, 675.719061, 7392.254491, -0.834005, 673.703840, 7489.325046, -36.726562, 684.680367, 7570.330339, -15.899672, 679.228219, 7683.418193, 0.764227, 700.425560, 7776.138331, -37.087929, 703.593519, 7876.357178, -18.109799, 669.464141, 7967.344956, -7.418344, 674.797739, 8057.801002, -17.761000, 675.978145, 8195.526990, -10.500662, 703.920412, 8291.393736, -38.330457, 675.448330, 8353.525900, 5.191264, 663.025320, 8465.184195, -5.755989, 666.250664, 8587.818601, -35.698168, 690.300600, 8653.460409, -1.012745, 679.476061, 8791.840193, -25.146850, 682.338697, 8881.848399, 2.477633, 704.179667, 8989.265149, -30.449886, 685.172413, 9050.476088, -21.381643, 707.361982, 9164.407844, -26.127054, 685.272693, 9254.742947, -35.005706, 686.892679, 9368.145577, -30.212638, 680.495218, 9469.125368, -13.761465, 663.149338, 95