x coord, y coord, z coord, scalar
24.888807, 3.825692, 59.127860, 0
11.196058, 0.673171, 84.887248, 1
48.791689, 11.012461, 78.168075, 2
15.171812, 15.395350, 89.886177, 3
19.208694, 10.873752, 63.514472, 4
41.196487, 40.203442, 57.414184, 5
13.527546, 3.189053, 60.279742, 6
16.657017, -9.539238, 91.591794, 7
13.193871, 33.736473, 87.300766, 8
35.307546, 2.182813, 56.793186, 9
37.583248, 17.303437, 71.659567, 10
46.321517, 18.731291, 83.373404, 11
29.279534, 6.215173, 53.886993, 12
57.058115, 11.618767, 80.322989, 13
45.015136, 21.059239, 50.697799, 14
58.140005, 0.947919, 50.402331, 15
13.625027, 4.707275, 64.632085, 16
23.515208, 11.596086, 66.133578, 17
13.177846, 15.021753, 59.371097, 18
50.089054, -10.978512, 72.594597, 19
56.492667, 16.836527, 100.938729, 2026.223041, 1.850228, 79.171117, 21
59.206889, 21.361618, 96.426963, 22
11.164675, 17.111925, 67.546830, 23
41.098107, 0.819228, 99.646770, 24
41.406353, -2.348586, 60.095785, 25
41.419144, 1.508240, 75.843747, 26
55.661667, 15.255245, 98.480505, 27
19.866034, 18.664888, 73.003348, 28
28.847558, 7.446124, 73.065533, 29
51.052604, 2.630974, 100.942726, 3050.062175, 19.085800, 62.294048, 31
27.304119, 16.984882, 94.696352, 32
21.801924, 18.381352, 71.309379, 33
38.959184, -1.828363, 83.169276, 34
36.676796, 29.809791, 91.861385, 35
46.383013, 9.921103, 52.870708, 36
20.297593, 4.274974, 79.166657, 37
16.848939, 14.372822, 57.332641, 38
39.462717, 33.452147, 75.819437, 39
10.599061, 23.196938, 89.491097, 40
61.152234, 11.951289, 68.077990, 41
21.517112, 29.487203, 96.103564, 42
14.284297, -10.018690, 73.985995, 43
35.204098, 19.172284, 83.198334, 44
16.444204, -5.458734, 72.509203, 45
57.916037, 31.156074, 93.471011, 46
60.397189, -9.854149, 57.247064, 47
37.634676, -2.773416, 82.660561, 48
44.577741, 26.921087, 75.613797, 49
18.468019, 27.751953, 58.311821, 50
57.569550, 27.596357, 81.303794, 51
23.718381, 39.345263, 70.292084, 52
17.892774, -7.678253, 71.314083, 53
41.489218, 17.757633, 101.527056, 5422.758408, 24.433654, 55.569434, 55
44.878026, 21.041850, 97.766170, 56
36.419877, 20.131226, 98.952716, 57
43.277382, -3.541918, 55.680384, 58
24.008787, 31.267618, 93.642167, 59
49.233023, 39.967414, 80.895191, 60
57.155278, 36.229145, 67.992633, 61
36.529900, -1.360295, 66.838994, 62
56.432432, 6.764273, 70.201419, 63
25.817352, 38.485286, 98.999740, 64
25.415244, -0.064149, 82.934462, 65
30.595105, 35.045666, 63.477402, 66
26.432104, 10.157727, 94.649312, 67
23.455648, -7.872696, 50.608474, 68
28.746488, 6.367879, 92.916794, 69
20.459492, -5.706917, 92.385291, 70
50.965128, -9.859459, 88.115521, 71
17.028603, 16.902242, 97.795922, 72
33.478021, 12.026850, 64.061368, 73
53.289894, 28.075995, 62.047654, 74
50.360468, -7.816571, 73.024195, 75
31.365762, 13.010316, 67.571004, 76
44.453603, 29.674213, 88.769365, 77
37.173749, -8.177945, 91.937356, 78
37.392656, 10.800299, 57.806406, 79
28.380323, 21.491624, 63.140171, 80
18.836431, 11.148945, 64.321361, 81
56.562403, 18.409325, 92.264258, 82
52.429160, -9.420465, 63.792200, 83
14.561292, 34.101227, 51.369280, 84
26.219439, 23.153902, 54.593467, 85
48.854021, -6.788179, 78.644420, 86
14.495810, 27.897221, 67.819726, 87
52.875613, 3.763146, 70.682467, 88
42.883810, 31.387618, 92.523491, 89
50.300570, -1.539894, 73.516197, 90
11.511503, 7.528337, 95.705818, 91
25.443271, 2.782924, 73.616244, 92
15.778370, -6.095729, 75.236461, 93
29.181013, -1.302655, 68.838778, 94
30.160760, 15.148518, 51.493692, 95
