x coord, y coord, z coord, scalar
49.134122, -8.805723, 240.151626, 0
35.441402, -11.958250, 265.910843, 1
73.037035, -1.618965, 259.191695, 2
39.417157, 2.763930, 270.909778, 3
43.454029, -1.757654, 244.538247, 4
65.441842, 27.572018, 238.437761, 5
37.772881, -9.442359, 241.303365, 6
40.902360, -22.170659, 272.615378, 7
37.439217, 21.105053, 268.324356, 8
59.552864, -10.448626, 237.816879, 9
61.828596, 4.672010, 252.683295, 1070.566863, 6.099866, 264.397018, 1153.524795, -6.416258, 234.910807, 1281.303460, -1.012658, 261.346583, 1369.260498, 8.427792, 231.721336, 1482.385348, -11.683511, 231.425881, 1537.870364, -7.924138, 245.655727, 1647.760545, -1.035326, 247.157419, 1737.423187, 2.390350, 240.394756, 1874.334397, -23.609937, 253.618181, 1980.738013, 4.205104, 281.962307, 2050.468383, -10.781193, 260.194752, 2183.452235, 8.730195, 277.450542, 2235.410019, 4.480513, 248.570474, 2365.343451, -11.812194, 280.670354, 2465.651689, -14.980018, 241.119404, 2565.664486, -11.123186, 256.867378, 2679.907012, 2.623822, 279.504085, 2744.111380, 6.033472, 254.027036, 2853.092898, -5.185298, 254.089243, 2975.297949, -10.000449, 281.966305, 3074.307525, 6.454366, 243.317679, 3151.549464, 4.353461, 275.719952, 3246.047270, 5.749937, 252.333101, 3363.204527, -14.459787, 264.192884, 3460.922143, 17.178369, 272.884982, 3570.628356, -2.710345, 233.894285, 3644.542936, -8.356446, 260.190289, 3741.094275, 1.741432, 238.356360, 3863.708067, 20.820724, 256.843056, 3934.844407, 10.565518, 270.514691, 4085.397580, -0.680138, 249.101576, 4145.762458, 16.855782, 277.127153, 4238.529638, -22.650111, 255.009586, 4359.449444, 6.540862, 264.221969, 4440.689544, -18.090153, 253.532811, 4582.161383, 18.524650, 274.494589, 4684.642533, -22.485575, 238.270625, 4761.880018, -15.404839, 263.684169, 4868.823090, 14.289662, 256.637425, 4942.713376, 15.120548, 239.335469, 5081.814897, 14.964933, 262.327382, 5147.963732, 26.713844, 251.315691, 5242.138114, -20.309673, 252.337686, 5365.734564, 5.126210, 282.550642, 5447.003782, 11.802267, 236.593167, 5569.123372, 8.410428, 278.789758, 5660.665222, 7.499804, 279.976307, 5767.522718, -16.173350, 236.703966, 5848.254133, 18.636197, 274.665759, 5973.478371, 27.335991, 261.918777, 6081.400627, 23.597720, 249.016213, 6160.775237, -13.991723, 247.862652, 6280.677777, -5.867155, 251.225016, 6350.062699, 25.853865, 280.023321, 6449.660586, -12.695571, 263.958078, 6554.840463, 22.414247, 244.501039, 6650.677449, -2.473695, 275.672911, 6747.700980, -20.504117, 231.632022, 6852.991832, -6.263543, 273.940395, 6944.704835, -18.338338, 273.408879, 7075.210472, -22.490882, 269.139101, 7141.273948, 4.270821, 278.819512, 7257.723358, -0.604584, 245.085382, 7377.535245, 15.444567, 243.071247, 7474.605810, -20.447997, 254.047784, 7555.611104, 0.378892, 248.594884, 7668.698950, 17.042790, 269.792961, 7761.419093, -20.809367, 272.960943, 7861.637983, -1.831175, 238.830432, 7952.625686, 8.860212, 244.164150, 8043.081767, -1.482462, 245.345121, 8180.807749, 5.777901, 273.287843, 8276.674502, -22.051891, 244.815777, 8338.806645, 21.469815, 232.392832, 8450.464848, 10.522530, 235.617342, 8573.099364, -19.419604, 259.668011, 8638.741160, 15.265807, 248.843361, 8777.120956, -8.868282, 251.706073, 8867.129156, 18.756195, 273.547082, 8974.545913, -14.171320, 254.539799, 9035.756848, -5.103084, 276.729405, 9149.688611, -9.848497, 254.639911, 9240.023711, -18.727149, 256.260063, 9353.426349, -13.934078, 249.862442, 9454.406114, 2.517097, 232.517134, 95