x coord, y coord, z coord, scalar
56.789363, -26.193903, 615.122426, 0
43.096675, -29.346450, 640.881260, 1
80.692308, -19.007173, 634.162165, 2
47.072433, -14.624271, 645.880207, 3
51.109298, -19.145832, 619.509065, 4
73.097128, 10.183808, 613.408135, 5
45.428147, -26.830545, 616.273842, 6
48.557633, -39.558861, 647.585766, 7
45.094495, 3.716852, 643.294762, 8
67.208096, -27.836840, 612.787514, 9
69.483872, -12.716201, 627.654010, 1078.222138, -11.288341, 639.367474, 1161.179956, -23.804432, 609.881715, 1288.958734, -18.400865, 636.316996, 1376.915782, -8.960451, 606.691619, 1490.040617, -29.071723, 606.396196, 1545.525633, -25.312327, 620.626245, 1655.415814, -18.423513, 622.128384, 1745.078466, -14.997826, 615.365313, 1881.989667, -40.998143, 628.588572, 1988.393288, -13.183101, 656.932683, 2058.123654, -28.169394, 635.165256, 2191.107510, -8.658010, 652.420920, 2243.065297, -12.907678, 623.540999, 2372.998725, -29.200398, 655.640745, 2473.306946, -32.368229, 616.089874, 2573.319755, -28.511392, 631.837875, 2687.562287, -14.764383, 654.474467, 2751.766659, -11.354724, 628.997659, 2860.748167, -22.573499, 629.059915, 2982.953223, -27.388654, 656.936685, 3081.962801, -10.933854, 618.288175, 3159.204739, -13.034742, 650.690378, 3253.702549, -11.638258, 627.303800, 3370.859799, -31.847991, 639.163329, 3468.577420, -0.209835, 647.855400, 3578.283615, -20.098580, 608.864661, 3652.198207, -25.744645, 635.160787, 3748.749554, -15.646726, 613.327054, 3871.363347, 3.432517, 631.813526, 3942.499683, -6.822683, 645.485103, 4093.052853, -18.068349, 624.071971, 4153.417735, -0.532421, 652.097556, 4246.184908, -40.038310, 629.979993, 4367.104720, -10.847343, 639.192474, 4448.344813, -35.478351, 628.503253, 4589.816659, 1.136445, 649.464967, 4692.297803, -39.873783, 613.240965, 4769.535289, -32.793044, 638.654614, 4876.478369, -3.098547, 631.607914, 4950.368675, -2.267639, 614.306002, 5089.470173, -2.423274, 637.297780, 5155.619016, 9.325642, 626.286133, 5249.793383, -37.697872, 627.308120, 5373.389839, -12.261994, 657.521036, 5454.659112, -5.585905, 611.563893, 5576.778647, -8.977777, 653.760158, 5668.320498, -9.888400, 654.946712, 5775.177976, -33.561562, 611.674354, 5855.909410, 1.247994, 649.636168, 5981.133648, 9.947785, 636.889171, 6089.055905, 6.209511, 623.986593, 6168.430497, -31.379929, 622.833208, 6288.333049, -23.255365, 626.195437, 6357.717976, 8.465662, 654.993705, 6457.315858, -30.083772, 638.928541, 6562.495754, 5.026041, 619.471548, 6658.332723, -19.861897, 650.643335, 6755.356239, -37.892312, 606.602330, 6860.647106, -23.651746, 648.910823, 6952.360108, -35.726540, 648.379278, 7082.865745, -39.879087, 644.109484, 7148.929223, -13.117381, 653.789915, 7265.378618, -17.992800, 620.056737, 7385.190524, -1.943647, 618.041658, 7482.261080, -37.836203, 629.018187, 7563.266373, -17.009314, 623.565940, 7676.354227, -0.345416, 644.763377, 7769.074365, -38.197571, 647.931340, 7869.293210, -19.219437, 613.801812, 7960.280990, -8.527988, 619.135426, 8050.737038, -18.870643, 620.315907, 8188.463024, -11.610304, 648.258234, 8284.329770, -39.440099, 619.786153, 8346.461935, 4.081620, 607.363152, 8458.120229, -6.865640, 610.588386, 8580.754635, -36.807810, 634.638419, 8646.396444, -2.122388, 623.813865, 8784.776227, -26.256492, 626.676511, 8874.784433, 1.367991, 648.517486, 8982.201183, -31.559528, 629.510228, 9043.412122, -22.491285, 651.699803, 9157.343879, -27.236696, 629.610486, 9247.678981, -36.115348, 631.230494, 9361.081612, -31.322279, 624.833012, 9462.061402, -14.871108, 607.487207, 95