x coord, y coord, z coord, scalar
27.159552, 5.668458, 67.509668, 0
13.466804, 2.515937, 93.269049, 1
51.062435, 12.855227, 86.549878, 2
17.442558, 17.238116, 98.267978, 3
21.479439, 12.716518, 71.896281, 4
43.467233, 42.046208, 65.795984, 5
15.798292, 5.031819, 68.661545, 6
18.927762, -7.696472, 99.973595, 7
15.464616, 35.579239, 95.682567, 8
37.578291, 4.025579, 65.174991, 9
39.853993, 19.146204, 80.041374, 10
48.592262, 20.574057, 91.755206, 11
31.550280, 8.057938, 62.268803, 12
59.328860, 13.461533, 88.704790, 13
47.285882, 22.902005, 59.079598, 14
60.410750, 2.790685, 58.784131, 15
15.895772, 6.550041, 73.013888, 16
25.785953, 13.438852, 74.515390, 17
15.448591, 16.864519, 67.752901, 18
52.359800, -9.135746, 80.976397, 19
58.763413, 18.679293, 109.320529, 2028.493787, 3.692994, 87.552920, 21
61.477634, 23.204384, 104.808764, 2213.435420, 18.954691, 75.928634, 23
43.368852, 2.661994, 108.028571, 2443.677099, -0.505820, 68.477587, 25
43.689889, 3.351006, 84.225550, 26
57.932412, 17.098011, 106.862306, 2722.136779, 20.507654, 81.385153, 28
31.118303, 9.288890, 81.447339, 29
53.323349, 4.473740, 109.324527, 3052.332921, 20.928566, 70.675851, 31
29.574864, 18.827648, 103.078154, 3224.072669, 20.224118, 79.691185, 33
41.229930, 0.014403, 91.551078, 34
38.947542, 31.652557, 100.243187, 3548.653759, 11.763869, 61.252508, 36
22.568339, 6.117740, 87.548459, 37
19.119684, 16.215588, 65.714448, 38
41.733462, 35.294913, 84.201239, 39
12.869807, 25.039704, 97.872899, 40
63.422979, 13.794055, 76.459790, 41
23.787858, 31.329969, 104.485365, 4216.555042, -8.175924, 82.367796, 43
37.474843, 21.015051, 91.580137, 44
18.714949, -3.615968, 80.891005, 45
60.186782, 32.998840, 101.852812, 4662.667935, -8.011383, 65.628864, 47
39.905421, -0.930650, 91.042363, 48
46.848486, 28.763853, 83.995600, 49
20.738764, 29.594719, 66.693625, 50
59.840295, 29.439123, 89.685595, 51
25.989127, 41.188029, 78.673886, 52
20.163519, -5.835487, 79.695884, 53
43.759964, 19.600399, 109.908857, 5425.029153, 26.276420, 63.951241, 55
47.148771, 22.884617, 106.147971, 5638.690622, 21.973992, 107.334517, 5745.548128, -1.699152, 64.062184, 58
26.279532, 33.110384, 102.023968, 5951.503768, 41.810180, 89.276992, 60
59.426024, 38.071911, 76.374434, 61
38.800646, 0.482471, 75.220798, 62
58.703178, 8.607039, 78.583220, 63
28.088098, 40.328053, 107.381541, 6427.685989, 1.778617, 91.316264, 65
32.865851, 36.888433, 71.859205, 66
28.702850, 12.000493, 103.031114, 6725.726394, -6.029930, 58.990273, 68
31.017233, 8.210645, 101.298595, 6922.730237, -3.864150, 100.767092, 7053.235874, -8.016693, 96.497321, 71
19.299348, 18.745008, 106.177723, 7235.748766, 13.869616, 72.443187, 73
55.560640, 29.918761, 70.429455, 74
52.631213, -5.973805, 81.405996, 75
33.636507, 14.853082, 75.952817, 76
46.724349, 31.516979, 97.151166, 77
39.444494, -6.335179, 100.319157, 7839.663402, 12.643065, 66.188225, 79
30.651068, 23.334390, 71.521988, 80
21.107176, 12.991711, 72.703169, 81
58.833149, 20.252091, 100.646059, 8254.699905, -7.577699, 72.174000, 83
16.832037, 35.943993, 59.751079, 84
28.490184, 24.996669, 62.975280, 85
51.124766, -4.945413, 87.026221, 86
16.766556, 29.739988, 76.201529, 87
55.146358, 5.605912, 79.064269, 88
45.154555, 33.230384, 100.905292, 8952.571316, 0.302872, 81.897998, 90
13.782248, 9.371103, 104.087619, 9127.714017, 4.625690, 81.998049, 92
18.049115, -4.252963, 83.618263, 93
31.451758, 0.540111, 77.220582, 94
32.431505, 16.991284, 59.875487, 95
