x coord, y coord, z coord, scalar
70.530050, -30.750588, 728.878071, 0
56.837372, -33.903132, 754.636786, 1
94.433006, -23.563857, 747.917708, 2
60.813130, -19.180953, 759.635738, 3
64.849990, -23.702512, 733.264716, 4
86.837828, 5.627127, 727.163648, 5
59.168840, -31.387226, 730.029388, 6
62.298330, -44.115543, 761.341284, 7
58.835192, -0.839830, 757.050285, 8
80.948789, -32.393531, 726.543108, 9
83.224571, -17.272884, 741.409629, 1091.962837, -15.845023, 753.123013, 1174.920631, -28.361132, 723.637394, 12102.699432, -22.957549, 750.072521, 1390.656488, -13.517138, 720.447104, 14103.781315, -33.628407, 720.151691, 1559.266327, -29.869008, 734.381803, 1669.156507, -22.980194, 735.884081, 1758.819159, -19.554504, 729.120883, 1895.730364, -45.554827, 742.344090, 19102.133985, -17.739784, 770.688197, 2071.864350, -32.726077, 748.920810, 21104.848208, -13.214693, 766.176434, 2256.805993, -17.464358, 737.296558, 2386.739422, -33.757081, 769.396264, 2487.047642, -36.924915, 729.845417, 2587.060452, -33.068076, 745.593427, 26101.302985, -19.321065, 768.229983, 2765.507355, -15.911405, 742.753249, 2874.488863, -27.130182, 742.815521, 2996.693920, -31.945336, 770.692200, 3095.703502, -15.490539, 732.043726, 3172.945437, -17.591424, 764.445907, 3267.443246, -16.194939, 741.059415, 3384.600496, -36.404674, 752.918864, 3482.318118, -4.766517, 761.610927, 3592.024316, -24.655271, 722.620175, 3665.938904, -30.301327, 748.916339, 3762.490244, -20.203401, 727.082666, 3885.104046, -1.124165, 745.569068, 3956.240380, -11.379365, 759.240628, 40106.793551, -22.625033, 737.827491, 4167.158432, -5.089103, 765.853078, 4259.925604, -44.594993, 743.735516, 4380.845418, -15.404026, 752.948028, 4462.085509, -40.035034, 742.258787, 45103.557357, -3.420237, 763.220481, 46106.038500, -44.430467, 726.996467, 4783.275986, -37.349727, 752.410149, 4890.219068, -7.655230, 745.363463, 4964.109372, -6.824315, 728.061565, 50103.210871, -6.979957, 751.053301, 5169.359714, 4.768961, 740.041667, 5263.534078, -42.254554, 741.063651, 5387.130536, -16.818676, 771.276555, 5468.399812, -10.142572, 725.319516, 5590.519345, -13.534459, 767.515679, 5682.061195, -14.445082, 768.702235, 5788.918672, -38.118249, 725.429871, 5869.650108, -3.308688, 763.391692, 5994.874347, 5.391103, 750.644691, 60102.796604, 1.652829, 737.742108, 6182.171193, -35.936614, 736.588778, 62102.073747, -27.812049, 739.950965, 6371.458673, 3.908980, 768.749221, 6471.056555, -34.640455, 752.684082, 6576.236454, 0.469361, 733.227103, 6672.073421, -24.418580, 764.398863, 6769.096932, -42.448996, 720.357823, 6874.387803, -28.208429, 762.666353, 6966.100805, -40.283222, 762.134799, 7096.606442, -44.435770, 757.865000, 7162.669920, -17.674063, 767.545437, 7279.119315, -22.549487, 733.812554, 7398.931225, -6.500331, 731.797183, 7496.001777, -42.392887, 742.773708, 7577.007070, -21.565997, 737.321664, 7690.094925, -4.902098, 758.518904, 7782.815062, -42.754254, 761.686860, 7883.033911, -23.776137, 727.557638, 7974.021691, -13.084664, 732.891219, 8064.477731, -23.427322, 734.071548, 81102.203722, -16.166987, 762.013752, 8298.070467, -43.996783, 733.541667, 8360.202633, -0.475058, 721.118649, 8471.860936, -11.422297, 724.344107, 8594.495332, -41.364493, 748.393942, 8660.137141, -6.679067, 737.569419, 8798.516924, -30.813176, 740.432044, 8888.525131, -3.188692, 762.273009, 8995.941880, -36.116212, 743.265759, 9057.152819, -27.047968, 765.455323, 9171.084574, -31.793379, 743.366062, 9261.419677, -40.672030, 744.986025, 9374.822307, -35.878963, 738.588586, 9475.802101, -19.427789, 721.242627, 95