x coord, y coord, z coord, scalar
30.826099, 6.276454, 76.499268, 0
17.133351, 3.123934, 102.258641, 1
54.728983, 13.463224, 95.539470, 2
21.109105, 17.846113, 107.257570, 3
25.145986, 13.324515, 80.885881, 4
47.133781, 42.654206, 74.785575, 5
19.464839, 5.639816, 77.651138, 6
22.594310, -7.088475, 108.963186, 7
19.131164, 36.187236, 104.672158, 8
41.244839, 4.633574, 74.164587, 9
43.520541, 19.754201, 89.030971, 10
52.258810, 21.182054, 100.744799, 1135.216825, 8.665931, 71.258405, 12
62.995408, 14.069530, 97.694381, 13
50.952431, 23.510002, 68.069187, 14
64.077298, 3.398681, 67.773720, 15
19.562319, 7.158038, 82.003482, 16
29.452500, 14.046849, 83.504993, 17
19.115138, 17.472516, 76.742496, 18
56.026347, -8.527749, 89.965989, 19
62.429960, 19.287290, 118.310120, 2032.160334, 4.300991, 96.542513, 21
65.144182, 23.812381, 113.798355, 2217.101968, 19.562689, 84.918227, 23
47.035400, 3.269991, 117.018162, 2447.343647, 0.102176, 77.467180, 25
47.356437, 3.959003, 93.215143, 26
61.598960, 17.706008, 115.851897, 2725.803327, 21.115651, 90.374749, 28
34.784851, 9.896887, 90.436936, 29
56.989897, 5.081737, 118.314118, 3055.999469, 21.536563, 79.665444, 31
33.241412, 19.435645, 112.067746, 3227.739216, 20.832115, 88.680783, 33
44.896478, 0.622400, 100.540670, 3442.614089, 32.260554, 109.232778, 3552.320308, 12.371865, 70.242099, 36
26.234886, 6.725737, 96.538053, 37
22.786230, 16.823585, 74.704045, 38
45.400010, 35.902910, 93.190832, 39
16.536354, 25.647701, 106.862490, 4067.089527, 14.402052, 85.449382, 41
27.454405, 31.937966, 113.474956, 4220.221590, -7.567927, 91.357388, 43
41.141391, 21.623048, 100.569730, 4422.381496, -3.007971, 89.880597, 45
63.853330, 33.606837, 110.842402, 4666.334483, -7.403386, 74.618454, 47
43.571969, -0.322653, 100.031955, 4850.515034, 29.371850, 92.985193, 49
24.405311, 30.202717, 75.683219, 50
63.506843, 30.047120, 98.675186, 51
29.655674, 41.796027, 87.663478, 52
23.830067, -5.227490, 88.685476, 53
47.426511, 20.208396, 118.898448, 5428.695700, 26.884419, 72.940839, 55
50.815319, 23.492614, 115.137563, 5642.357170, 22.581989, 116.324109, 5749.214676, -1.091156, 73.051775, 58
29.946080, 33.718381, 111.013560, 5955.170316, 42.418177, 98.266583, 60
63.092571, 38.679908, 85.364024, 61
42.467193, 1.090468, 84.210393, 62
62.369726, 9.215036, 87.572812, 63
31.754646, 40.936050, 116.371132, 6431.352537, 2.386614, 100.305857, 6536.532399, 37.496430, 80.848798, 66
32.369397, 12.608490, 112.020705, 6729.392941, -5.421933, 67.979863, 68
34.683781, 8.818642, 110.288187, 6926.396785, -3.256154, 109.756683, 7056.902422, -7.408696, 105.486912, 7122.965896, 19.353005, 115.167315, 7239.415314, 14.477613, 81.432798, 73
59.227188, 30.526759, 79.419047, 74
56.297761, -5.365809, 90.395587, 75
37.303055, 15.461079, 84.942422, 76
50.390897, 32.124976, 106.140758, 7743.111042, -5.727182, 109.308748, 7843.329951, 13.251059, 75.177837, 79
34.317616, 23.942388, 80.511598, 80
24.773723, 13.599708, 81.692768, 81
62.499697, 20.860088, 109.635650, 8258.366453, -6.969702, 81.163591, 83
20.498585, 36.551990, 68.740669, 84
32.156732, 25.604670, 71.964884, 85
54.791314, -4.337416, 96.015812, 86
20.433103, 30.347985, 85.191122, 87
58.812906, 6.213909, 88.053861, 88
48.821103, 33.838381, 109.894884, 8956.237863, 0.910869, 90.887590, 90
17.448796, 9.979100, 113.077211, 9131.380564, 5.233687, 90.987644, 92
21.715663, -3.644966, 92.607855, 93
35.118306, 1.148107, 86.210177, 94
36.098053, 17.599281, 68.865071, 95
