x coord, y coord, z coord, scalar
36.538579, -5.198269, 184.756258, 0
22.845851, -8.350799, 210.515529, 1
60.441482, 1.988487, 203.796373, 2
26.821606, 6.371380, 215.514462, 3
30.858482, 1.849794, 189.142876, 4
52.846288, 31.179468, 183.042453, 5
25.177334, -5.834909, 185.908042, 6
28.306809, -18.563208, 217.220067, 7
24.843666, 24.712503, 212.929044, 8
46.957316, -6.841167, 182.421534, 9
49.233043, 8.279462, 197.287939, 1057.971311, 9.707318, 209.001698, 1140.929262, -2.808792, 179.515424, 1268.707908, 2.594794, 205.951269, 1356.664938, 12.035246, 176.326040, 1469.789796, -8.076058, 176.030582, 1525.274816, -4.316688, 190.260398, 1635.164997, 2.572124, 191.762026, 1724.827639, 5.997797, 184.999422, 1861.738845, -20.002485, 198.222870, 1968.142461, 7.812555, 226.566998, 2037.872832, -7.173742, 204.799425, 2170.856683, 12.337646, 222.055233, 2222.814469, 8.087961, 193.175145, 2352.747900, -8.204743, 225.275044, 2453.056138, -11.372563, 185.724083, 2553.068934, -7.515733, 201.472053, 2667.311461, 6.231273, 224.108776, 2731.515829, 9.640921, 198.631692, 2840.497348, -1.577846, 198.693893, 2962.702397, -6.392998, 226.570996, 3061.711971, 10.061819, 187.922354, 3138.953912, 7.960911, 220.324637, 3233.451719, 9.357386, 196.937746, 3350.608976, -10.852335, 208.797566, 3448.326591, 20.785820, 217.489667, 3558.032801, 0.897112, 178.498977, 3631.947385, -4.748995, 204.794963, 3728.498731, 5.348876, 182.961007, 3851.112514, 24.428174, 201.447734, 3922.248855, 14.172968, 215.119378, 4072.802027, 2.927314, 193.706265, 4133.166907, 20.463232, 221.731841, 4225.934087, -19.042660, 199.614274, 4346.853892, 10.148312, 208.826642, 4428.093994, -14.482702, 198.137493, 4569.565831, 22.132101, 219.099281, 4672.046981, -18.878123, 182.875322, 4749.284467, -11.797388, 208.288851, 4856.227537, 17.897113, 201.242101, 4930.117824, 18.727992, 183.940138, 5069.219344, 18.572384, 206.932070, 5135.368180, 30.321293, 195.920373, 5229.542564, -16.702222, 196.942369, 5353.139012, 8.733661, 227.155331, 5434.408230, 15.409705, 181.197809, 5556.527820, 12.017879, 223.394447, 5648.069671, 11.107255, 224.580994, 5754.927167, -12.565896, 181.308656, 5835.658582, 22.243647, 219.270446, 5960.882818, 30.943442, 206.523466, 6068.805074, 27.205171, 193.620904, 6148.179686, -10.384269, 192.467318, 6268.082225, -2.259702, 195.829702, 6337.467147, 29.461316, 224.628012, 6437.065036, -9.088120, 208.562758, 6542.244909, 26.021695, 189.105711, 6638.081898, 1.133756, 220.277596, 6735.105432, -16.896664, 176.236723, 6840.396281, -2.656092, 218.545079, 6932.109284, -14.730887, 218.013567, 7062.614921, -18.883431, 213.743792, 7128.678396, 7.878272, 223.424200, 7245.127807, 3.002871, 189.689935, 7364.939691, 19.052018, 187.675934, 7462.010259, -16.840545, 198.652472, 7543.015553, 3.986344, 193.199479, 7656.103398, 20.650240, 214.397646, 7748.823541, -17.201916, 217.565631, 7849.042427, 1.776291, 183.434981, 7940.030132, 12.467657, 188.768714, 8030.486220, 2.124987, 189.949755, 8168.212197, 9.385353, 217.892532, 8264.078950, -18.444439, 189.420469, 8326.211093, 25.077262, 176.997532, 8437.869289, 14.129959, 180.221939, 8560.503812, -15.812152, 204.272698, 8626.145608, 18.873256, 193.448034, 8764.525404, -5.260830, 196.310755, 8854.533604, 22.363646, 218.151769, 8961.950361, -10.563868, 199.144482, 9023.161296, -1.495633, 221.334094, 9137.093061, -6.241045, 199.244574, 9227.428161, -15.119698, 200.864747, 9340.830800, -10.326626, 194.467106, 9441.810561, 6.124546, 177.121869, 95