x coord, y coord, z coord, scalar
48.807273, -19.329381, 293.559333, 0
35.114563, -22.481913, 319.318497, 1
72.710196, -12.142631, 312.599356, 2
39.090320, -7.759734, 324.317433, 3
43.127188, -12.281311, 297.945956, 4
65.115007, 17.048352, 291.845408, 5
37.446040, -19.966018, 294.711027, 6
40.575522, -32.694323, 326.023027, 7
37.112380, 10.581389, 321.732008, 8
59.226014, -20.972295, 291.224563, 9
61.501759, -5.851656, 306.090990, 1070.240026, -4.423799, 317.804677, 1153.197921, -16.939918, 288.318529, 1280.976622, -11.536324, 314.754236, 1368.933664, -2.095884, 285.128970, 1482.058509, -22.207178, 284.833521, 1537.543524, -18.447799, 299.063394, 1647.433705, -11.558986, 300.565148, 1737.096349, -8.133306, 293.802429, 1874.007557, -34.133603, 307.025831, 1980.411175, -6.318561, 335.369954, 2050.141544, -21.304857, 313.602417, 2183.125397, -1.793470, 330.858190, 2235.083182, -6.043148, 301.978143, 2365.016613, -22.335859, 334.078004, 2465.324846, -25.503685, 294.527065, 2565.337646, -21.646851, 310.275043, 2679.580175, -7.899843, 332.911734, 2743.784543, -4.490190, 307.434718, 2852.766058, -15.708962, 307.496932, 2974.971111, -20.524114, 335.373954, 3073.980688, -4.069304, 296.725344, 3151.222626, -6.170204, 329.127607, 3245.720433, -4.773725, 305.740794, 3362.877688, -24.983452, 317.600542, 3460.595306, 6.654704, 326.292635, 3570.301514, -13.234020, 287.301933, 3644.216097, -18.880109, 313.597954, 3740.767437, -8.782219, 291.764052, 3863.381231, 10.297058, 310.250717, 3934.517569, 0.041854, 323.922344, 4085.070741, -11.203805, 302.509226, 4145.435621, 6.332118, 330.534805, 4238.202798, -33.173774, 308.417238, 4359.122607, -3.982803, 317.629635, 4440.362704, -28.613817, 306.940468, 4581.834546, 8.000985, 327.902237, 4684.315693, -33.009241, 291.678268, 4761.553179, -25.928504, 317.091827, 4868.496254, 3.765996, 310.045089, 4942.386545, 4.596889, 292.743139, 5081.488059, 4.441267, 315.735032, 5147.636897, 16.190180, 304.723348, 5241.811274, -30.833336, 305.745342, 5365.407726, -5.397455, 335.958292, 5446.676960, 1.278614, 290.000864, 5568.796534, -2.113237, 332.197409, 5660.338385, -3.023861, 333.383959, 5767.195875, -26.697018, 290.111616, 5847.927296, 8.112533, 328.073412, 5973.151534, 16.812326, 315.326427, 6081.073790, 13.074054, 302.423861, 6160.448395, -24.515388, 301.270325, 6280.350939, -16.390821, 304.632670, 6349.735862, 15.330201, 333.430970, 6449.333748, -23.219235, 317.365738, 6554.513630, 11.890582, 297.908705, 6650.350611, -12.997359, 329.080565, 6747.374137, -31.027779, 285.039660, 6852.664994, -16.787208, 327.348050, 6944.377997, -28.862002, 326.816530, 7074.883634, -33.014547, 322.546750, 7140.947110, -6.252843, 332.227163, 7257.396516, -11.128253, 298.493166, 7377.208409, 4.920899, 296.478900, 7474.278971, -30.971663, 307.455436, 7555.284265, -10.144774, 302.002626, 7668.372113, 6.519125, 323.200614, 7761.092254, -31.333032, 326.368593, 7861.311132, -12.354859, 292.238219, 7952.298857, -1.663451, 297.571923, 8042.754928, -12.006120, 298.752826, 8180.480911, -4.745764, 326.695493, 8276.347662, -32.575557, 298.223425, 8338.479811, 10.946153, 285.800472, 8450.138041, -0.001121, 289.025083, 8572.772525, -29.943269, 313.075663, 8638.414324, 4.742146, 302.251027, 8776.794117, -19.391949, 305.113729, 8866.802319, 8.232531, 326.954734, 8974.219074, -24.694986, 307.947454, 9035.430010, -15.626748, 330.137056, 9149.361771, -20.372160, 308.047586, 9239.696872, -29.250812, 309.667719, 9353.099507, -24.457743, 303.270117, 9454.079280, -8.006567, 285.924740, 95