x coord, y coord, z coord, scalar
50.467359, -16.710629, 275.148973, 0
36.774646, -19.863158, 300.908155, 1
74.370279, -9.523875, 294.189012, 2
40.750402, -5.140979, 305.907091, 3
44.787271, -9.662559, 279.535595, 4
66.775089, 19.667108, 273.435069, 5
39.106123, -17.347265, 276.300683, 6
42.235605, -30.075568, 307.612687, 7
38.772462, 13.200144, 303.321667, 8
60.886101, -18.353540, 272.814211, 9
63.161841, -3.232900, 287.680635, 1071.900108, -1.805044, 299.394333, 1154.858015, -14.321168, 269.908164, 1282.636705, -8.917568, 296.343894, 1370.593747, 0.522875, 266.718635, 1483.718592, -19.588422, 266.423184, 1539.203607, -15.829045, 280.653048, 1649.093788, -8.940232, 282.154780, 1738.756431, -5.514553, 275.392081, 1875.667641, -31.514847, 288.615491, 1982.071258, -3.699806, 316.959615, 2051.801627, -18.686102, 295.192072, 2184.785480, 0.825285, 312.447850, 2236.743264, -3.424394, 283.567796, 2366.676696, -19.717104, 315.667664, 2466.984930, -22.884929, 276.116721, 2566.997730, -19.028096, 291.864698, 2681.240257, -5.281087, 314.501394, 2745.444625, -1.871436, 289.024366, 2854.426141, -13.090207, 289.086578, 2976.631194, -17.905359, 316.963614, 3075.640771, -1.450546, 278.314998, 3152.882709, -3.551449, 310.717265, 3247.380515, -2.154971, 287.330438, 3364.537772, -22.364696, 299.190199, 3462.255388, 9.273460, 307.882294, 3571.961599, -10.615262, 268.891594, 3645.876180, -16.261354, 295.187608, 3742.427519, -6.163468, 273.353698, 3865.041313, 12.915814, 291.840373, 3936.177652, 2.660609, 305.512003, 4086.730824, -8.585049, 284.098886, 4147.095704, 8.950873, 312.124464, 4239.862882, -30.555019, 290.006898, 4360.782689, -1.364048, 299.219289, 4442.022787, -25.995062, 288.530125, 4583.494628, 10.619741, 309.491898, 4685.975777, -30.390486, 273.267930, 4763.213263, -23.309749, 298.681484, 4870.156336, 6.384751, 291.634744, 4944.046625, 7.215643, 274.332792, 5083.148142, 7.060023, 297.324692, 5149.296979, 18.808935, 286.313005, 5243.471357, -28.214582, 287.335000, 5367.067809, -2.778699, 317.547952, 5448.337037, 3.897367, 271.590507, 5570.456617, 0.505518, 313.787069, 5661.998467, -0.405105, 314.973618, 5768.855960, -24.078262, 271.701276, 5849.587379, 10.731288, 309.663071, 5974.811616, 19.431081, 296.916087, 6082.733873, 15.692810, 284.013521, 6162.108479, -21.896633, 282.859977, 6282.011022, -13.772065, 286.222329, 6351.395944, 17.948956, 315.020630, 6450.993831, -20.600480, 298.955395, 6556.173711, 14.509338, 279.498359, 6652.010694, -10.378604, 310.670224, 6749.034222, -28.409025, 266.629324, 6854.325077, -14.168452, 308.937708, 6946.038080, -26.243247, 308.406189, 7076.543717, -30.395792, 304.136410, 7142.607193, -3.634088, 313.816823, 7259.056601, -8.509497, 280.082779, 7378.868492, 7.539656, 278.068559, 7475.939054, -28.352907, 289.045095, 7556.944348, -7.526018, 283.592254, 7670.032196, 9.137880, 304.790273, 7762.752337, -28.714277, 307.958253, 7862.971221, -9.736099, 273.827831, 7953.958937, 0.955305, 279.161540, 8044.415010, -9.387367, 280.342467, 8182.140994, -2.127008, 308.285152, 8278.007745, -29.956802, 279.813086, 8340.139892, 13.564908, 267.390136, 8451.798113, 2.617633, 270.614711, 8574.432608, -27.324514, 294.665322, 8640.074406, 7.360900, 283.840681, 8778.454201, -16.773193, 286.703387, 8868.462402, 10.851286, 308.544393, 8975.879157, -22.076230, 289.537112, 9037.090092, -13.007993, 311.726716, 9151.021854, -17.753406, 289.637237, 9241.356955, -26.632058, 291.257377, 9354.759591, -21.838988, 284.859768, 9455.739362, -5.387812, 267.514415, 95