x coord, y coord, z coord, scalar
49.761255, -18.223671, 284.278179, 0
36.068543, -21.376202, 310.037352, 1
73.664176, -11.036919, 303.318210, 2
40.044299, -6.654023, 315.036288, 3
44.081168, -11.175601, 288.664802, 4
66.068987, 18.154064, 282.564265, 5
38.400020, -18.860308, 285.429881, 6
41.529502, -31.588612, 316.741883, 7
38.066360, 11.687101, 312.450864, 8
60.179996, -19.866584, 281.943413, 9
62.455739, -4.745945, 296.809839, 1071.194006, -3.318088, 308.523531, 1154.151906, -15.834209, 279.037373, 1281.930602, -10.430612, 305.473091, 1369.887644, -0.990171, 275.847829, 1483.012489, -21.101466, 275.552379, 1538.497504, -17.342088, 289.782247, 1648.387685, -10.453275, 291.283990, 1738.050329, -7.027596, 284.521281, 1874.961538, -33.027891, 297.744687, 1981.365155, -5.212850, 326.088811, 2051.095524, -20.199146, 304.321271, 2184.079377, -0.687759, 321.577046, 2236.037162, -4.937437, 292.696995, 2365.970593, -21.230148, 324.796860, 2466.278827, -24.397974, 285.245919, 2566.291627, -20.541140, 300.993896, 2680.534154, -6.794131, 323.630590, 2744.738523, -3.384479, 298.153568, 2853.720038, -14.603250, 298.215781, 2975.925091, -19.418403, 326.092810, 3074.934668, -2.963591, 287.444197, 3152.176606, -5.064492, 319.846462, 3246.674413, -3.668014, 296.459642, 3363.831669, -23.877740, 308.319396, 3461.549286, 7.760416, 317.011491, 3571.255495, -12.128307, 278.020790, 3645.170077, -17.774398, 304.316807, 3741.721416, -7.676510, 282.482901, 3864.335211, 11.402770, 300.969571, 3935.471549, 1.147566, 314.641200, 4086.024721, -10.098093, 293.228082, 4146.389601, 7.437829, 321.253660, 4239.156779, -32.068063, 299.136094, 4360.076586, -2.877092, 308.348488, 4441.316684, -27.508105, 297.659322, 4582.788526, 9.106697, 318.621094, 4685.269674, -31.903530, 282.397125, 4762.507160, -24.822793, 307.810681, 4869.450233, 4.871707, 300.763942, 4943.340523, 5.702600, 283.461991, 5082.442039, 5.546979, 306.453888, 5148.590876, 17.295892, 295.442203, 5242.765254, -29.727625, 296.464197, 5366.361706, -4.291743, 326.677148, 5447.630937, 2.384325, 280.719712, 5569.750514, -1.007526, 322.916265, 5661.292365, -1.918149, 324.102815, 5768.149856, -25.591306, 280.830472, 5848.881276, 9.218244, 318.792267, 5974.105514, 17.918037, 306.045283, 6082.027770, 14.179766, 293.142717, 6161.402375, -23.409677, 291.989177, 6281.304919, -15.285110, 295.351526, 6350.689841, 16.435912, 324.149826, 6450.287728, -22.113524, 308.084593, 6555.467609, 12.996294, 288.627558, 6651.304591, -11.891648, 319.799421, 6748.328118, -29.922068, 275.758518, 6853.618974, -15.681496, 318.066905, 6945.331977, -27.756291, 317.535385, 7075.837614, -31.908836, 313.265606, 7141.901090, -5.147132, 322.946019, 7258.350497, -10.022541, 289.211999, 7378.162389, 6.026611, 287.197756, 7475.232951, -29.865951, 298.174292, 7556.238245, -9.039062, 292.721466, 7669.326093, 7.624836, 313.919469, 7762.046234, -30.227321, 317.087449, 7862.265115, -11.249145, 282.957051, 7953.252836, -0.557739, 288.290758, 8043.708907, -10.900410, 289.471673, 8181.434891, -3.640052, 317.414349, 8277.301642, -31.469846, 288.942282, 8339.433790, 12.051865, 276.519330, 8451.092016, 1.104591, 279.743923, 8573.726505, -28.837558, 303.794519, 8639.368304, 5.847857, 292.969880, 8777.748097, -18.286237, 295.832584, 8867.756299, 9.338242, 317.673589, 8975.173054, -23.589274, 298.666309, 9036.383989, -14.521037, 320.855912, 9150.315751, -19.266449, 298.766438, 9240.650852, -28.145101, 300.386574, 9354.053488, -23.352031, 293.988969, 9455.033260, -6.900856, 276.643604, 95