x coord, y coord, z coord, scalar
55.943660, -30.023235, 561.891349, 0
42.250973, -33.175780, 587.650238, 1
79.846606, -22.836503, 580.931136, 2
46.226731, -18.453602, 592.649184, 3
50.263595, -22.975163, 566.277986, 4
72.251426, 6.354479, 560.177120, 5
44.582445, -30.659876, 563.042812, 6
47.711931, -43.388191, 594.354749, 7
44.248792, -0.112478, 590.063742, 8
66.362396, -31.666171, 559.556461, 9
68.638170, -16.545531, 574.422946, 1077.376437, -15.117671, 586.136447, 1160.334255, -27.633769, 556.650623, 1288.113032, -22.230196, 583.085975, 1376.070081, -12.789780, 553.460617, 1489.194915, -32.901053, 553.165189, 1544.679930, -29.141658, 567.395209, 1654.570111, -22.252843, 568.897283, 1744.232762, -18.827157, 562.134272, 1881.143965, -44.827474, 575.357554, 1987.547586, -17.012431, 603.701668, 2057.277952, -31.998725, 581.934222, 2190.261808, -12.487340, 599.189904, 2242.219595, -16.737008, 570.309962, 2372.153023, -33.029728, 602.409728, 2472.461245, -36.197559, 562.858845, 2572.474053, -32.340723, 578.606842, 2686.716585, -18.593713, 601.243451, 2750.920956, -15.184054, 575.766608, 2859.902465, -26.402829, 575.828857, 2982.107521, -31.217984, 603.705669, 3081.117100, -14.763184, 565.057142, 3158.359037, -16.864072, 597.459355, 3252.856847, -15.467589, 574.072738, 3370.014097, -35.677321, 585.932303, 3467.731718, -4.039165, 594.624378, 3577.437915, -23.927910, 555.633645, 3651.352505, -29.573975, 581.929754, 3747.903850, -19.476058, 560.095992, 3870.517645, -0.396813, 578.582497, 3941.653981, -10.652013, 592.254083, 4092.207151, -21.897679, 570.840953, 4152.572033, -4.361751, 598.866536, 4245.339206, -43.867640, 576.748973, 4366.259018, -14.676673, 585.961440, 4447.499111, -39.307682, 575.272228, 4588.970957, -2.692885, 596.233951, 4691.452101, -43.703113, 560.009955, 4768.689587, -36.622374, 585.423589, 4875.632667, -6.927877, 578.376882, 4949.522971, -6.096969, 561.074964, 5088.624471, -6.252604, 584.066761, 5154.773313, 5.496312, 573.055108, 5248.947680, -41.527202, 574.077096, 5372.544137, -16.091324, 604.290018, 5453.813407, -9.415233, 558.332827, 5575.932945, -12.807107, 600.529139, 5667.474796, -13.717730, 601.715692, 5774.332275, -37.390893, 558.443336, 5855.063708, -2.581336, 596.405148, 5980.287946, 6.118455, 583.658153, 6088.210203, 2.380181, 570.755577, 6167.584796, -35.209259, 569.602167, 6287.487347, -27.084695, 572.964415, 6356.872273, 4.636332, 601.762688, 6456.470156, -33.913103, 585.697513, 6561.650052, 1.196711, 566.240513, 6657.487021, -23.691228, 597.412312, 6754.510537, -41.721643, 553.371325, 6859.801404, -27.481076, 595.679800, 6951.514406, -39.555870, 595.148259, 7082.020043, -43.708417, 590.878468, 7148.083521, -16.946711, 600.558895, 7264.532916, -21.822130, 566.825580, 7384.344823, -5.772977, 564.810638, 7481.415378, -41.665534, 575.787167, 7562.420672, -20.838644, 570.334826, 7675.508525, -4.174746, 591.532356, 7768.228663, -42.026901, 594.700321, 7868.447512, -23.048767, 560.570652, 7959.435287, -12.357317, 565.904281, 8049.891335, -22.699973, 567.084832, 8187.617322, -15.439634, 595.027216, 8283.484068, -43.269429, 566.555138, 8345.616232, 0.252291, 554.132145, 8457.274523, -10.694966, 557.357274, 8579.908933, -40.637140, 581.407399, 8645.550741, -5.951718, 570.582831, 8783.930525, -30.085822, 573.445486, 8873.938731, -2.461339, 595.286467, 8981.355481, -35.388858, 576.279205, 9042.566420, -26.320616, 598.468784, 9156.498177, -31.066027, 576.379442, 9246.833279, -39.944678, 577.999471, 9360.235910, -35.151610, 571.601969, 9461.215699, -18.700438, 554.256235, 95