x coord, y coord, z coord, scalar
37.751518, -9.478268, 136.806329, 0
24.058788, -12.630792, 162.565646, 1
61.654421, -2.291506, 155.846484, 2
28.034543, 2.091387, 167.564578, 3
32.071418, -2.430202, 141.192944, 4
54.059225, 26.899477, 135.092575, 5
26.390270, -10.114904, 137.958152, 6
29.519747, -22.843202, 169.270188, 7
26.056603, 20.432510, 164.979162, 8
48.170259, -11.121164, 134.471625, 9
50.445981, 3.999470, 149.338020, 1059.184249, 5.427325, 161.051810, 1142.142208, -7.088800, 131.565482, 1269.920846, -1.685199, 158.001387, 1357.877879, 7.755258, 128.376173, 1471.002735, -12.356050, 128.080711, 1526.487752, -8.596683, 142.310503, 1636.377933, -1.707872, 143.812078, 1726.040574, 1.717802, 137.049522, 1862.951784, -24.282478, 150.272991, 1969.355399, 3.532562, 178.617120, 2039.085770, -11.453736, 156.849532, 2172.069621, 8.057653, 174.105355, 2224.027405, 3.807968, 145.225249, 2353.960837, -12.484736, 177.325164, 2454.269078, -15.652557, 137.774193, 2554.281873, -11.795727, 153.522160, 2668.524398, 1.951281, 176.158897, 2732.728765, 5.360928, 150.681784, 2841.710286, -5.857840, 150.743979, 2963.915335, -10.672991, 178.621118, 3062.924910, 5.781828, 139.972461, 3140.166850, 3.680918, 172.374753, 3234.664655, 5.077393, 148.987829, 3351.821914, -15.132328, 160.847680, 3449.539528, 16.505827, 169.539784, 3559.245743, -3.382879, 130.549099, 3633.160322, -9.028989, 156.845070, 3729.711663, 1.068879, 135.011091, 3852.325451, 20.148182, 153.497845, 3923.461793, 9.892975, 167.169495, 4074.014965, -1.352679, 145.756384, 4134.379844, 16.183240, 173.781960, 4227.147025, -23.322653, 151.664392, 4348.066830, 5.868320, 160.876749, 4429.306931, -18.762696, 150.187607, 4570.778769, 17.852109, 171.149403, 4673.259919, -23.158116, 134.925449, 4750.497405, -16.077381, 160.338965, 4857.440475, 13.617121, 153.292209, 4931.330757, 14.448000, 135.990242, 5070.432282, 14.292392, 158.982189, 5136.581116, 26.041301, 147.970488, 5230.755501, -20.982216, 148.992485, 5354.351950, 4.453668, 179.205451, 5435.621158, 11.129714, 133.247889, 5557.740757, 7.737886, 175.444566, 5649.282608, 6.827262, 176.631113, 5756.140107, -16.845889, 133.358777, 5836.871519, 17.963655, 171.320564, 5962.095756, 26.663449, 158.573586, 6070.018012, 22.925179, 145.671025, 6149.392626, -14.664263, 144.517419, 6269.295163, -6.539695, 147.879818, 6338.680084, 25.181323, 176.678133, 6438.277973, -13.368113, 160.612869, 6543.457845, 21.741704, 141.155817, 6639.294835, -3.146237, 172.327712, 6736.318371, -21.176659, 128.286853, 6841.609219, -6.936085, 170.595194, 6933.322222, -19.010880, 170.063686, 7063.827859, -23.163424, 165.793913, 7129.891334, 3.598279, 175.474318, 7246.340747, -1.277122, 141.739939, 7366.152629, 14.772027, 139.726052, 7463.223197, -21.120538, 150.702591, 7544.228491, -0.293650, 145.249520, 7657.316336, 16.370248, 166.447763, 7750.036479, -21.481909, 169.615751, 7850.255376, -2.503701, 135.484982, 7941.243066, 8.187667, 140.818728, 8031.699156, -2.155009, 141.999828, 8169.425135, 5.105360, 169.942652, 8265.291889, -22.724432, 141.470591, 8327.424028, 20.797270, 129.047661, 8439.082212, 9.849974, 132.271981, 8561.716751, -20.092145, 156.322817, 8627.358544, 14.593263, 145.498141, 8765.738343, -9.540822, 148.360870, 8855.746542, 18.083654, 170.201888, 8963.163300, -14.843861, 151.194598, 9024.374234, -5.775627, 173.384213, 9138.305998, -10.521039, 151.294672, 9228.641098, -19.399692, 152.914863, 9342.043738, -14.606620, 146.517205, 9443.023497, 1.844555, 129.172027, 95