x coord, y coord, z coord, scalar
56.847843, -16.387995, 428.041578, 0
43.155140, -19.540530, 453.800605, 1
80.750773, -9.201250, 447.081483, 2
47.130897, -4.818351, 458.799546, 3
51.167764, -9.339924, 432.428207, 4
73.155587, 19.989733, 426.327502, 5
45.486615, -17.024633, 429.193157, 6
48.616098, -29.752941, 460.505125, 7
45.152958, 13.522772, 456.214113, 8
67.266582, -18.030915, 425.706749, 9
69.542336, -2.910276, 440.573205, 1078.280603, -1.482418, 452.286799, 1161.238476, -13.998530, 422.800812, 1289.017199, -8.594942, 449.236343, 1376.974243, 0.845490, 419.611031, 1490.099084, -19.265797, 419.315593, 1545.584100, -15.506414, 433.545539, 1655.474280, -8.617600, 435.047452, 1745.136927, -5.191918, 428.284587, 1882.048133, -31.192221, 441.507930, 1988.451752, -3.377179, 469.852049, 2058.182120, -18.363475, 448.084557, 2191.165974, 1.147912, 465.340284, 2243.123760, -3.101763, 436.460289, 2373.057190, -19.394477, 468.560104, 2473.365419, -22.562304, 429.009192, 2573.378222, -18.705470, 444.757180, 2687.620751, -4.958461, 467.393830, 2751.825121, -1.548807, 441.916900, 2860.806634, -12.767579, 441.979131, 2983.011688, -17.582732, 469.856049, 3082.021265, -1.127925, 431.207480, 3159.263203, -3.228821, 463.609718, 3253.761011, -1.832341, 440.223003, 3370.918265, -22.042070, 452.082660, 3468.635883, 9.596086, 460.774744, 3578.342088, -10.292644, 421.784027, 3652.256673, -15.938726, 448.080091, 3748.808015, -5.840828, 426.246259, 3871.421809, 13.238440, 444.732844, 3942.558147, 2.983237, 458.404451, 4093.111318, -8.262424, 436.991327, 4153.476198, 9.273500, 465.016908, 4246.243375, -30.232391, 442.899343, 4367.163184, -1.041421, 452.111775, 4448.403280, -25.672433, 441.422585, 4589.875123, 10.942367, 462.384332, 4692.356269, -30.067860, 426.160349, 4769.593756, -22.987122, 451.573945, 4876.536831, 6.707377, 444.527223, 4950.427126, 7.538274, 427.225289, 5089.528637, 7.382649, 450.217134, 5155.677476, 19.131563, 439.205465, 5249.851850, -27.891953, 440.227456, 5373.448303, -2.456073, 470.440392, 5454.717548, 4.220003, 424.483082, 5576.837111, 0.828145, 466.679512, 5668.378962, -0.082478, 467.866063, 5775.236449, -23.755637, 424.593714, 5855.967874, 11.053915, 462.555517, 5981.192111, 19.753707, 449.808528, 6089.114368, 16.015435, 436.905956, 6168.488969, -21.574007, 435.752483, 6288.391515, -13.449440, 439.114780, 6357.776439, 18.271583, 467.913067, 6457.374324, -20.277852, 451.847863, 6562.554210, 14.831964, 432.390846, 6658.391188, -10.055977, 463.562676, 6755.414711, -28.086396, 419.521730, 6860.705571, -13.845825, 461.830162, 6952.418573, -25.920620, 461.298632, 7082.924210, -30.073165, 457.028846, 7148.987687, -3.311461, 466.709267, 7265.437090, -8.186873, 432.975609, 7385.248987, 7.862279, 430.961006, 7482.319547, -28.030281, 441.937539, 7563.324840, -7.203392, 436.484962, 7676.412690, 9.460506, 457.682722, 7769.132831, -28.391650, 460.850695, 7869.351700, -9.413488, 426.720671, 7960.339440, 1.277932, 432.054337, 8050.795504, -9.064733, 433.235066, 8188.521488, -1.804382, 461.177592, 8284.388238, -29.634176, 432.705519, 8346.520391, 13.887537, 420.282546, 8458.178639, 2.940269, 423.507415, 8580.813101, -27.001887, 447.557768, 8646.454903, 7.683530, 436.733166, 8784.834693, -16.450568, 439.595845, 8874.842896, 11.173913, 461.436838, 8982.259650, -21.753605, 442.429567, 9043.470586, -12.685365, 464.619158, 9157.402346, -17.430777, 442.529751, 9247.737448, -26.309429, 444.149832, 9361.140082, -21.516360, 437.752280, 9462.119860, -5.065186, 420.406726, 95