x coord, y coord, z coord, scalar
38.798427, -8.681665, 130.564130, 0
25.105696, -11.834188, 156.323453, 1
62.701329, -1.494901, 149.604290, 2
29.081451, 2.887991, 161.322385, 3
33.118325, -1.633599, 134.950745, 4
55.106132, 27.696082, 128.850383, 5
27.437178, -9.318301, 131.715958, 6
30.566655, -22.046598, 163.027995, 7
27.103510, 21.229114, 158.736970, 8
49.217169, -10.324560, 128.229428, 9
51.492889, 4.796075, 143.095823, 1060.231157, 6.223929, 154.809617, 1143.189121, -6.292199, 125.323281, 1270.967754, -0.888595, 151.759194, 1358.924787, 8.551864, 122.133982, 1472.049643, -11.559446, 121.838520, 1527.534660, -7.800080, 136.068308, 1637.424841, -0.911268, 137.569876, 1727.087481, 2.514405, 130.807327, 1863.998692, -23.485874, 144.030798, 1970.402307, 4.329166, 172.374928, 2040.132678, -10.657132, 150.607337, 2173.116529, 8.854257, 167.863163, 2225.074313, 4.604571, 138.983054, 2355.007745, -11.688132, 171.082971, 2455.315987, -14.855953, 131.532000, 2555.328781, -10.999122, 147.279966, 2669.571306, 2.747885, 169.916705, 2733.775673, 6.157532, 144.439588, 2842.757194, -5.061236, 144.501782, 2964.962243, -9.876387, 172.378926, 3063.971818, 6.578433, 133.730267, 3141.213758, 4.477522, 166.132560, 3235.711563, 5.873996, 142.745632, 3352.868822, -14.335724, 154.605487, 3450.586436, 17.302431, 163.297591, 3560.292653, -2.586274, 124.306907, 3634.207230, -8.232385, 150.602876, 3730.758570, 1.865481, 128.768894, 3853.372359, 20.944786, 147.255651, 3924.508700, 10.689579, 160.927302, 4075.061874, -0.556074, 139.514192, 4135.426752, 16.979844, 167.539767, 4228.193933, -22.526050, 145.422199, 4349.113738, 6.664924, 154.634554, 4430.353839, -17.966093, 143.945413, 4571.825677, 18.648713, 164.907210, 4674.306828, -22.361512, 128.683257, 4751.544313, -15.280777, 154.096771, 4858.487383, 14.413725, 147.050015, 4932.377664, 15.244604, 129.748047, 5071.479190, 15.088996, 152.739997, 5137.628024, 26.837905, 141.728294, 5231.802410, -20.185612, 142.750291, 5355.398857, 5.250272, 172.963258, 5436.668063, 11.926318, 127.005691, 5558.787665, 8.534490, 169.202373, 5650.329516, 7.623866, 170.388920, 5757.187016, -16.049285, 127.116584, 5837.918427, 18.760259, 165.078371, 5963.142664, 27.460054, 152.331393, 6071.064920, 23.721783, 139.428833, 6150.439534, -13.867659, 138.275224, 6270.342072, -5.743091, 141.637625, 6339.726992, 25.977927, 170.435940, 6439.324881, -12.571509, 154.370676, 6544.504752, 22.538309, 134.913623, 6640.341743, -2.349633, 166.085519, 6737.365279, -20.380056, 122.044661, 6842.656127, -6.139481, 164.353001, 6934.369130, -18.214276, 163.821493, 7064.874767, -22.366820, 159.551721, 7130.938242, 4.394883, 169.232126, 7247.387656, -0.480518, 135.497732, 7367.199537, 15.568632, 133.483859, 7464.270105, -20.323934, 144.460398, 7545.275399, 0.502954, 139.007317, 7658.363244, 17.166852, 160.205570, 7751.083387, -20.685305, 163.373558, 7851.302287, -1.707095, 129.242774, 7942.289973, 8.984271, 134.576521, 8032.746064, -1.358406, 135.757629, 8170.472043, 5.901964, 163.700460, 8266.338797, -21.927828, 135.228399, 8328.470935, 21.593873, 122.805469, 8440.129115, 10.646578, 126.029778, 8562.763659, -19.295541, 150.080624, 8628.405451, 15.389867, 139.255947, 8766.785251, -8.744218, 142.118677, 8856.793450, 18.880258, 163.959695, 8964.210208, -14.047257, 144.952405, 9025.421142, -4.979023, 167.142021, 9139.352907, -9.724436, 145.052477, 9229.688006, -18.603088, 146.672670, 9343.090646, -13.810017, 140.275010, 9444.070405, 2.641159, 122.929840, 95