x coord, y coord, z coord, scalar
57.728886, -30.415769, 536.187497, 0
44.036198, -33.568312, 561.946413, 1
81.631831, -23.229035, 555.227307, 2
48.011956, -18.846133, 566.945358, 3
52.048819, -23.367696, 540.574132, 4
74.036651, 5.961948, 534.473298, 5
46.367670, -31.052409, 537.338983, 6
49.497156, -43.780723, 568.650926, 7
46.034018, -0.505010, 564.359918, 8
68.147624, -32.058704, 533.852620, 9
70.423396, -16.938062, 548.719100, 1079.161662, -15.510202, 560.432619, 1162.119485, -28.026307, 530.946764, 1289.898258, -22.622727, 557.382150, 1377.855308, -13.182309, 527.756801, 1490.980141, -33.293584, 527.461371, 1546.465155, -29.534190, 541.691377, 1656.355336, -22.645376, 543.193420, 1746.017986, -19.219689, 536.430437, 1882.929190, -45.220005, 549.653731, 1989.332811, -17.404963, 577.997845, 2059.063177, -32.391257, 556.230391, 2192.047033, -12.879872, 573.486082, 2244.004819, -17.129540, 544.606129, 2373.938248, -33.422260, 576.705904, 2474.246471, -36.590091, 537.155016, 2574.259279, -32.733254, 552.903012, 2688.501810, -18.986244, 575.539628, 2752.706181, -15.576586, 550.062768, 2861.687690, -26.795361, 550.125014, 2983.892746, -31.610515, 578.001846, 3082.902326, -15.155714, 539.353312, 3160.144262, -17.256604, 571.755529, 3254.642071, -15.860120, 548.368893, 3371.799322, -36.069853, 560.228476, 3469.516943, -4.431697, 568.920553, 3579.223142, -24.320441, 529.929823, 3653.137730, -29.966507, 556.225923, 3749.689073, -19.868591, 534.392148, 3872.302870, -0.789344, 552.878668, 3943.439206, -11.044545, 566.550258, 4093.992377, -22.290210, 545.137129, 4154.357258, -4.754282, 573.162712, 4247.124431, -44.260172, 551.045149, 4368.044243, -15.069205, 560.257609, 4449.284336, -39.700214, 549.568401, 4590.756182, -3.085416, 570.530129, 4693.237327, -44.095644, 534.306135, 4770.474813, -37.014905, 559.719762, 4877.417892, -7.320408, 552.673052, 4951.308194, -6.489500, 535.371131, 5090.409696, -6.645135, 558.362937, 5156.558538, 5.103781, 547.351281, 5250.732906, -41.919734, 548.373269, 5374.329362, -16.483855, 578.586194, 5455.598628, -9.807764, 532.628980, 5577.718170, -13.199638, 574.825315, 5669.260021, -14.110261, 576.011868, 5776.117501, -37.783424, 532.739513, 5856.848933, -2.973867, 570.701323, 5982.073172, 5.725924, 557.954329, 6089.995429, 1.987650, 545.051754, 6169.370022, -35.601791, 543.898332, 6289.272573, -27.477226, 547.260590, 6358.657499, 4.243801, 576.058865, 6458.255381, -34.305634, 559.993685, 6563.435276, 0.804181, 540.536681, 6659.272247, -24.083759, 571.708487, 6756.295763, -42.114176, 527.667507, 6861.586629, -27.873608, 569.975974, 6953.299631, -39.948402, 569.444435, 7083.805268, -44.100949, 565.174645, 7149.868746, -17.339243, 574.855071, 7266.318143, -22.214662, 541.121690, 7386.130048, -6.165508, 539.106813, 7483.200604, -42.058065, 550.083343, 7564.205897, -21.231176, 544.630956, 7677.293750, -4.567277, 565.828531, 7770.013889, -42.419433, 568.996497, 7870.232742, -23.441298, 534.866759, 7961.220511, -12.749847, 540.200396, 8051.676559, -23.092506, 541.380982, 8189.402548, -15.832165, 569.323393, 8285.269294, -43.661960, 540.851316, 8347.401456, -0.140240, 528.428326, 8459.059741, -11.087494, 531.653405, 8581.694159, -41.029671, 555.703574, 8647.335965, -6.344249, 544.879000, 8785.715751, -30.478353, 547.741660, 8875.723956, -2.853871, 569.582642, 8983.140707, -35.781389, 550.575379, 9044.351645, -26.713147, 572.764960, 9158.283402, -31.458558, 550.675606, 9248.618504, -40.337210, 552.295645, 9362.021136, -35.544142, 545.898133, 9463.000924, -19.092969, 528.552434, 95