x coord, y coord, z coord, scalar
47.684288, -7.049243, 231.782159, 0
33.991565, -10.201770, 257.541384, 1
71.587198, 0.137515, 250.822235, 2
37.967321, 4.520409, 262.540319, 3
42.004193, -0.001176, 236.168779, 4
63.992004, 29.328498, 230.068303, 5
36.323045, -7.685880, 232.933905, 6
39.452524, -20.414180, 264.245919, 7
35.989380, 22.861532, 259.954898, 8
58.103029, -8.692145, 229.447415, 9
60.378759, 6.428490, 244.313830, 1069.117026, 7.856346, 256.027558, 1152.074963, -4.659777, 226.541338, 1279.853624, 0.743822, 252.977124, 1367.810660, 10.184273, 223.351879, 1480.935511, -9.927031, 223.056425, 1536.420528, -6.167659, 237.286265, 1646.310709, 0.721153, 238.787948, 1735.973351, 4.146828, 232.025294, 1872.884560, -21.853458, 245.248722, 1979.288176, 5.961583, 273.592848, 2049.018547, -9.024714, 251.825291, 2182.002398, 10.486674, 269.081084, 2233.960183, 6.236992, 240.201013, 2363.893615, -10.055715, 272.300896, 2464.201853, -13.223537, 232.749944, 2564.214649, -9.366706, 248.497918, 2678.457176, 4.380302, 271.134627, 2742.661543, 7.789951, 245.657572, 2851.643062, -3.428818, 245.719779, 2973.848112, -8.243970, 273.596847, 3072.857688, 8.210846, 234.948218, 3150.099627, 6.109940, 267.350493, 3244.597433, 7.506416, 243.963636, 3361.754691, -12.703307, 255.823425, 3459.472306, 18.934848, 264.515523, 3569.178519, -0.953864, 225.524827, 3643.093099, -6.599966, 251.820828, 3739.644440, 3.497909, 229.986895, 3862.258230, 22.577203, 248.473596, 3933.394570, 12.321997, 262.145232, 4083.947743, 1.076341, 240.732117, 4144.312622, 18.612261, 268.757694, 4237.079801, -20.893631, 246.640128, 4357.999607, 8.297341, 255.852508, 4439.239707, -16.333674, 245.163351, 4580.711547, 20.281130, 266.125131, 4683.192696, -20.729095, 229.901168, 4760.430182, -13.648360, 255.314710, 4867.373253, 16.046141, 248.267965, 4941.263539, 16.877026, 230.966008, 5080.365060, 16.721412, 253.957923, 5146.513895, 28.470323, 242.946232, 5240.688278, -18.553194, 243.968227, 5364.284727, 6.882690, 274.181183, 5445.553945, 13.558744, 228.223701, 5567.673535, 10.166907, 270.420300, 5659.215386, 9.256284, 271.606848, 5766.072882, -14.416870, 228.334508, 5846.804297, 20.392676, 266.296300, 5972.028534, 29.092470, 253.549318, 6079.950790, 25.354200, 240.646754, 6159.325400, -12.235243, 239.493190, 6279.227941, -4.110675, 242.855557, 6348.612862, 27.610344, 271.653863, 6448.210750, -10.939091, 255.588618, 6553.390625, 24.170726, 236.131578, 6649.227612, -0.717215, 267.303452, 6746.251145, -18.747637, 223.262565, 6851.541996, -4.507064, 265.570935, 6943.254999, -16.581859, 265.039420, 7073.760636, -20.734403, 260.769643, 7139.824111, 6.027300, 270.450053, 7256.273522, 1.151896, 236.715903, 7376.085408, 17.201047, 234.701788, 7473.155974, -18.691517, 245.678326, 7554.161268, 2.135371, 240.225411, 7667.249114, 18.799269, 261.423501, 7759.969256, -19.052888, 264.591484, 7860.188147, -0.074692, 230.460952, 7951.175849, 10.616690, 235.794672, 8041.631932, 0.274016, 236.975654, 8179.357913, 7.534381, 264.918384, 8275.224665, -20.295411, 236.446319, 8337.356808, 23.226293, 224.023376, 8449.015008, 12.279005, 227.247870, 8571.649527, -17.663124, 251.298552, 8637.291323, 17.022286, 240.473900, 8775.671120, -7.111802, 243.336613, 8865.679320, 20.512675, 265.177623, 8973.096077, -12.414840, 246.170339, 9034.307011, -3.346605, 268.359947, 9148.238775, -8.092017, 246.270448, 9238.573875, -16.970669, 247.890604, 9351.976513, -12.177599, 241.492980, 9452.956277, 4.273577, 224.147683, 95