x coord, y coord, z coord, scalar
65.894162, -25.911126, 685.080096, 0
52.201478, -29.063671, 710.838857, 1
89.797111, -18.724395, 704.119772, 2
56.177236, -14.341492, 715.837807, 3
60.214098, -18.863053, 689.466738, 4
82.201932, 10.466588, 683.365724, 5
54.532948, -26.547766, 686.231451, 6
57.662436, -39.276082, 717.543358, 7
54.199298, 3.999631, 713.252357, 8
76.312899, -27.554065, 682.745152, 9
78.588676, -12.433422, 697.611664, 1087.326942, -11.005562, 709.325079, 1170.284751, -23.521664, 679.839406, 1298.063538, -18.118087, 706.274592, 1386.020589, -8.677673, 676.649191, 1499.145421, -28.788945, 676.353774, 1554.630434, -25.029548, 690.583862, 1664.520615, -18.140734, 692.086086, 1754.183266, -14.715046, 685.322937, 1891.094470, -40.715365, 698.546164, 1997.498091, -12.900322, 726.890273, 2067.228456, -27.886616, 705.122870, 21100.212313, -8.375231, 722.378510, 2252.170100, -12.624898, 693.498616, 2382.103528, -28.917619, 725.598338, 2482.411749, -32.085452, 686.047481, 2582.424558, -28.228614, 701.795488, 2696.667090, -14.481604, 724.432058, 2760.871461, -11.071945, 698.955295, 2869.852969, -22.290720, 699.017561, 2992.058026, -27.105875, 726.894275, 3091.067606, -10.651076, 688.245788, 3168.309542, -12.751963, 720.647977, 3262.807352, -11.355479, 697.261452, 3379.964602, -31.565213, 709.120931, 3477.682223, 0.072944, 717.812997, 3587.388421, -19.815804, 678.822250, 3661.303010, -25.461866, 705.118400, 3757.854353, -15.363945, 683.284703, 3880.468151, 3.715296, 701.771133, 3951.604486, -6.539904, 715.442700, 40102.157657, -17.785570, 694.029565, 4162.522538, -0.249642, 722.055150, 4255.289711, -39.755531, 699.937588, 4376.209523, -10.564564, 709.150088, 4457.449616, -35.195573, 698.460855, 4598.921463, 1.419224, 719.422556, 46101.402606, -39.591005, 683.198547, 4778.640093, -32.510265, 708.612217, 4885.583173, -2.815768, 701.565525, 4959.473477, -1.984858, 684.263622, 5098.574977, -2.140496, 707.255374, 5164.723819, 9.608422, 696.243735, 5258.898185, -37.415093, 697.265720, 5382.494642, -11.979215, 727.478629, 5463.763914, -5.303119, 681.521549, 5585.883450, -8.694998, 723.717751, 5677.425301, -9.605621, 724.904307, 5784.282779, -33.278785, 681.631945, 5865.014214, 1.530773, 719.593764, 5990.238452, 10.230564, 706.846764, 6098.160709, 6.492290, 693.944183, 6177.535300, -31.097151, 692.790832, 6297.437852, -22.972587, 696.153035, 6366.822779, 8.748441, 724.951296, 6466.420661, -29.800994, 708.886147, 6571.600558, 5.308821, 689.429163, 6667.437527, -19.579119, 720.600933, 6764.461041, -37.609535, 676.559907, 6869.751909, -23.368967, 718.868422, 6961.464911, -35.443761, 718.336872, 7091.970548, -39.596308, 714.067075, 7158.034026, -12.834602, 723.747509, 7274.483421, -17.710023, 690.014513, 7394.295329, -1.660869, 687.999254, 7491.365883, -37.553425, 698.975781, 7572.371177, -16.726535, 693.523658, 7685.459031, -0.062637, 714.720975, 7778.179168, -37.914792, 717.888933, 7878.398017, -18.936665, 683.759593, 7969.385794, -8.245206, 689.093187, 8059.841839, -18.587863, 690.273574, 8197.567828, -11.327525, 718.215826, 8293.434574, -39.157321, 689.743743, 8355.566738, 4.364401, 677.320731, 8467.225033, -6.582849, 680.546103, 8589.859438, -36.525031, 704.596014, 8655.501246, -1.839608, 693.771479, 8793.881030, -25.973714, 696.634112, 8883.889236, 1.650770, 718.475081, 8991.305986, -31.276750, 699.467828, 9052.516925, -22.208507, 721.657396, 9166.448681, -26.953918, 699.568113, 9256.783784, -35.832569, 701.188094, 9370.186414, -31.039501, 694.790639, 9471.166205, -14.588328, 677.444739, 95