x coord, y coord, z coord, scalar
71.512090, -34.864495, 758.836459, 0
57.819415, -38.017040, 784.595143, 1
95.415050, -27.677766, 777.876069, 2
61.795174, -23.294862, 789.594096, 3
65.832032, -27.816418, 763.223106, 4
87.819873, 1.513218, 757.122002, 5
60.150883, -35.501133, 759.987750, 6
63.280374, -48.229452, 791.299639, 7
59.817237, -4.953738, 787.008641, 8
81.930829, -36.507442, 756.501483, 9
84.206616, -21.386793, 771.368011, 1092.944881, -19.958932, 783.081374, 1175.902662, -32.475041, 753.595792, 12103.681476, -27.071458, 780.030878, 1391.638534, -17.631050, 750.405450, 14104.763359, -37.742317, 750.110040, 1560.248370, -33.982916, 764.340169, 1670.138550, -27.094101, 765.842483, 1759.801202, -23.668409, 759.079252, 1896.712407, -49.668736, 772.302446, 19103.116030, -21.853692, 800.646551, 2072.846394, -36.839986, 778.879175, 21105.830252, -17.328602, 796.134788, 2257.788037, -21.578265, 767.254925, 2387.721466, -37.870989, 799.354619, 2488.029685, -41.038825, 759.803779, 2588.042496, -37.181985, 775.551791, 26102.285029, -23.434974, 798.188337, 2766.489400, -20.025312, 772.711623, 2875.470906, -31.244091, 772.773899, 2997.675964, -36.059245, 800.650554, 3096.685547, -19.604450, 762.002090, 3173.927481, -21.705333, 794.404265, 3268.425290, -20.308846, 771.017795, 3385.582539, -40.518583, 782.877223, 3483.300162, -8.880426, 791.569284, 3593.006359, -28.769183, 752.578529, 3666.920947, -34.415236, 778.874703, 3763.472287, -24.317305, 757.041046, 3886.086091, -5.238074, 775.527430, 3957.222425, -15.493273, 789.198985, 40107.775595, -26.738942, 767.785847, 4168.140477, -9.203011, 795.811434, 4260.907648, -48.708901, 773.693873, 4381.827462, -19.517934, 782.906393, 4463.067552, -44.148942, 772.217146, 45104.539401, -7.534146, 793.178835, 46107.020544, -48.544376, 756.954818, 4784.258030, -41.463636, 782.368509, 4891.201112, -11.769139, 775.321826, 4965.091418, -10.938221, 758.019932, 50104.192916, -11.093866, 781.011657, 5170.341759, 0.655053, 770.000027, 5264.516121, -46.368463, 771.022010, 5388.112580, -20.932585, 801.234911, 5469.381860, -14.256476, 755.277898, 5591.501389, -17.648368, 797.474034, 5683.043239, -18.558991, 798.660591, 5789.900715, -42.232159, 755.388226, 5870.632152, -7.422596, 793.350049, 5995.856391, 1.277194, 780.603046, 60103.778649, -2.461080, 767.700462, 6183.153236, -40.050524, 766.547147, 62103.055791, -31.925958, 769.909323, 6372.440717, -0.204929, 798.707576, 6472.038598, -38.754364, 782.642443, 6577.218500, -3.644547, 763.185468, 6673.055465, -28.532488, 794.357221, 6770.078975, -46.562905, 750.316172, 6875.369847, -32.322337, 792.624711, 6967.082849, -44.397131, 792.093155, 7097.588486, -48.549679, 787.823354, 7163.651964, -21.787972, 797.503793, 7280.101358, -26.663397, 763.770988, 7399.913269, -10.614240, 761.755540, 7496.983821, -46.506796, 772.732065, 7577.989114, -25.679906, 767.280074, 7691.076969, -9.016007, 788.477261, 7783.797106, -46.868162, 791.645216, 7884.015952, -27.890053, 757.516074, 7975.003738, -17.198572, 762.849647, 8065.459773, -27.541229, 764.029936, 81103.185766, -20.280896, 791.972107, 8299.052511, -48.110692, 763.500021, 8361.184678, -4.588965, 751.076998, 8472.842990, -15.536199, 754.302516, 8595.477376, -45.478402, 778.352299, 8661.119186, -10.792975, 767.527784, 8799.498968, -34.927085, 770.390403, 8889.507175, -7.302600, 792.231365, 8996.923924, -40.230121, 773.224117, 9058.134863, -31.161876, 795.413679, 9172.066617, -35.907287, 773.324432, 9262.401721, -44.785939, 774.944383, 9375.804350, -39.992872, 768.546956, 9476.784147, -23.541697, 751.200956, 95