x coord, y coord, z coord, scalar
40.286197, -5.808906, 118.535576, 0
26.593463, -8.961427, 144.294910, 1
64.189096, 1.377861, 137.575745, 2
30.569218, 5.760753, 149.293841, 3
34.606092, 1.239160, 122.922190, 4
56.593898, 30.568845, 116.821841, 5
28.924946, -6.445541, 119.687413, 6
32.054422, -19.173836, 150.999453, 7
28.591277, 24.101876, 146.708427, 8
50.704940, -7.451797, 116.200879, 9
52.980656, 7.668837, 131.067271, 1061.718924, 9.096692, 142.781072, 1144.676899, -3.419442, 113.294724, 1272.455521, 1.984168, 139.730651, 1360.412554, 11.424630, 110.105443, 1473.537411, -8.686683, 109.809980, 1529.022428, -4.927320, 124.039762, 1638.912608, 1.961492, 125.541317, 1728.575247, 5.387164, 118.778780, 1865.486459, -20.613112, 132.002256, 1971.890073, 7.201928, 160.346386, 2041.620445, -7.784370, 138.578792, 2174.604295, 11.727020, 155.834621, 2226.562079, 7.477332, 126.954508, 2356.495512, -8.815370, 159.054429, 2456.803756, -11.983190, 119.503455, 2556.816549, -8.126360, 135.251420, 2671.059073, 5.620647, 157.888163, 2735.263439, 9.030293, 132.411039, 2844.244961, -2.188474, 132.473231, 2966.450010, -7.003625, 160.350384, 3065.459585, 9.451197, 121.701722, 3142.701524, 7.350284, 154.104016, 3237.199329, 8.746758, 130.717081, 3354.356589, -11.462962, 142.576943, 3452.074203, 20.175193, 151.269048, 3561.780421, 0.286491, 112.278365, 3635.694997, -5.359623, 138.574331, 3732.246336, 4.738238, 116.740342, 3854.860125, 23.817549, 135.227106, 3925.996467, 13.562341, 148.898759, 4076.549641, 2.316688, 127.485649, 4136.914518, 19.852606, 155.511224, 4229.681700, -19.653288, 133.393656, 4350.601504, 9.537686, 142.606008, 4431.841607, -15.093331, 131.916870, 4573.313443, 21.521475, 152.878668, 4675.794595, -19.488750, 116.654716, 4753.032080, -12.408015, 142.068227, 4859.975149, 17.286488, 135.021470, 4933.865428, 18.117365, 117.719500, 5072.966957, 17.961758, 140.711454, 5139.115790, 29.710667, 129.699750, 5233.290177, -17.312851, 130.721748, 5356.886624, 8.123034, 160.934715, 5438.155824, 14.799078, 114.977139, 5560.275432, 11.407252, 157.173831, 5651.817283, 10.496628, 158.360377, 5758.674785, -13.176523, 115.088042, 5839.406193, 21.633021, 153.049828, 5964.630430, 30.332816, 140.302850, 6072.552686, 26.594546, 127.400290, 6151.927302, -10.994897, 126.246676, 6271.829839, -2.870328, 129.609082, 6341.214759, 28.850689, 158.407398, 6440.812648, -9.698748, 142.342131, 6545.992517, 25.411071, 122.885077, 6641.829510, 0.523129, 154.056976, 6738.853047, -17.507295, 110.016121, 6844.143893, -3.266719, 152.324458, 6935.856896, -15.341515, 151.792951, 7066.362534, -19.494058, 147.523179, 7132.426008, 7.267644, 157.203583, 7248.875424, 2.392245, 123.469161, 7368.687304, 18.441395, 121.455316, 7465.757873, -17.451172, 132.431855, 7546.763167, 3.375717, 126.978755, 7659.851010, 20.039614, 148.177027, 7752.571154, -17.812543, 151.345016, 7852.790060, 1.165672, 117.214203, 7943.777736, 11.857033, 122.547953, 8034.233830, 1.514353, 123.729075, 8171.959810, 8.774726, 151.671917, 8267.826565, -19.055065, 123.199857, 8329.958700, 24.466635, 110.776929, 8441.616870, 13.519338, 114.001217, 8564.251426, -16.422779, 138.052081, 8629.893217, 18.262628, 127.227401, 8768.273018, -5.871455, 130.090133, 8858.281216, 21.753020, 151.931152, 8965.697975, -11.174494, 132.923861, 9026.908908, -2.106261, 155.113478, 9140.840674, -6.851674, 133.023929, 9231.175773, -15.730326, 134.644126, 9344.578414, -10.937255, 128.246462, 9445.558170, 5.513922, 110.901307, 95