x coord, y coord, z coord, scalar
61.084801, -25.841374, 486.603167, 0
47.392107, -28.993911, 512.362134, 1
84.987741, -18.654633, 505.643020, 2
51.367864, -14.271732, 517.361077, 3
55.404728, -18.793300, 490.989799, 4
77.392557, 10.536351, 484.889024, 5
49.723579, -26.478011, 487.754695, 6
52.853065, -39.206322, 519.066650, 7
49.389926, 4.069391, 514.775640, 8
71.503541, -27.484303, 484.268312, 9
73.779305, -12.363659, 499.134781, 1082.517571, -10.935800, 510.848334, 1165.475414, -23.451917, 481.362418, 1293.254167, -18.048325, 507.797871, 1381.211217, -8.607899, 478.172539, 1494.336052, -28.719182, 477.877105, 1549.821064, -24.959792, 492.107084, 1659.711245, -18.070979, 493.609067, 1749.373893, -14.645293, 486.846138, 1886.285100, -40.645604, 500.069455, 1992.688720, -12.830561, 528.413571, 2062.419086, -27.816856, 506.646100, 2195.402942, -8.305470, 523.901807, 2247.360727, -12.555141, 495.021835, 2377.294157, -28.847859, 527.121628, 2477.602384, -32.015690, 487.570730, 2577.615189, -28.158853, 503.318721, 2691.857719, -14.411843, 525.955353, 2756.062088, -11.002186, 500.478461, 2865.043600, -22.220961, 500.540700, 2987.248655, -27.036114, 528.417572, 3086.258235, -10.581310, 489.769022, 3163.500171, -12.682203, 522.171249, 3257.997979, -11.285720, 498.784576, 3375.155232, -31.495452, 510.644193, 3472.872851, 0.142705, 519.336273, 3582.579055, -19.746034, 480.345549, 3656.493640, -25.392107, 506.641633, 3753.044979, -15.294199, 484.807831, 3875.658778, 3.785058, 503.294381, 3946.795114, -6.470144, 516.965979, 4097.348286, -17.715808, 495.552853, 4157.713166, -0.179881, 523.578434, 4250.480341, -39.685772, 501.460870, 4371.400152, -10.494803, 510.673317, 4452.640246, -35.125814, 499.984118, 4594.112091, 1.488985, 520.945854, 4696.593236, -39.521243, 484.721866, 4773.830722, -32.440504, 510.135478, 4880.773800, -2.746006, 503.088763, 4954.664098, -1.915101, 485.786836, 5093.765605, -2.070734, 508.778660, 5159.914445, 9.678182, 497.766998, 5254.088815, -37.345334, 498.788988, 5377.685271, -11.909454, 529.001918, 5458.954525, -5.233366, 483.044660, 5581.074079, -8.625237, 525.241038, 5672.615930, -9.535860, 526.427590, 5779.473414, -33.209023, 483.155238, 5860.204842, 1.600534, 521.117045, 5985.429080, 10.300325, 508.370053, 6093.351337, 6.562053, 495.467480, 6172.725934, -31.027390, 494.314034, 6292.628482, -22.902824, 497.676310, 6362.013407, 8.818202, 526.474590, 6461.611291, -29.731234, 510.409399, 6566.791182, 5.378583, 490.952390, 6662.628155, -19.509358, 522.124206, 6759.651674, -37.539777, 478.083242, 6864.942538, -23.299207, 520.391693, 6956.655540, -35.374001, 519.860158, 7087.161178, -39.526547, 515.590370, 7153.224655, -12.764842, 525.270793, 7269.674055, -17.640259, 491.537285, 7389.485957, -1.591104, 489.522534, 7486.556514, -37.483664, 500.499066, 7567.561807, -16.656774, 495.046592, 7680.649659, 0.007125, 516.244251, 7773.369798, -37.845032, 519.412220, 7873.588663, -18.866888, 485.282351, 7964.576414, -8.175445, 490.616001, 8055.032468, -18.518110, 491.796653, 8192.758456, -11.257764, 519.739117, 8288.625204, -39.087559, 491.267042, 8350.757361, 4.434159, 478.844060, 8462.415627, -6.513094, 482.069042, 8585.050068, -36.455270, 506.119296, 8650.691872, -1.769849, 495.294709, 8789.071661, -25.903951, 498.157377, 8879.079864, 1.720531, 519.998365, 8986.496617, -31.206988, 500.991098, 9047.707554, -22.138747, 523.180683, 9161.639312, -26.884159, 501.091305, 9251.974414, -35.762810, 502.711363, 9365.377047, -30.969742, 496.313833, 9466.356830, -14.518567, 478.968201, 95