x coord, y coord, z coord, scalar
69.344818, -28.832322, 714.126798, 0
55.652137, -31.984865, 739.885529, 1
93.247771, -21.645590, 733.166448, 2
59.627895, -17.262687, 744.884480, 3
63.664756, -21.784246, 718.513442, 4
85.652593, 7.545394, 712.412393, 5
57.983606, -29.468960, 715.278128, 6
61.113096, -42.197277, 746.590028, 7
57.649958, 1.078437, 742.299028, 8
79.763556, -30.475263, 711.791841, 9
82.039336, -15.354617, 726.658360, 1090.777602, -13.926757, 738.371754, 1173.735402, -26.442864, 708.886117, 12101.514198, -21.039282, 735.321264, 1389.471252, -11.598869, 705.695852, 14102.596081, -31.710140, 705.400438, 1558.081093, -27.950742, 719.630542, 1667.971274, -21.061927, 721.132801, 1757.633925, -17.636238, 714.369620, 1894.545129, -43.636560, 727.592834, 19100.948751, -15.821517, 755.936942, 2070.679116, -30.807811, 734.169549, 21103.662973, -11.296426, 751.425178, 2255.620759, -15.546092, 722.545297, 2385.554188, -31.838814, 754.645008, 2485.862409, -35.006648, 715.094157, 2585.875218, -31.149809, 730.842166, 26100.117750, -17.402799, 753.478727, 2764.322121, -13.993138, 728.001983, 2873.303628, -25.211915, 728.064253, 2995.508686, -30.027069, 755.940944, 3094.518267, -13.572272, 717.292466, 3171.760202, -15.673158, 749.694649, 3266.258012, -14.276673, 726.308146, 3383.415261, -34.486408, 738.167605, 3481.132883, -2.848251, 746.859669, 3590.839081, -22.737002, 707.868919, 3664.753669, -28.383061, 734.165078, 3761.305011, -18.285137, 712.331397, 3883.918812, 0.794101, 730.817809, 3955.055146, -9.461098, 744.489371, 40105.608317, -20.706766, 723.076235, 4165.973198, -3.170836, 751.101821, 4258.740370, -42.676726, 728.984259, 4379.660183, -13.485759, 738.196767, 4460.900275, -38.116768, 727.507529, 45102.372123, -1.501971, 748.469225, 46104.853266, -42.512200, 712.245213, 4782.090752, -35.431460, 737.658891, 4889.033833, -5.736963, 730.612203, 4962.924137, -4.906050, 713.310303, 50102.025637, -5.061690, 736.302044, 5168.174479, 6.687228, 725.290409, 5262.348844, -40.336288, 726.312393, 5385.945302, -14.900410, 756.525299, 5467.214576, -8.224308, 710.568246, 5589.334110, -11.616193, 752.764422, 5680.875961, -12.526815, 753.950978, 5787.733439, -36.199981, 710.678615, 5868.464873, -1.390421, 748.640435, 5993.689112, 7.309369, 735.893434, 60101.611369, 3.571095, 722.990852, 6180.985959, -34.018347, 721.837515, 62100.888512, -25.893782, 725.199707, 6370.273439, 5.827247, 753.997965, 6469.871320, -32.722189, 737.932822, 6575.051219, 2.387627, 718.475842, 6670.888186, -22.500313, 749.647606, 6767.911699, -40.530730, 705.606570, 6873.202569, -26.290162, 747.915095, 6964.915571, -38.364956, 747.383542, 7095.421208, -42.517503, 743.113744, 7161.484686, -15.755797, 752.794180, 7277.934081, -20.631219, 719.061259, 7397.745990, -4.582064, 717.045926, 7494.816543, -40.474620, 728.022452, 7575.821836, -19.647730, 722.570381, 7688.909691, -2.983831, 743.767647, 7781.629828, -40.835987, 746.935603, 7881.848677, -21.857866, 712.806341, 7972.836456, -11.166399, 718.139927, 8063.292497, -21.509057, 719.320276, 81101.018488, -14.248720, 747.262496, 8296.885233, -42.078516, 718.790412, 8359.017398, 1.443208, 706.367395, 8470.675698, -9.504035, 709.592824, 8593.310098, -39.446226, 733.642685, 8658.951906, -4.760801, 722.818158, 8797.331690, -28.894909, 725.680786, 8887.339896, -1.270425, 747.521752, 8994.756646, -34.197945, 728.514501, 9055.967585, -25.129701, 750.704066, 9169.899340, -29.875112, 728.614798, 9260.234443, -38.753764, 730.234767, 9373.637073, -33.960696, 723.837323, 9474.616866, -17.509522, 706.491383, 95