x coord, y coord, z coord, scalar
27.762468, 1.066231, 37.629180, 0
14.069718, -2.086285, 63.388586, 1
51.665349, 8.253007, 56.669411, 2
18.045471, 12.635895, 68.387514, 3
22.082351, 8.114294, 42.015792, 4
44.070146, 37.443990, 35.915524, 5
16.401205, 0.429596, 38.781078, 6
19.530676, -12.298693, 70.093134, 7
16.067529, 30.977019, 65.802104, 8
38.181211, -0.576645, 35.294514, 9
40.456908, 14.543984, 50.160891, 10
49.195176, 15.971837, 61.874740, 11
32.153204, 3.455702, 32.388308, 12
59.931775, 8.859313, 58.824327, 13
47.888799, 18.299790, 29.199143, 14
61.013666, -1.811536, 28.903674, 15
16.498685, 1.947818, 43.133419, 16
26.388866, 8.836629, 44.634891, 17
16.051502, 12.262295, 37.872429, 18
52.962714, -13.737967, 51.095936, 19
59.366327, 14.077072, 79.440068, 20
29.096701, -0.909227, 57.672451, 21
62.080548, 18.602164, 74.928303, 22
14.038332, 14.352470, 46.048163, 23
43.971766, -1.940226, 78.148109, 24
44.280016, -5.108042, 38.597121, 25
44.292804, -1.251215, 54.345081, 26
58.535326, 12.495791, 76.981845, 27
22.739692, 15.905433, 51.504676, 28
31.721217, 4.686669, 51.566860, 29
53.926263, -0.128481, 79.444066, 30
52.935836, 16.326348, 40.795382, 31
30.177778, 14.225428, 73.197690, 32
24.675581, 15.621897, 49.810704, 33
41.832844, -4.587818, 61.670613, 34
39.550455, 27.050337, 70.362723, 35
49.256678, 7.161650, 31.372048, 36
23.171253, 1.515519, 57.667991, 37
19.722592, 11.613362, 35.833967, 38
42.336376, 30.692693, 54.320772, 39
13.472720, 20.437483, 67.992436, 40
64.025894, 9.191835, 46.579328, 41
24.390771, 26.727749, 74.604902, 42
17.157956, -12.778146, 52.487334, 43
38.077757, 16.412830, 61.699667, 44
19.317863, -8.218189, 51.010540, 45
60.789696, 28.396619, 71.972351, 46
63.270850, -12.613604, 35.748405, 47
40.508335, -5.532871, 61.161897, 48
47.451400, 24.161633, 54.115132, 49
21.341673, 24.992499, 36.813154, 50
60.443209, 24.836903, 59.805133, 51
26.592039, 36.585809, 48.793421, 52
20.766433, -10.437709, 49.815420, 53
44.362877, 14.998178, 80.028395, 54
25.632057, 21.674202, 34.070757, 55
47.751685, 18.282396, 76.267509, 56
39.293536, 17.371772, 77.454055, 57
46.151045, -6.301374, 34.181723, 58
26.882446, 28.508164, 72.143505, 59
52.106682, 37.207960, 59.396530, 60
60.028938, 33.469691, 46.493973, 61
39.403561, -4.119751, 45.340326, 62
59.306093, 4.004819, 48.702756, 63
28.691012, 35.725832, 77.501079, 64
28.288903, -2.823604, 61.435798, 65
33.468763, 32.286214, 41.978735, 66
29.305763, 7.398272, 73.150650, 67
26.329309, -10.632153, 29.109817, 68
31.620147, 3.608424, 71.418131, 69
23.333151, -8.466371, 70.886629, 70
53.838788, -12.618913, 66.616860, 71
19.902262, 14.142787, 76.297261, 72
36.351683, 9.267396, 42.562663, 73
56.163554, 25.316543, 40.548992, 74
53.234128, -10.576026, 51.525533, 75
34.239422, 10.250862, 46.072312, 76
47.327263, 26.914759, 67.270703, 77
40.047409, -10.937399, 70.438695, 78
40.266327, 8.040846, 36.307700, 79
31.253978, 18.732172, 41.641470, 80
21.710088, 8.389487, 42.822682, 81
59.436063, 15.649871, 70.765598, 82
55.302820, -12.179919, 42.293539, 83
17.434948, 31.341773, 29.870622, 84
29.093082, 20.394455, 33.094776, 85
51.727681, -9.547634, 57.145758, 86
17.369468, 25.137767, 46.321060, 87
55.749273, 1.003691, 49.183804, 88
45.757469, 28.628164, 71.024830, 89
53.174231, -4.299348, 52.017534, 90
14.385162, 4.768882, 74.207157, 91
28.316931, 0.023468, 52.117575, 92
18.652029, -8.855184, 53.737799, 93
32.054673, -4.062111, 47.340109, 94
33.034418, 12.389065, 29.995045, 95
