x coord, y coord, z coord, scalar
126.067214, -64.939897, 1108.959556, 0
116.517614, -59.091459, 1125.679796, 1
128.851036, -70.719740, 1131.393399, 2
161.376886, -33.972544, 1102.622752, 3
122.339282, -27.293721, 1087.573494, 4
147.145078, -34.223246, 1123.236046, 5
112.061921, -47.102794, 1137.457254, 6
164.741730, -57.841592, 1149.319624, 7
166.001343, -37.744701, 1138.999744, 8
173.191400, -67.956987, 1094.091159, 9
140.132972, -48.034665, 1124.516793, 10
164.326283, -37.661897, 1092.071907, 11
136.520224, -83.674871, 1116.717746, 12
114.427394, -28.442843, 1109.391738, 13
132.283458, -80.967917, 1108.744194, 14
135.090333, -39.967728, 1101.167427, 15
173.559716, -34.050704, 1149.430656, 16
157.530659, -44.173331, 1118.235314, 17
153.363972, -53.036338, 1107.136903, 18
138.877650, -54.709419, 1134.546760, 19
148.201959, -89.440719, 1113.157597, 20
119.232944, -31.259292, 1102.142083, 21
126.538151, -69.603364, 1113.832466, 22
158.489443, -61.320888, 1112.036528, 23
114.395080, -35.182238, 1126.434580, 24
138.372768, -74.956292, 1113.112823, 25
154.773666, -76.260922, 1105.708789, 26
150.718085, -93.594609, 1088.181925, 27
115.467340, -46.375465, 1130.511504, 28
137.837660, -82.362379, 1102.448436, 29
118.897449, -40.305256, 1108.373590, 30
147.288426, -27.217203, 1103.760760, 31
164.663869, -75.543382, 1129.523294, 32
125.010837, -91.918261, 1094.848705, 33
152.280808, -83.668076, 1086.312838, 34
125.229246, -51.440131, 1106.722136, 35
153.575756, -71.530854, 1125.827323, 36
174.517994, -26.957593, 1127.598670, 37
109.213772, -86.354618, 1107.869431, 38
154.958593, -54.661855, 1120.872842, 39
172.640488, -41.909261, 1107.214062, 40
127.528036, -69.485174, 1106.642859, 41
146.522126, -79.685681, 1126.465661, 42
122.559298, -60.819338, 1129.912856, 43
132.641303, -83.403203, 1141.611371, 44
134.187530, -64.318856, 1116.815999, 45
156.143306, -85.607420, 1140.652465, 46
128.484514, -85.953755, 1140.341347, 47
171.316500, -82.884853, 1149.352452, 48
125.699870, -34.071121, 1121.336844, 49
161.806135, -36.294996, 1106.073996, 50
115.534008, -83.631261, 1131.954748, 51
137.410634, -43.253995, 1147.635235, 52
110.390183, -26.839579, 1113.461580, 53
155.536794, -69.062622, 1125.424181, 54
143.661739, -41.019900, 1087.751717, 55
106.992894, -59.740910, 1097.510128, 56
162.878574, -37.401240, 1106.922284, 57
149.733570, -40.949088, 1119.403230, 58
145.599731, -90.113580, 1111.978484, 59
113.450506, -34.452304, 1102.329880, 60
134.757822, -93.782616, 1114.064437, 61
113.226375, -62.516868, 1097.456751, 62
107.375111, -58.271562, 1097.263575, 63
136.069946, -77.599136, 1123.566570, 64
108.008119, -40.082230, 1109.193343, 65
110.993225, -39.234198, 1144.818492, 66
123.736868, -51.219898, 1134.063856, 67
145.892351, -76.350821, 1119.760540, 68
111.809561, -36.895889, 1125.013043, 69
139.021438, -29.590279, 1117.207066, 70
156.584669, -69.696807, 1118.790233, 71
117.163021, -62.615241, 1151.639759, 72
129.853241, -61.384988, 1120.011827, 73
142.350244, -31.459874, 1137.780952, 74
112.431015, -29.596613, 1124.344987, 75
136.857711, -93.467762, 1111.757065, 76
128.189905, -75.875873, 1087.183423, 77
108.767237, -36.128348, 1106.198521, 78
143.761331, -30.463685, 1095.948991, 79
115.288216, -66.306601, 1093.005018, 80
147.728627, -84.586291, 1118.674111, 81
113.032824, -73.568097, 1151.425062, 82
111.186011, -49.859726, 1116.685969, 83
146.433412, -82.373892, 1111.872490, 84
130.728101, -76.087744, 1108.922050, 85
170.306427, -45.374893, 1110.820451, 86
128.577368, -92.049315, 1130.310475, 87
130.994202, -89.426956, 1120.828371, 88
152.426143, -51.810527, 1117.010969, 89
163.608494, -42.667159, 1146.070496, 90
171.846937, -69.802845, 1088.130460, 91
137.034982, -62.914883, 1109.927639, 92
134.973610, -57.873739, 1086.714718, 93
166.893052, -86.304659, 1099.706774, 94
125.279531, -61.721325, 1118.983516, 95
149.435226, -66.279327, 1100.256224, 96
106.769544, -43.846772, 1103.572840, 97
152.313285, -87.716902, 1109.511742, 98
119.655609, -41.435620, 1153.067397, 99
151.900077, -52.691536, 1137.046570, 100
144.484279, -55.708900, 1093.889777, 101
147.848053, -93.538265, 1126.340902, 102
173.009600, -64.709519, 1095.113500, 103
106.238261, -72.680787, 1104.174617, 104
121.178448, -53.546044, 1137.819806, 105
155.396589, -78.975259, 1098.186149, 106
170.886293, -78.350592, 1149.705389, 107
120.973059, -32.182148, 1088.634724, 108
145.718155, -87.390915, 1142.565142, 109
145.299202, -41.635730, 1116.519716, 110
128.859395, -72.015781, 1087.457236, 111
137.982634, -30.312576, 1089.284890, 112
110.837375, -32.167307, 1119.941249, 113
121.184222, -32.073909, 1142.626449, 114
140.592209, -85.759892, 1115.726411, 115
124.925285, -36.508140, 1132.117204, 116
138.344814, -40.486205, 1149.132685, 117
134.563895, -94.377490, 1143.596767, 118
138.432021, -54.804191, 1151.572159, 119
127.510775, -84.369334, 1136.582408, 120
159.264008, -61.654816, 1091.212760, 121
161.954669, -29.817052, 1087.546606, 122
166.472909, -93.844039, 1150.745235, 123
132.927978, -78.804703, 1145.318054, 124
122.068184, -44.357327, 1086.204017, 125
153.028034, -94.296436, 1145.061888, 126
131.659047, -62.096496, 1131.221937, 127
