x coord, y coord, z coord, scalar
164.109345, -98.235199, 1943.332789, 0
154.559753, -92.386731, 1960.053158, 1
166.893050, -104.015017, 1965.767115, 2
199.419022, -67.267854, 1936.996359, 3
160.381418, -60.589028, 1921.947099, 4
185.187220, -67.518556, 1957.609654, 5
150.104063, -80.398088, 1971.831006, 6
202.783865, -91.136905, 1983.693365, 7
204.043481, -71.040012, 1973.373430, 8
211.233534, -101.252296, 1928.464771, 9
178.175132, -81.329986, 1958.890169, 10
202.368418, -70.957206, 1926.445517, 11
174.562346, -116.970182, 1951.091222, 12
152.469532, -61.738148, 1943.765338, 13
170.325584, -114.263225, 1943.117644, 14
173.132471, -73.263035, 1935.540953, 15
211.601851, -67.346014, 1983.804346, 16
195.572798, -77.468644, 1952.608898, 17
191.406109, -86.331650, 1941.510414, 18
176.919846, -88.004779, 1968.921042, 19
186.244087, -122.736030, 1947.531172, 20
157.275081, -64.554597, 1936.515665, 21
164.580274, -102.898665, 1948.205579, 22
196.531577, -94.616202, 1946.410063, 23
152.437221, -68.477539, 1960.808208, 24
176.414892, -108.251605, 1947.486139, 25
192.815797, -109.556233, 1940.082333, 26
188.760217, -126.889918, 1922.555531, 27
153.509487, -79.670757, 1964.885151, 28
175.879789, -115.657687, 1936.821948, 29
156.939588, -73.600559, 1942.747114, 30
185.330563, -60.512511, 1938.134360, 31
202.706000, -108.838697, 1963.896947, 32
163.052968, -125.213568, 1929.222286, 33
190.322940, -116.963384, 1920.686432, 34
163.271385, -84.735435, 1941.095516, 35
191.617884, -104.826177, 1960.200897, 36
212.560130, -60.252903, 1961.972327, 37
147.255901, -119.649921, 1942.243009, 38
193.000731, -87.957175, 1955.246373, 39
210.682623, -75.204571, 1941.587683, 40
165.570165, -102.780479, 1941.016187, 41
184.564247, -112.981001, 1960.839236, 42
160.601440, -94.114528, 1964.286128, 43
170.683421, -116.698512, 1975.985218, 44
172.229658, -97.614172, 1951.188601, 45
194.185435, -118.902733, 1975.026178, 46
166.526633, -119.249061, 1974.715136, 47
209.358632, -116.180163, 1983.726152, 48
163.742014, -67.366425, 1955.710422, 49
199.848271, -69.590306, 1940.447600, 50
153.576130, -116.926560, 1966.328419, 51
175.452780, -76.549304, 1982.009129, 52
148.432321, -60.134883, 1947.835195, 53
193.578924, -102.357944, 1959.797760, 54
181.703875, -74.315208, 1922.125295, 55
145.035028, -93.036213, 1931.883680, 56
200.920711, -70.696550, 1941.295888, 57
187.775712, -74.244401, 1953.776790, 58
183.641859, -123.408890, 1946.352053, 59
151.492643, -67.747608, 1936.703461, 60
172.799949, -127.077924, 1948.438013, 61
151.268508, -95.812172, 1931.830271, 62
145.417245, -91.566865, 1931.637127, 63
174.112053, -110.894452, 1957.939911, 64
146.050256, -73.377533, 1943.566917, 65
149.035364, -72.529499, 1979.192239, 66
161.779042, -84.515171, 1968.437778, 67
183.934474, -109.646141, 1954.133982, 68
149.851702, -70.191190, 1959.386662, 69
177.063579, -62.885587, 1951.580658, 70
194.626800, -102.992125, 1953.163772, 71
155.205153, -95.910539, 1986.013730, 72
167.895379, -94.680283, 1954.383674, 73
180.392386, -64.755183, 1972.154657, 74
150.473154, -62.891916, 1958.718620, 75
174.899839, -126.763070, 1946.130638, 76
166.232037, -109.171179, 1921.556980, 77
146.809374, -69.423652, 1940.572107, 78
181.803468, -63.758993, 1930.322581, 79
153.330349, -99.601905, 1927.378555, 80
185.770753, -117.881604, 1953.047666, 81
151.074953, -106.863397, 1985.798906, 82
149.228149, -83.155023, 1951.059472, 83
184.475539, -115.669204, 1946.246008, 84
168.770227, -109.383051, 1943.295421, 85
208.348563, -78.670204, 1945.194065, 86
166.619491, -125.344621, 1964.684129, 87
169.036325, -122.722263, 1955.201934, 88
190.468283, -85.105844, 1951.384463, 89
201.650631, -75.962471, 1980.444212, 90
209.889070, -103.098154, 1922.504073, 91
175.077115, -96.210195, 1944.300823, 92
173.015744, -91.169047, 1921.088262, 93
204.935184, -119.599968, 1934.080386, 94
163.321665, -95.016607, 1953.356070, 95
187.477359, -99.574638, 1934.629728, 96
144.811680, -77.142075, 1937.946409, 97
190.355414, -121.012213, 1943.885320, 98
157.697749, -74.730923, 1987.441213, 99
189.942219, -85.986859, 1971.420345, 100
182.526414, -89.004209, 1928.263299, 101
185.890180, -126.833576, 1960.714538, 102
211.051734, -98.004829, 1929.487110, 103
144.280393, -105.976089, 1938.548167, 104
159.220605, -86.841318, 1972.193929, 105
193.438721, -112.270569, 1932.559719, 106
208.928425, -111.645903, 1984.079096, 107
159.015195, -65.477454, 1923.008318, 108
183.760281, -120.686228, 1976.938894, 109
183.341345, -74.931042, 1950.893229, 110
166.901528, -105.311088, 1921.830783, 111
176.024770, -63.607884, 1923.658485, 112
148.879513, -65.462610, 1954.314862, 113
159.226363, -65.369212, 1977.000182, 114
178.634334, -119.055203, 1950.099932, 115
162.967432, -69.803442, 1966.490878, 116
176.386957, -73.781514, 1983.506525, 117
172.606021, -127.672798, 1977.970500, 118
176.474161, -88.099503, 1985.946238, 119
165.552890, -117.664639, 1970.956172, 120
197.306142, -94.950126, 1925.586339, 121
199.996804, -63.112360, 1921.920225, 122
204.515040, -127.139349, 1985.118932, 123
170.970096, -112.100013, 1979.692036, 124
160.110319, -77.652632, 1920.577590, 125
191.070163, -127.591746, 1979.435597, 126
169.701185, -95.391799, 1965.595552, 127
