x coord, y coord, z coord, scalar
212.995403, -142.446832, 3186.362104, 0
203.445819, -136.598324, 3203.082666, 1
215.778955, -148.226617, 3208.797152, 2
248.305086, -111.479495, 3180.026232, 3
209.267482, -104.800665, 3164.976968, 4
234.073293, -111.730200, 3200.639529, 5
198.990135, -124.609710, 3214.861095, 6
251.669927, -135.348552, 3226.723437, 7
252.929546, -115.251656, 3216.403420, 8
260.119595, -145.463938, 3171.494651, 9
227.061229, -125.541642, 3201.919696, 10
251.254481, -115.168847, 3169.475395, 11
223.448392, -161.181825, 3194.120897, 12
201.355598, -105.949783, 3186.795199, 13
219.211635, -158.474865, 3186.147282, 14
222.018538, -117.474675, 3178.570704, 15
260.487915, -111.557656, 3226.834342, 16
244.458866, -121.680291, 3195.638735, 17
240.292174, -130.543296, 3184.540144, 18
225.805989, -132.216487, 3211.951923, 19
235.130142, -166.947674, 3190.560996, 20
206.161147, -108.766234, 3179.545499, 21
213.466322, -147.110296, 3191.234715, 22
245.417640, -138.827851, 3189.439828, 23
201.323292, -112.689170, 3203.838112, 24
225.300940, -152.463252, 3190.515578, 25
241.701855, -153.767878, 3183.112112, 26
237.646276, -171.101558, 3165.585401, 27
202.395564, -123.882376, 3207.915084, 28
224.765845, -159.869328, 3179.851678, 29
205.825656, -117.812193, 3185.776863, 30
234.216629, -104.724151, 3181.164221, 31
251.592058, -153.050345, 3206.926888, 32
211.939026, -169.425206, 3172.252120, 33
239.209000, -161.175025, 3163.716285, 34
212.157453, -128.947069, 3184.125051, 35
240.503939, -149.037836, 3203.230721, 36
261.446194, -104.464544, 3205.002274, 37
196.141958, -163.861556, 3185.272839, 38
241.886799, -132.168830, 3198.276131, 39
259.568687, -119.416214, 3184.617575, 40
214.456220, -146.992115, 3184.045644, 41
233.450291, -157.192656, 3203.869060, 42
209.487510, -138.326015, 3207.315500, 43
219.569461, -160.910153, 3219.015450, 44
221.115711, -141.825821, 3194.216973, 45
243.071489, -163.114380, 3218.056210, 46
215.412676, -163.460699, 3217.745281, 47
258.244691, -160.391807, 3226.756164, 48
212.628088, -111.578060, 3198.740250, 49
248.734336, -113.801948, 3183.477468, 50
202.462175, -161.138189, 3209.358387, 51
224.338856, -120.760946, 3225.039430, 52
197.318387, -104.346519, 3190.865079, 53
242.464981, -146.569602, 3202.827591, 54
230.589938, -118.526848, 3165.155124, 55
193.921089, -137.247848, 3174.913471, 56
249.806775, -114.908193, 3184.325758, 57
236.661784, -118.456047, 3196.806593, 58
232.527913, -167.620533, 3189.381870, 59
200.378709, -111.959244, 3179.733295, 60
221.686002, -171.289564, 3191.467838, 61
200.154569, -140.023806, 3174.860015, 62
194.303306, -135.778499, 3174.666917, 63
222.998079, -155.106104, 3200.969386, 64
194.936322, -117.589166, 3186.596741, 65
197.921433, -116.741130, 3222.222320, 66
210.665155, -128.726765, 3211.468122, 67
232.820521, -153.857796, 3197.163609, 68
198.737772, -114.402820, 3202.416553, 69
225.949649, -107.097227, 3194.610507, 70
243.512859, -147.203778, 3196.193542, 71
204.091213, -140.122166, 3229.044147, 72
216.781446, -138.891905, 3197.410921, 73
229.278459, -108.966825, 3215.184676, 74
199.359223, -107.103550, 3201.748532, 75
223.785892, -170.974711, 3189.160459, 76
215.118097, -153.382818, 3164.586776, 77
195.695439, -113.635287, 3183.601947, 78
230.689533, -107.970633, 3173.352429, 79
202.216409, -143.813541, 3170.408324, 80
234.656804, -162.093251, 3196.077461, 81
199.961008, -151.075027, 3228.829133, 82
198.114217, -127.366649, 3194.089189, 83
233.361593, -159.880849, 3189.275746, 84
217.656278, -153.594690, 3186.324941, 85
257.234627, -122.881847, 3188.223949, 86
215.505537, -169.556260, 3207.714072, 87
217.922371, -166.933903, 3198.231741, 88
239.354352, -129.317496, 3194.414166, 89
250.536697, -120.174116, 3223.474248, 90
258.775131, -147.309795, 3165.533955, 91
223.963176, -140.421840, 3187.330064, 92
221.901806, -135.380686, 3164.118041, 93
253.821243, -163.811610, 3177.110266, 94
212.207725, -139.228214, 3196.384370, 95
236.363419, -143.786282, 3177.659445, 96
193.697744, -121.353709, 3180.976226, 97
239.241471, -165.223856, 3186.915148, 98
206.583818, -118.942556, 3230.471396, 99
238.828292, -130.198518, 3214.450468, 100
231.412476, -133.215850, 3171.293046, 101
234.776233, -171.045220, 3203.744454, 102
259.937795, -142.216471, 3172.516987, 103
193.166451, -150.187722, 3181.577954, 104
208.106696, -131.052913, 3215.224572, 105
242.324780, -156.482211, 3175.589536, 106
257.814485, -155.857547, 3227.109116, 107
207.901259, -109.689091, 3166.038172, 108
232.646331, -164.897873, 3219.968983, 109
232.227418, -119.142688, 3193.922962, 110
215.787587, -149.522726, 3164.860566, 111
224.910834, -107.819523, 3166.688339, 112
197.765581, -109.674243, 3197.344745, 113
208.112435, -109.580847, 3220.030241, 114
227.520384, -163.266847, 3193.129675, 115
211.853511, -114.015075, 3209.520850, 116
225.273030, -117.993155, 3226.536744, 117
221.492072, -171.884439, 3221.000560, 118
225.360231, -132.311149, 3228.976815, 119
214.438928, -161.876275, 3213.986277, 120
246.192204, -139.161768, 3168.616169, 121
248.882868, -107.324000, 3164.950114, 122
253.401099, -171.350992, 3228.148939, 123
219.856136, -156.311655, 3222.722468, 124
208.996382, -121.864270, 3163.607411, 125
239.956219, -171.803389, 3222.465623, 126
218.587252, -139.603433, 3208.625435, 127
