x coord, y coord, z coord, scalar
488.292967, -423.515136, 20980.020545, 0
478.743460, -417.666390, 20996.743880, 1
491.075612, -429.294642, 21002.465957, 2
523.602686, -392.547856, 20973.692686, 3
484.565079, -385.869002, 20958.643369, 4
509.370937, -392.798577, 20994.306011, 5
474.287791, -405.677957, 21008.530657, 6
526.967515, -416.416941, 21020.392760, 7
528.227152, -396.320033, 21010.071557, 8
535.417173, -426.532298, 20965.161203, 9
502.359011, -406.610108, 20995.581184, 10
526.552074, -396.237202, 20963.141918, 11
498.745879, -442.250185, 20987.784524, 12
476.653212, -387.018108, 20980.461489, 13
494.509157, -439.543207, 20979.810375, 14
497.316153, -398.543021, 20972.235418, 15
535.785511, -392.626019, 21020.502579, 16
519.756483, -402.748685, 20989.304686, 17
515.589774, -411.611683, 20978.204552, 18
501.104028, -413.285288, 21005.632854, 19
510.427678, -448.016041, 20984.226762, 20
481.458757, -389.834563, 20973.211405, 21
488.763824, -428.178581, 20984.890585, 22
520.715222, -419.896252, 20983.104727, 23
476.620938, -393.757471, 20997.505017, 24
500.598438, -433.531635, 20984.175806, 25
516.999414, -434.836255, 20976.777214, 26
512.943844, -452.169907, 20959.251820, 27
477.693257, -404.950605, 21001.582401, 28
500.063391, -440.937680, 20973.516087, 29
481.123282, -398.880509, 20979.441539, 30
509.514237, -385.792504, 20974.830506, 31
526.889615, -434.118744, 21000.594327, 32
487.236585, -450.493541, 20965.918020, 33
514.506570, -442.243376, 20957.382453, 34
487.455076, -410.015385, 20977.786651, 35
515.801467, -430.106296, 20996.896470, 36
536.743791, -385.532906, 20998.669797, 37
471.439510, -444.929869, 20978.938671, 38
517.184411, -413.237271, 20991.940940, 39
534.866280, -400.484579, 20978.284312, 40
489.753768, -428.060436, 20977.706128, 41
508.747763, -438.261087, 20997.534823, 42
484.785234, -419.393444, 21000.974760, 43
494.866915, -441.978498, 21012.687052, 44
496.413236, -422.894224, 20987.861886, 45
518.369027, -444.182765, 21011.724940, 46
490.710145, -444.529023, 21011.415644, 47
533.542258, -441.460176, 21020.424618, 48
487.925751, -392.646385, 20992.406067, 49
524.031937, -394.870313, 20977.143858, 50
477.759669, -442.206462, 21003.026210, 51
499.636527, -401.829316, 21018.712034, 52
472.616000, -385.414841, 20984.531700, 53
517.762528, -427.638057, 20996.493442, 54
505.887533, -399.595196, 20958.820957, 55
469.218674, -418.316161, 20968.578752, 56
525.104376, -395.976558, 20977.992161, 57
511.959426, -399.524442, 20990.472038, 58
507.825449, -448.688896, 20983.047519, 59
475.676316, -393.027568, 20973.399183, 60
496.983529, -452.357909, 20985.133617, 61
475.452150, -421.092121, 20968.524613, 62
469.600893, -416.846814, 20968.332194, 63
498.295440, -436.174504, 20994.630133, 64
470.233934, -398.657476, 20980.262490, 65
473.219063, -397.809428, 21015.891765, 66
485.963076, -409.794866, 21005.141335, 67
508.118009, -434.926227, 20990.826535, 68
474.035412, -395.471116, 20996.083274, 69
501.247286, -388.165581, 20988.276624, 70
518.810413, -428.272201, 20989.858535, 71
479.388793, -421.190432, 21022.718413, 72
492.079067, -419.960148, 20991.039706, 73
504.576108, -390.035191, 21008.853230, 74
474.656851, -388.171864, 20995.415540, 75
499.083425, -452.043059, 20982.826171, 76
490.415667, -434.451155, 20958.252137, 77
470.993048, -394.703604, 20977.267936, 78
505.987136, -389.038982, 20967.018518, 79
477.513987, -424.881864, 20964.073277, 80
509.954320, -443.161637, 20989.742798, 81
475.258555, -432.143311, 21022.500669, 82
473.411845, -408.434915, 20987.753414, 83
508.659122, -440.949227, 20982.940270, 84
492.953798, -434.663026, 20979.986340, 85
532.532221, -403.950219, 20981.890563, 86
490.803031, -450.624590, 21001.381529, 87
493.219865, -448.002240, 20991.897246, 88
514.651973, -410.385920, 20988.078182, 89
525.834302, -401.242497, 21017.143041, 90
534.072709, -428.378151, 20959.200537, 91
499.260751, -421.490222, 20980.987449, 92
497.199391, -416.449030, 20957.783146, 93
529.118811, -444.879970, 20970.776820, 94
487.505321, -420.296360, 20990.028256, 95
511.660993, -424.854653, 20971.323673, 96
468.995347, -402.422022, 20974.641871, 97
514.539018, -446.292224, 20980.580967, 98
481.881449, -400.010869, 21024.142313, 99
514.125933, -411.266993, 21008.120521, 100
506.710066, -414.284207, 20964.957693, 101
510.073758, -452.113589, 20997.411538, 102
535.235375, -423.284832, 20966.183506, 103
468.464018, -431.256028, 20975.243182, 104
483.404483, -412.121010, 21008.902092, 105
517.622345, -437.550574, 20969.255190, 106
533.112053, -436.925919, 21020.777696, 107
483.198856, -390.757427, 20959.704352, 108
507.943844, -445.966251, 21013.638544, 109
507.525069, -400.211076, 20987.587396, 110
491.085160, -430.591065, 20958.525736, 111
500.208433, -388.887867, 20960.354529, 112
473.063207, -390.742554, 20991.011336, 113
483.410079, -390.649167, 21013.699385, 114
502.817892, -444.335214, 20986.794272, 115
487.151204, -395.083388, 21003.188724, 116
500.570684, -399.061520, 21020.208180, 117
496.789591, -452.952784, 21014.669704, 118
500.657862, -413.379537, 21022.653385, 119
489.736368, -442.944588, 21007.656075, 120
521.489785, -420.230128, 20962.282020, 121
524.180460, -388.392351, 20958.616818, 122
528.698661, -452.419353, 21021.817319, 123
495.153590, -437.380003, 21016.396958, 124
484.293975, -402.932605, 20957.273126, 125
515.253762, -452.871755, 21016.134277, 126
493.884872, -420.671750, 21002.292042, 127
