x coord, y coord, z coord, scalar
255.818477, -195.179438, 5399.670079, 0
246.268911, -189.330889, 5416.390986, 1
258.601874, -200.959157, 5422.106414, 2
291.128165, -164.212112, 5393.335203, 3
252.090560, -157.533278, 5378.285932, 4
276.896379, -164.462820, 5413.948503, 5
241.813226, -177.342308, 5428.170452, 6
294.493003, -188.081173, 5440.032764, 7
295.752626, -167.984276, 5429.712599, 8
302.942670, -198.196554, 5384.803634, 9
269.884337, -178.274281, 5415.228050, 10
294.077559, -167.901462, 5382.784374, 11
266.271451, -213.914439, 5407.429517, 12
244.178680, -158.682394, 5400.104150, 13
262.034701, -211.207477, 5399.455836, 14
264.841620, -170.207289, 5391.879459, 15
303.310993, -164.290273, 5440.143534, 16
287.281947, -174.412914, 5408.947644, 17
283.115252, -183.275918, 5397.848861, 18
268.629137, -184.949190, 5425.262690, 19
277.953209, -219.680290, 5403.869881, 20
248.984228, -161.498845, 5392.854402, 21
256.289385, -199.842897, 5404.542372, 22
288.240714, -191.560474, 5402.748605, 23
244.146380, -165.421777, 5417.147139, 24
268.124001, -205.195871, 5403.823775, 25
284.524927, -206.500497, 5396.420915, 26
280.469350, -223.834172, 5378.894368, 27
245.218662, -176.614971, 5421.224162, 28
267.588915, -212.601942, 5393.160395, 29
248.648740, -170.544802, 5399.085613, 30
277.039709, -157.456767, 5394.473170, 31
294.415129, -205.782968, 5420.235981, 32
254.762098, -222.157817, 5385.561022, 33
282.032073, -213.907639, 5377.025220, 34
254.980537, -181.679678, 5397.433419, 35
283.327003, -201.770469, 5416.539604, 36
304.269272, -157.197161, 5418.311378, 37
238.965029, -216.594163, 5398.581732, 38
284.709879, -184.901461, 5411.584897, 39
302.391764, -172.148831, 5397.926581, 40
257.279291, -199.724724, 5397.353874, 41
276.273346, -209.925282, 5417.177945, 42
252.310629, -191.058470, 5420.623578, 43
262.392515, -213.642764, 5432.325060, 44
263.938776, -194.558444, 5407.523268, 45
285.894557, -215.846999, 5431.365463, 46
258.235732, -216.193307, 5431.054737, 47
301.067764, -213.124424, 5440.065383, 48
255.451179, -164.310672, 5412.049142, 49
291.557415, -166.534566, 5396.786431, 50
245.285237, -213.870788, 5422.667528, 51
267.161947, -173.493566, 5438.349164, 52
240.141469, -157.079129, 5404.174071, 53
285.288049, -199.302234, 5416.136487, 54
273.413017, -171.259462, 5378.464018, 55
236.744166, -189.980456, 5388.222296, 56
292.629854, -167.640810, 5397.634722, 57
279.484869, -171.188671, 5410.115438, 58
275.350981, -220.353149, 5402.690741, 59
243.201789, -164.691854, 5393.042195, 60
264.509068, -224.022176, 5404.776725, 61
242.977645, -192.756414, 5388.168755, 62
237.126384, -188.511108, 5387.975742, 63
265.821115, -207.838723, 5414.277648, 64
237.759404, -170.321774, 5399.905624, 65
240.744518, -169.473736, 5435.531662, 66
253.488295, -181.459343, 5424.777932, 67
275.643579, -206.590422, 5410.472142, 68
241.560859, -167.135426, 5415.725557, 69
268.772735, -159.829843, 5407.919436, 70
286.335928, -199.936404, 5409.502331, 71
246.914290, -192.854765, 5442.354088, 72
259.604531, -191.624501, 5410.715210, 73
272.101546, -161.699444, 5428.493907, 74
242.182308, -159.836159, 5415.057572, 75
266.608960, -223.707324, 5402.469337, 76
257.941171, -206.115430, 5377.895611, 77
238.518520, -166.367896, 5396.910860, 78
273.512613, -160.703247, 5386.661354, 79
245.039485, -196.546151, 5383.717108, 80
277.479868, -214.825871, 5409.386293, 81
242.784079, -203.807629, 5442.138735, 82
240.937303, -180.099249, 5407.397883, 83
276.184659, -212.613468, 5402.584477, 84
260.479344, -206.327301, 5399.633284, 85
300.057704, -175.614466, 5401.532939, 86
258.328598, -222.288869, 5421.023167, 87
260.745432, -219.666513, 5411.540594, 88
282.177433, -182.050124, 5407.722834, 89
293.359776, -172.906736, 5436.783509, 90
301.598206, -200.042411, 5378.842941, 91
266.786250, -193.154460, 5400.637908, 92
264.724882, -188.113299, 5377.426845, 93
296.644316, -216.544226, 5390.419249, 94
255.030808, -191.960793, 5409.690538, 95
279.186493, -196.518900, 5390.968139, 96
236.520824, -174.086317, 5394.285096, 97
282.064540, -217.956473, 5400.224040, 98
249.406903, -171.675165, 5443.780921, 99
281.651376, -182.931156, 5427.759886, 100
274.235553, -185.948466, 5384.601793, 101
277.599298, -223.777837, 5417.053503, 102
302.760870, -194.949087, 5385.825966, 103
235.989525, -202.920329, 5394.886772, 104
250.929813, -183.785487, 5428.534917, 105
285.147853, -209.214828, 5388.898408, 106
300.637558, -208.590165, 5440.418351, 107
250.724338, -162.421703, 5379.347108, 108
275.469394, -217.630491, 5433.278340, 109
275.050505, -171.875310, 5407.231682, 110
258.610662, -202.255338, 5378.169378, 111
267.733913, -160.552136, 5379.997277, 112
240.588666, -162.406851, 5410.653733, 113
250.935522, -162.313457, 5433.339546, 114
270.343446, -215.999463, 5406.438415, 115
254.676607, -166.747685, 5422.829997, 116
268.096118, -170.725774, 5439.846334, 117
264.315137, -224.617051, 5434.309865, 118
268.183315, -185.043771, 5442.287042, 119
257.261980, -214.608880, 5427.295663, 120
289.015279, -191.894384, 5381.925065, 121
291.705945, -160.056615, 5378.259116, 122
296.224171, -224.083608, 5441.458149, 123
262.679189, -209.044266, 5436.032436, 124
251.819460, -174.596882, 5376.916290, 125
282.779287, -224.536006, 5435.774867, 126
261.410335, -192.336042, 5421.934425, 127
