x coord, y coord, z coord, scalar
240.762372, -169.553133, 4321.256023, 0
231.212796, -163.704601, 4337.976762, 1
243.545834, -175.332892, 4343.691731, 2
276.072059, -138.585802, 4314.920662, 3
237.034454, -131.906970, 4299.871394, 4
261.840269, -138.836508, 4335.533960, 5
226.757113, -151.716006, 4349.755722, 6
279.436899, -162.454861, 4361.618049, 7
280.696520, -142.357965, 4351.297956, 8
287.886565, -172.570245, 4306.389086, 9
254.828219, -152.647959, 4336.813809, 10
279.021453, -142.275153, 4304.369829, 11
251.215353, -188.288132, 4329.015147, 12
229.122572, -133.056086, 4321.689618, 13
246.978600, -185.581170, 4321.041498, 14
249.785512, -144.580980, 4313.465023, 15
288.254887, -138.663963, 4361.728885, 16
272.225840, -148.786601, 4330.533133, 17
268.059146, -157.649606, 4319.434443, 18
253.573005, -159.322837, 4346.847273, 19
262.897108, -194.053981, 4325.455382, 20
233.928120, -135.872537, 4314.439894, 21
241.233285, -174.216595, 4326.128471, 22
273.184610, -165.934162, 4324.334158, 23
229.090269, -139.795471, 4338.732571, 24
253.067903, -179.569561, 4325.409611, 25
269.468824, -180.874186, 4318.006456, 26
265.413246, -198.207863, 4300.479828, 27
230.162546, -150.988670, 4342.809568, 28
252.532812, -186.975634, 4314.745977, 29
233.592631, -144.918496, 4320.671179, 30
261.983602, -131.830457, 4316.058639, 31
279.359027, -180.156656, 4341.821381, 32
239.705994, -196.531510, 4307.146515, 33
266.975969, -188.281330, 4298.610696, 34
239.924428, -156.053371, 4319.019171, 35
268.270904, -176.144152, 4338.125105, 36
289.213166, -131.570851, 4339.896772, 37
223.908925, -190.967858, 4320.167229, 38
269.653773, -159.275144, 4333.170455, 39
287.335659, -146.522521, 4319.512023, 40
242.223188, -174.098418, 4318.939694, 41
261.217251, -184.298969, 4338.763446, 42
237.254494, -165.432230, 4342.209472, 43
247.336419, -188.016458, 4353.910207, 44
248.882676, -168.932132, 4329.110031, 45
270.838456, -190.220689, 4352.950784, 46
243.179635, -190.567002, 4352.639959, 47
286.011660, -187.498114, 4361.650721, 48
240.395067, -138.684363, 4333.634639, 49
276.501309, -140.908255, 4318.371894, 50
230.229137, -188.244487, 4344.252904, 51
252.105836, -147.867254, 4359.934251, 52
225.085361, -131.452822, 4325.759519, 53
270.231949, -173.675918, 4337.721982, 54
258.356910, -145.633153, 4300.049514, 55
221.688060, -164.354150, 4309.807826, 56
277.573748, -142.014500, 4319.220184, 57
264.428760, -145.562357, 4331.700958, 58
260.294880, -194.726840, 4324.276248, 59
228.145682, -139.065547, 4314.627688, 60
249.452967, -198.395869, 4326.362225, 61
227.921540, -167.130108, 4309.754326, 62
222.070278, -162.884802, 4309.561272, 63
250.765028, -182.212415, 4335.863452, 64
222.703296, -144.695468, 4321.491125, 65
225.688408, -143.847431, 4357.116940, 66
238.432159, -155.833046, 4346.362981, 67
260.587483, -180.964109, 4332.057815, 68
226.504749, -141.509120, 4337.311000, 69
253.716626, -134.203533, 4329.504915, 70
271.279827, -174.310090, 4331.087879, 71
231.858184, -167.228463, 4363.939074, 72
244.548420, -165.998200, 4332.302950, 73
257.045436, -136.073132, 4350.079239, 74
227.126198, -134.209852, 4336.642997, 75
251.552858, -198.081017, 4324.054841, 76
242.885066, -180.489122, 4299.481136, 77
223.462413, -140.741589, 4318.496347, 78
258.456506, -135.076938, 4308.246835, 79
229.983380, -170.919844, 4305.302658, 80
262.423768, -189.199560, 4330.971820, 81
227.727975, -178.181326, 4363.723886, 82
225.881192, -154.472946, 4328.983477, 83
261.128558, -186.987158, 4324.170052, 84
245.423243, -180.700994, 4321.219049, 85
285.001599, -149.988155, 4323.118389, 86
243.272499, -196.662563, 4342.608565, 87
245.689333, -194.040207, 4333.126110, 88
267.121327, -156.423809, 4329.308440, 89
278.303670, -147.280425, 4358.368826, 90
286.542101, -174.416101, 4300.428392, 91
251.730146, -167.528149, 4322.223916, 92
249.668777, -162.486991, 4299.012385, 93
281.588213, -190.917917, 4312.004702, 94
239.974697, -166.334499, 4331.277363, 95
264.130389, -170.892589, 4312.553733, 96
221.464717, -148.460011, 4315.870604, 97
267.008438, -192.330164, 4321.809538, 98
234.350793, -146.048858, 4365.366110, 99
266.595269, -157.304836, 4349.345127, 100
259.179448, -160.322157, 4306.187361, 101
262.543198, -198.151528, 4338.638924, 102
287.704766, -169.322778, 4307.411421, 103
220.933420, -177.294024, 4316.472306, 104
235.873687, -158.159194, 4350.119706, 105
270.091749, -183.588518, 4310.483915, 106
285.581454, -182.963855, 4362.003682, 107
235.668231, -136.795395, 4300.932584, 108
260.413295, -192.004182, 4354.863611, 109
259.994396, -146.248997, 4328.817263, 110
243.554557, -176.629031, 4299.754914, 111
252.677806, -134.925828, 4301.582752, 112
225.532556, -136.780545, 4332.239183, 113
235.879411, -136.687149, 4354.924842, 114
255.287347, -190.373154, 4328.023987, 115
239.620493, -141.121377, 4344.415370, 116
253.040008, -145.099462, 4361.431491, 117
249.259037, -198.990744, 4355.895161, 118
253.127207, -159.417458, 4363.871889, 119
242.205885, -188.982577, 4348.880920, 120
273.959174, -166.268074, 4303.510561, 121
276.649839, -134.430306, 4299.844560, 122
281.168068, -198.457298, 4363.043491, 123
247.623094, -183.417960, 4357.617409, 124
236.763354, -148.970574, 4298.501793, 125
267.723186, -198.909697, 4357.360193, 126
246.354227, -166.709736, 4343.519875, 127
