x coord, y coord, z coord, scalar
250.018388, -191.819370, 4738.148650, 0
240.468821, -185.970825, 4754.869454, 1
252.801800, -197.599096, 4760.584600, 2
285.328076, -160.852043, 4731.813476, 3
246.290471, -154.173209, 4716.764207, 4
271.096289, -161.102751, 4752.426775, 5
236.013136, -173.982241, 4766.648610, 6
288.692915, -184.721104, 4778.510931, 7
289.952537, -164.624207, 4768.190810, 8
297.142581, -194.836485, 4723.281903, 9
264.084246, -174.914210, 4753.706508, 10
288.277470, -164.541393, 4721.262645, 11
260.471364, -210.554371, 4745.907896, 12
238.378591, -155.322325, 4738.582429, 13
256.234613, -207.847408, 4737.934234, 14
259.041531, -166.847220, 4730.357797, 15
297.510904, -160.930204, 4778.621742, 16
281.481858, -171.052844, 4747.425936, 17
277.315163, -179.915848, 4736.327210, 18
262.829042, -181.589112, 4763.740427, 19
272.153121, -216.320221, 4742.348181, 20
243.184139, -158.138776, 4731.332696, 21
250.489298, -196.482830, 4743.021038, 22
282.440626, -188.200405, 4741.226937, 23
238.346290, -162.061709, 4755.625396, 24
262.323914, -201.835802, 4742.302280, 25
278.724838, -203.140428, 4734.899239, 26
274.669261, -220.474103, 4717.372642, 27
239.418571, -173.254904, 4759.702403, 28
261.788826, -209.241874, 4731.638744, 29
242.848651, -167.184734, 4737.563952, 30
271.239620, -154.096698, 4732.951450, 31
288.615041, -202.422898, 4758.714218, 32
248.962010, -218.797749, 4724.039316, 33
276.231985, -210.547570, 4715.503504, 34
249.180447, -178.319610, 4735.911873, 35
277.526915, -198.410398, 4755.017904, 36
298.469183, -153.837092, 4756.789611, 37
233.164941, -213.234095, 4737.060029, 38
278.909790, -181.541390, 4750.063232, 39
296.591676, -168.788762, 4736.404844, 40
251.479203, -196.364655, 4735.832369, 41
270.473259, -206.565212, 4755.656244, 42
246.510536, -187.698417, 4759.102119, 43
256.592428, -210.282696, 4770.803142, 44
258.138688, -191.198375, 4746.002341, 45
280.094469, -212.486930, 4769.843652, 46
252.435645, -212.833239, 4769.532865, 47
295.267676, -209.764355, 4778.543582, 48
249.651089, -160.950603, 4750.527439, 49
285.757326, -163.174497, 4735.264707, 50
239.485150, -210.510721, 4761.145751, 51
261.361857, -170.133497, 4776.827210, 52
234.341380, -153.719061, 4742.652338, 53
279.487961, -195.942164, 4754.614783, 54
267.612928, -167.899393, 4716.942315, 55
230.944078, -186.620388, 4726.700613, 56
286.829765, -164.280741, 4736.112998, 57
273.684780, -167.828601, 4748.593749, 58
269.550893, -216.993080, 4741.169044, 59
237.401700, -161.331786, 4731.520490, 60
258.708980, -220.662108, 4743.255023, 61
237.177557, -189.396346, 4726.647098, 62
231.326295, -185.151040, 4726.454059, 63
260.021030, -204.478654, 4752.756133, 64
231.959315, -166.961706, 4738.383924, 65
234.944429, -166.113669, 4774.009824, 66
247.688200, -178.099277, 4763.255954, 67
269.843492, -203.230353, 4748.950547, 68
235.760769, -163.775358, 4754.203821, 69
262.972645, -156.469774, 4746.397722, 70
280.535840, -196.576334, 4747.980659, 71
241.114202, -189.494698, 4780.832072, 72
253.804441, -188.264434, 4749.194883, 73
266.301457, -158.339374, 4766.972103, 74
236.382218, -156.476091, 4753.535824, 75
260.808872, -220.347256, 4740.947638, 76
252.141082, -202.755361, 4716.373925, 77
232.718431, -163.007828, 4735.389151, 78
267.712524, -157.343179, 4725.139641, 79
239.239396, -193.186083, 4722.195438, 80
271.679780, -211.465801, 4747.864608, 81
236.983991, -200.447561, 4780.616820, 82
235.137213, -176.739182, 4745.876240, 83
270.384571, -209.253399, 4741.062822, 84
254.679256, -202.967233, 4738.111746, 85
294.257615, -172.254397, 4740.011207, 86
252.528511, -218.928801, 4759.501403, 87
254.945345, -216.306445, 4750.018903, 88
276.377344, -178.690054, 4746.201198, 89
287.559687, -169.546667, 4775.261696, 90
295.798118, -196.682342, 4717.321210, 91
260.986161, -189.794391, 4739.116518, 92
258.924794, -184.753231, 4715.905168, 93
290.844228, -213.184157, 4728.897519, 94
249.230718, -188.600727, 4748.169649, 95
273.386405, -193.158831, 4729.446495, 96
230.720735, -170.726249, 4732.763399, 97
276.264452, -214.596404, 4738.702337, 98
243.606813, -168.315097, 4782.259029, 99
275.851287, -179.571085, 4766.238026, 100
268.435465, -182.588397, 4723.080133, 101
271.799211, -220.417768, 4755.531753, 102
296.960782, -191.589018, 4724.304237, 103
230.189437, -199.560261, 4733.365092, 104
245.129720, -180.425422, 4767.012780, 105
279.347765, -205.854759, 4727.376711, 106
294.837470, -205.230096, 4778.896546, 107
244.924249, -159.061635, 4717.825392, 108
269.669307, -214.270422, 4771.756498, 109
269.250416, -168.515241, 4745.710030, 110
252.810573, -198.895270, 4716.647699, 111
261.933824, -157.192068, 4718.475560, 112
234.788576, -159.046783, 4749.132001, 113
245.135432, -158.953389, 4771.817720, 114
264.543359, -212.639394, 4744.916758, 115
248.876517, -163.387617, 4761.308218, 116
262.296028, -167.365705, 4778.324422, 117
258.515049, -221.256983, 4772.788039, 118
262.383226, -181.683702, 4780.764940, 119
251.461893, -211.248813, 4765.773813, 120
283.215191, -188.534315, 4720.403361, 121
285.905856, -156.696546, 4716.737380, 122
290.424083, -220.723539, 4779.936351, 123
256.879103, -205.684198, 4774.510411, 124
246.019371, -171.236813, 4715.394591, 125
276.979200, -221.175937, 4774.253059, 126
255.610246, -188.975974, 4760.412693, 127
