x coord, y coord, z coord, scalar
412.040843, -357.850433, 14402.928589, 0
402.491320, -352.001747, 14419.650899, 1
414.823721, -363.629995, 14425.370167, 2
447.350552, -326.883139, 14396.597766, 3
408.312946, -320.204291, 14381.548469, 4
433.118791, -327.133857, 14417.211080, 5
398.035645, -340.013269, 14431.434588, 6
450.715383, -350.752217, 14443.296778, 7
451.975017, -330.655312, 14432.976014, 8
459.165045, -360.867581, 14388.066247, 9
426.106829, -340.945367, 14418.488101, 10
450.299942, -330.572486, 14386.046973, 11
422.493774, -376.585467, 14410.690650, 12
400.401075, -321.353400, 14403.366630, 13
418.257043, -373.878493, 14402.716698, 14
421.064016, -332.878308, 14395.141142, 15
459.533378, -326.961301, 14443.406999, 16
443.504344, -337.083960, 14412.209952, 17
439.337639, -345.946960, 14401.110389, 18
424.851777, -347.620467, 14428.532577, 19
434.175560, -382.351321, 14407.132097, 20
405.206621, -324.169854, 14396.116688, 21
412.511716, -362.513882, 14407.799580, 22
444.463092, -354.231524, 14406.010382, 23
400.368794, -328.092770, 14420.409931, 24
424.346330, -367.866911, 14407.083189, 25
440.747290, -369.171533, 14399.682795, 26
436.691718, -386.505192, 14382.156913, 27
401.441102, -339.285923, 14424.487161, 28
423.811271, -375.272964, 14396.421923, 29
404.871142, -333.215804, 14402.347277, 30
433.262101, -320.127789, 14397.735649, 31
450.637491, -368.454017, 14423.499043, 32
410.984462, -384.828830, 14388.823305, 33
438.254444, -376.578661, 14380.287639, 34
411.202937, -344.350680, 14400.693526, 35
439.549349, -364.441553, 14419.801811, 36
460.491658, -319.868188, 14421.574482, 37
395.187389, -379.265163, 14401.843981, 38
440.932273, -347.572534, 14414.846628, 39
458.614148, -334.819861, 14401.189287, 40
413.501648, -362.395728, 14400.613417, 41
432.495660, -372.596350, 14420.440159, 42
408.533083, -353.728963, 14423.882503, 43
418.614818, -376.313783, 14435.590228, 44
420.161120, -357.229495, 14410.774932, 45
442.116908, -378.518041, 14434.629179, 46
414.458044, -378.864313, 14434.319278, 47
457.290132, -375.795456, 14443.328958, 48
411.673602, -326.981678, 14415.311383, 49
447.779803, -329.205595, 14400.048962, 50
401.507563, -376.541766, 14425.930784, 51
423.384375, -336.164598, 14441.614839, 52
396.363864, -319.750134, 14407.436719, 53
441.510406, -361.973316, 14419.398745, 54
429.635401, -333.930482, 14381.726267, 55
392.966545, -352.651456, 14391.484266, 56
448.852242, -330.311840, 14400.897260, 57
435.707281, -333.859717, 14413.377491, 58
431.573331, -383.024178, 14405.952897, 59
399.424181, -327.362860, 14396.304473, 60
420.731414, -386.693195, 14408.038947, 61
399.200022, -355.427415, 14391.430380, 62
393.348763, -351.182108, 14391.237710, 63
422.043366, -370.509774, 14417.537324, 64
393.981798, -332.992772, 14403.167831, 65
396.966923, -332.144728, 14438.795739, 66
409.710865, -344.130220, 14428.043914, 67
431.865902, -369.261490, 14413.732921, 68
397.783269, -329.806416, 14418.988255, 69
424.995143, -322.500866, 14411.181829, 70
442.558290, -362.607468, 14412.764156, 71
403.136666, -355.525739, 14445.620604, 72
415.826930, -354.295461, 14413.958711, 73
428.323962, -324.370473, 14431.757533, 74
398.404711, -322.507159, 14418.320416, 75
422.831308, -386.378344, 14405.731525, 76
414.163541, -368.786444, 14381.157622, 77
394.740912, -329.038898, 14400.173189, 78
429.735001, -323.374268, 14389.923733, 79
401.261859, -359.217156, 14386.978913, 80
433.702207, -377.496912, 14412.648292, 81
399.006436, -366.478612, 14445.403870, 82
397.159705, -342.770222, 14410.659319, 83
432.407006, -375.284505, 14405.846064, 84
416.701685, -368.998314, 14402.893290, 85
456.280088, -338.285499, 14404.795584, 86
414.550924, -384.959879, 14424.286238, 87
416.967758, -382.337527, 14414.802678, 88
438.399833, -344.721187, 14410.984164, 89
449.582166, -335.577775, 14440.047256, 90
457.820581, -362.713435, 14382.105569, 91
423.008623, -355.825499, 14403.895884, 92
420.947261, -350.784317, 14380.688725, 93
452.866685, -379.215253, 14393.681863, 94
411.253192, -354.631697, 14412.941682, 95
435.408865, -359.189933, 14394.229576, 96
392.743213, -336.757317, 14397.547250, 97
438.286897, -380.627504, 14403.486282, 98
405.629308, -334.346165, 14447.045742, 99
437.873787, -345.602248, 14431.024270, 100
430.457935, -348.619491, 14387.863442, 101
433.821643, -386.448869, 14420.316385, 102
458.983246, -357.620114, 14389.088562, 103
392.211893, -365.591324, 14398.148716, 104
407.152306, -346.456362, 14431.803079, 105
441.370220, -371.885856, 14392.160567, 106
456.859927, -371.261199, 14443.681991, 107
406.946723, -325.092716, 14382.609533, 108
431.691732, -380.301528, 14436.542475, 109
431.272922, -334.546353, 14410.493224, 110
414.833033, -364.926353, 14381.431292, 111
423.956299, -323.223154, 14383.259707, 112
396.811067, -325.077850, 14413.916366, 113
407.157934, -324.984461, 14436.603470, 114
426.565781, -378.670494, 14409.700039, 115
410.899048, -329.418685, 14426.093279, 116
424.318536, -333.396803, 14443.111418, 117
420.537478, -387.288070, 14437.573789, 118
424.405720, -347.714814, 14445.554723, 119
413.484275, -377.279880, 14430.559918, 120
445.237656, -354.565411, 14385.187324, 121
447.928328, -322.727636, 14381.521806, 122
452.446536, -386.754635, 14444.721688, 123
418.901493, -371.715287, 14439.299065, 124
408.041844, -337.267894, 14380.178480, 125
439.001642, -387.207036, 14439.038543, 126
417.632733, -355.007044, 14425.197066, 127
