x coord, y coord, z coord, scalar
183.589451, -116.053254, 2225.144127, 0
174.039861, -110.204770, 2241.864540, 1
186.373094, -121.833063, 2247.578617, 2
218.899131, -85.085912, 2218.807824, 3
179.861526, -78.407085, 2203.758562, 4
204.667332, -85.336616, 2239.421119, 5
169.584175, -98.216139, 2253.642519, 6
222.263973, -108.954966, 2265.504874, 7
223.523590, -88.858072, 2255.184921, 8
230.713641, -119.070355, 2210.276237, 9
197.655254, -99.148050, 2240.701555, 10
221.848527, -88.775264, 2208.256983, 11
194.042447, -134.788241, 2232.902642, 12
171.949641, -79.556204, 2225.576800, 13
189.805687, -132.081283, 2224.929056, 14
192.612581, -91.081093, 2217.352390, 15
231.081960, -85.164072, 2265.615839, 16
215.052908, -95.286705, 2234.420354, 17
210.886218, -104.149711, 2223.321847, 18
196.399988, -105.822862, 2250.732735, 19
205.724192, -140.554090, 2229.342625, 20
176.755190, -82.372653, 2218.327121, 21
184.060376, -120.716720, 2230.016877, 22
216.011685, -112.434264, 2228.221503, 23
171.917332, -86.295593, 2242.619680, 24
195.894994, -126.069666, 2229.297505, 25
212.295904, -127.374293, 2221.893776, 26
208.240324, -144.707976, 2204.366995, 27
172.989600, -97.488806, 2246.696630, 28
195.359895, -133.475746, 2218.633380, 29
176.419698, -91.418615, 2224.558551, 30
204.810672, -78.330569, 2219.945822, 31
222.186107, -126.656758, 2245.708427, 32
182.533074, -143.031625, 2211.033742, 33
209.803047, -134.781442, 2202.497892, 34
182.751495, -102.553490, 2222.906904, 35
211.097990, -122.644242, 2242.012351, 36
232.040238, -78.070961, 2243.783809, 37
166.736007, -137.467977, 2224.054464, 38
212.480842, -105.775238, 2237.057811, 39
230.162732, -93.022630, 2223.399152, 40
185.050270, -120.598535, 2222.827558, 41
204.044348, -130.799065, 2242.650690, 42
180.081547, -111.932525, 2246.097479, 43
190.163520, -134.516571, 2257.796764, 44
191.709762, -115.432234, 2232.999725, 45
213.665540, -136.720794, 2256.837679, 46
186.006733, -137.067119, 2256.526662, 47
228.838739, -133.998223, 2265.537648, 48
183.222126, -85.184481, 2237.521876, 49
219.328380, -87.408365, 2222.259063, 50
173.056231, -134.744614, 2248.139905, 51
194.932893, -94.367363, 2263.820691, 52
167.912430, -77.952939, 2229.646662, 53
213.059031, -120.176009, 2241.609215, 54
201.183983, -92.133265, 2203.936750, 55
164.515136, -110.854269, 2213.695126, 56
220.400820, -88.514609, 2223.107352, 57
207.255824, -92.062461, 2235.588239, 58
203.121964, -141.226950, 2228.163505, 59
170.972752, -85.565664, 2218.514917, 60
192.280053, -144.895982, 2230.249467, 61
170.748615, -113.630227, 2213.641707, 62
164.897352, -109.384921, 2213.448573, 63
193.592147, -128.712516, 2239.751285, 64
165.530366, -91.195588, 2225.378370, 65
168.515475, -90.347553, 2261.003750, 66
181.259169, -102.333210, 2250.249350, 67
203.414576, -127.464205, 2235.945391, 68
169.331813, -88.009243, 2241.198131, 69
196.543690, -80.703645, 2233.392117, 70
214.106907, -120.810188, 2234.975213, 71
174.685260, -113.728592, 2267.825318, 72
187.375488, -112.498333, 2236.194544, 73
199.872498, -82.573242, 2253.966155, 74
169.953265, -80.709972, 2240.530094, 75
194.379943, -144.581129, 2227.942091, 76
185.712144, -126.989236, 2203.368427, 77
166.289483, -87.241708, 2222.383564, 78
201.283577, -81.577050, 2212.134040, 79
172.810456, -117.419962, 2209.189996, 80
205.250857, -135.699665, 2234.859113, 81
170.555058, -124.681451, 2267.610451, 82
168.708259, -100.973075, 2232.870902, 83
203.955644, -133.487264, 2228.057442, 84
188.250331, -127.201109, 2225.106806, 85
227.828672, -96.488263, 2227.005532, 86
186.099592, -143.162679, 2246.495610, 87
188.516426, -140.540321, 2237.013384, 88
209.948394, -102.923906, 2233.195889, 89
221.130741, -93.780531, 2262.255714, 90
229.369178, -120.916212, 2204.315540, 91
194.557223, -114.028255, 2226.112144, 92
192.495852, -108.987104, 2202.899706, 93
224.415291, -137.418027, 2215.891852, 94
182.801771, -112.834652, 2235.167178, 95
206.957466, -117.392697, 2216.441157, 96
164.291788, -94.960130, 2219.757861, 97
209.835520, -138.830272, 2225.696775, 98
177.177859, -92.548978, 2269.252748, 99
209.422332, -103.804924, 2253.231867, 100
202.006522, -106.822267, 2210.074735, 101
205.370284, -144.651636, 2242.526013, 102
230.531841, -115.822887, 2211.298575, 103
163.760499, -123.794145, 2220.359612, 104
178.700724, -104.659357, 2254.005569, 105
212.918828, -130.088628, 2214.371171, 106
228.408532, -129.463962, 2265.890594, 107
178.495304, -83.295511, 2204.819778, 108
203.240384, -138.504288, 2258.750408, 109
202.821457, -92.749102, 2232.704662, 110
186.381635, -123.129145, 2203.642227, 111
195.504879, -81.425941, 2205.469945, 112
168.359624, -83.280665, 2236.126329, 113
178.706475, -83.187268, 2258.811689, 114
198.114437, -136.873263, 2231.911367, 115
182.447547, -87.621497, 2248.302365, 116
195.867069, -91.599572, 2265.318068, 117
192.086124, -145.490857, 2259.782007, 118
195.954272, -105.917563, 2267.757862, 119
185.032988, -135.482696, 2252.767689, 120
216.786250, -112.768184, 2207.397794, 121
219.476913, -80.930418, 2203.731693, 122
223.995147, -144.957408, 2266.930427, 123
190.450195, -129.918072, 2261.503627, 124
179.590427, -95.470689, 2202.389043, 125
210.550268, -145.409805, 2261.247097, 126
189.181295, -113.209855, 2247.407019, 127
