x coord, y coord, z coord, scalar
111.028219, -39.773556, 657.708627, 0
101.478609, -33.925135, 674.428797, 1
113.812104, -45.553438, 680.142210, 2
146.337889, -8.806199, 651.371622, 3
107.300285, -2.127377, 636.322365, 4
132.106079, -9.056898, 671.984915, 5
97.022918, -21.936456, 686.206045, 6
149.702735, -32.675244, 698.068422, 7
150.962347, -12.578354, 687.748572, 8
158.152405, -42.790641, 642.840027, 9
125.093964, -22.868308, 673.265788, 10
149.287287, -12.495552, 640.820775, 11
121.481235, -58.508527, 665.466687, 12
99.388395, -3.276500, 658.140612, 13
117.244467, -55.801575, 657.493148, 14
120.051335, -14.801383, 649.916341, 15
158.520719, -8.884358, 698.179481, 16
142.491662, -19.006982, 666.984197, 17
138.324976, -27.869990, 655.885824, 18
123.838628, -29.543031, 683.295266, 19
133.162967, -64.274374, 661.906484, 20
104.193946, -6.092948, 650.890967, 21
111.499161, -44.437026, 662.581602, 22
143.450448, -36.154539, 660.785437, 23
99.356078, -10.015896, 675.183438, 24
123.333780, -49.789947, 661.861849, 25
139.734673, -51.094575, 654.457693, 26
135.679091, -68.428265, 636.930796, 27
100.428334, -21.209128, 679.260352, 28
122.798667, -57.196035, 651.197358, 29
103.858449, -15.138913, 657.122505, 30
132.249428, -2.050857, 652.509635, 31
149.624876, -50.377034, 678.272139, 32
109.971843, -66.751918, 643.597589, 33
137.241813, -58.501731, 635.061715, 34
110.190247, -26.273788, 655.471128, 35
138.536767, -46.364502, 674.576211, 36
159.478997, -1.791247, 676.347513, 37
94.174778, -61.188276, 656.618317, 38
139.919597, -29.495503, 669.621754, 39
157.601492, -16.742915, 655.962925, 40
112.489042, -44.318832, 655.391879, 41
131.483140, -54.519332, 675.214549, 42
107.520273, -35.653061, 678.661907, 43
117.602318, -58.236861, 690.360111, 44
119.148540, -39.152509, 665.565411, 45
141.104315, -60.441073, 689.401278, 46
113.445526, -60.787415, 689.090118, 47
156.277506, -57.718507, 698.101272, 48
110.660868, -8.904777, 670.085730, 49
146.767138, -11.128650, 654.822867, 50
100.495017, -58.464924, 680.703584, 51
122.371632, -18.087647, 696.383951, 52
95.351185, -1.673236, 662.210445, 53
140.497803, -43.896270, 674.173066, 54
128.622743, -15.853555, 636.500603, 55
91.953898, -34.574568, 646.259027, 56
147.839577, -12.234894, 655.671155, 57
134.694570, -15.782738, 668.152126, 58
130.560739, -64.947235, 660.727374, 59
98.411508, -9.285961, 651.078764, 60
119.718831, -68.616272, 662.813324, 61
98.187379, -37.350526, 646.205667, 62
92.336114, -33.105219, 646.012474, 63
121.030969, -52.432792, 672.315583, 64
92.969121, -14.915888, 657.942230, 65
95.954225, -14.067857, 693.567287, 66
108.697841, -26.053566, 682.812556, 67
130.853364, -51.184472, 668.509498, 68
96.770560, -11.729547, 673.761906, 69
123.982438, -4.423933, 665.955945, 70
141.545677, -44.530457, 667.539140, 71
102.124024, -37.448903, 700.388432, 72
114.814241, -36.218651, 668.761646, 73
127.311243, -6.293527, 686.529769, 74
97.392015, -4.430270, 673.093843, 75
121.818720, -68.301418, 660.505954, 76
113.150910, -50.709529, 635.932321, 77
93.728239, -10.962006, 654.947403, 78
128.722334, -5.297340, 644.697870, 79
100.249221, -41.140258, 641.753926, 80
132.689637, -59.419945, 667.423009, 81
97.993830, -48.401758, 700.173804, 82
96.147010, -24.693387, 665.434895, 83
131.394421, -57.207546, 660.621409, 84
115.689110, -50.921402, 657.671047, 85
155.267431, -20.208546, 659.569317, 86
113.538379, -66.882973, 679.059320, 87
115.955213, -64.260614, 669.577265, 88
137.387146, -26.644176, 665.759901, 89
148.569497, -17.500812, 694.819307, 90
156.807942, -44.636500, 636.879327, 91
121.995987, -37.748536, 658.676737, 92
119.934614, -32.707395, 635.463622, 93
151.854057, -61.138314, 648.455642, 94
110.240531, -36.554996, 667.732954, 95
134.396231, -41.112981, 649.005150, 96
91.730546, -18.680430, 652.321730, 97
137.274292, -62.550557, 658.260628, 98
104.616609, -16.269277, 701.816155, 99
136.861079, -27.525180, 685.795349, 100
129.445283, -30.542555, 642.638692, 101
132.809062, -68.371920, 675.089756, 102
157.970605, -39.543174, 643.862368, 103
91.199266, -47.514446, 652.923518, 104
106.139432, -28.379714, 686.568398, 105
140.357595, -53.808914, 646.935039, 106
155.847299, -53.184245, 698.454206, 107
105.934062, -7.015804, 637.383601, 108
130.679165, -62.224570, 691.313934, 109
130.260202, -16.469381, 665.268637, 110
113.820400, -46.849438, 636.206138, 111
122.943637, -5.146232, 638.033766, 112
95.798375, -7.000964, 668.690115, 113
106.145221, -6.907565, 691.375251, 114
125.553220, -60.593547, 664.475328, 115
109.886280, -11.341796, 680.866039, 116
123.305813, -15.319858, 697.881429, 117
119.524904, -69.211147, 692.345570, 118
123.393022, -29.637842, 700.320774, 119
112.471789, -59.202995, 685.331194, 120
144.225013, -36.488471, 639.961645, 121
146.915673, -4.650706, 636.295469, 122
151.433915, -68.677694, 699.494056, 123
117.888992, -53.638361, 694.066722, 124
107.029187, -19.190983, 634.952906, 125
137.989042, -69.130091, 693.810702, 126
116.620048, -36.930153, 679.970804, 127
