x coord, y coord, z coord, scalar
508.952532, -457.486257, 23288.639198, 0
499.403038, -451.637488, 23305.362893, 1
511.735090, -463.265717, 23311.085956, 2
544.262254, -426.518983, 23282.312380, 3
505.224647, -419.840127, 23267.263056, 4
530.030509, -426.769707, 23302.925708, 5
494.947367, -439.649074, 23317.150755, 6
547.627081, -450.388072, 23329.012826, 7
548.886721, -430.291162, 23318.691469, 8
556.076739, -460.503425, 23273.780909, 9
523.018596, -440.581250, 23304.200232, 10
547.211641, -430.208329, 23271.761621, 11
519.405436, -476.221311, 23296.403851, 12
497.312782, -420.989232, 23289.081161, 13
515.168717, -473.514331, 23288.429631, 14
517.975723, -432.514147, 23280.854886, 15
556.445079, -426.597146, 23329.122504, 16
540.416052, -436.719817, 23297.924314, 17
536.249341, -445.582813, 23286.823979, 18
521.763633, -447.256470, 23314.254429, 19
531.087240, -481.987168, 23292.846367, 20
502.118327, -423.805688, 23281.831027, 21
509.423384, -462.149699, 23293.508904, 22
541.374787, -453.867383, 23291.724218, 23
497.280512, -427.728593, 23306.124769, 24
521.257996, -467.502763, 23292.794691, 25
537.658978, -468.807383, 23285.396732, 26
533.603409, -486.141033, 23267.871510, 27
498.352838, -438.921721, 23310.202206, 28
520.722953, -474.908805, 23282.135515, 29
501.782854, -432.851632, 23288.061001, 30
530.173806, -419.763631, 23283.450177, 31
547.549178, -468.089875, 23309.214149, 32
507.896149, -484.464666, 23274.537641, 33
535.166135, -476.214502, 23266.002109, 34
508.114647, -443.986509, 23286.405714, 35
536.461025, -464.077433, 23305.516072, 36
557.403359, -419.504033, 23307.289629, 37
492.099074, -478.900991, 23287.558284, 38
537.843979, -447.208407, 23300.560419, 39
555.525847, -434.455707, 23286.904042, 40
510.413332, -462.031559, 23286.325046, 41
529.407316, -472.232219, 23306.154427, 42
505.444833, -453.364478, 23309.593518, 43
515.526468, -475.949621, 23321.307414, 44
517.072796, -456.865354, 23296.478783, 45
539.028588, -478.153894, 23320.344930, 46
511.369700, -478.500144, 23320.035846, 47
554.201822, -475.431304, 23329.044571, 48
508.585326, -426.617510, 23301.025677, 49
544.691505, -428.841441, 23285.763544, 50
498.419228, -476.177579, 23311.646081, 51
520.296102, -435.800446, 23327.332526, 52
493.275571, -419.385965, 23293.151416, 53
538.422088, -461.609194, 23305.113058, 54
526.547101, -433.566323, 23267.440570, 55
489.878241, -452.287284, 23277.198293, 56
545.763944, -429.947687, 23286.611848, 57
532.618998, -433.495574, 23299.091600, 58
528.485011, -482.660023, 23291.667108, 59
496.335886, -426.998692, 23282.018803, 60
517.643090, -486.329034, 23293.753223, 61
496.111717, -455.063243, 23277.144065, 62
490.260460, -450.817936, 23276.951735, 63
518.954983, -470.145631, 23303.249086, 64
490.893504, -432.628598, 23288.882092, 65
493.878636, -431.780550, 23324.511847, 66
506.622682, -443.765974, 23313.761907, 67
528.777564, -468.897360, 23299.445771, 68
494.694986, -429.442238, 23304.703002, 69
521.906858, -422.136709, 23296.896273, 70
539.469976, -462.243334, 23298.478039, 71
500.048361, -455.161550, 23331.339121, 72
512.738640, -453.931264, 23299.654513, 73
525.235681, -424.006320, 23317.473197, 74
495.316423, -422.142988, 23304.035306, 75
519.742987, -486.014184, 23291.445768, 76
511.075232, -468.422280, 23266.871689, 77
491.652618, -428.674728, 23285.887569, 78
526.646705, -423.010109, 23275.638164, 79
498.173553, -458.852987, 23272.692776, 80
530.613879, -477.132766, 23298.362346, 81
495.918120, -466.114429, 23331.121023, 82
494.071418, -442.406033, 23296.372818, 83
529.318683, -474.920355, 23291.559713, 84
513.613359, -468.634149, 23288.605377, 85
553.191788, -437.921347, 23290.510278, 86
511.462589, -484.595712, 23310.001353, 87
513.879423, -481.973363, 23300.516817, 88
535.311542, -444.357055, 23296.697559, 89
546.493870, -435.213626, 23325.763039, 90
554.732275, -462.349278, 23267.820247, 91
519.920316, -455.461351, 23289.605965, 92
517.858958, -450.420155, 23266.402664, 93
549.778376, -478.851097, 23279.396527, 94
508.164893, -454.267466, 23298.645020, 95
532.320558, -458.825781, 23279.943077, 96
489.654916, -436.393145, 23283.261460, 97
535.198581, -480.263351, 23289.200578, 98
502.541021, -433.981993, 23332.762586, 99
534.785503, -445.238133, 23316.740681, 100
527.369633, -448.255334, 23273.577153, 101
530.733319, -486.084716, 23306.031313, 102
555.894941, -457.255959, 23274.803208, 103
489.123584, -465.227149, 23283.862717, 104
504.064075, -446.092114, 23317.523223, 105
538.281910, -471.521701, 23277.874780, 106
553.771617, -470.897047, 23329.397666, 107
503.858425, -424.728552, 23268.324010, 108
528.603403, -479.937378, 23322.258641, 109
528.184642, -434.182208, 23296.206827, 110
511.744726, -464.562189, 23267.145263, 111
520.868001, -422.858993, 23268.974188, 112
493.722778, -424.713677, 23299.631048, 113
504.069652, -424.620291, 23322.319428, 114
523.477451, -478.306341, 23295.413724, 115
507.810783, -429.054513, 23311.808602, 116
521.230257, -433.032649, 23328.828521, 117
517.449151, -486.923909, 23323.289747, 118
521.317433, -447.350668, 23331.274392, 119
510.395921, -476.915707, 23316.276203, 120
542.149351, -454.201255, 23270.901636, 121
544.840027, -422.363477, 23267.236544, 122
549.358225, -486.390480, 23330.437263, 123
515.813143, -471.351127, 23325.017695, 124
504.953543, -436.903729, 23265.892724, 125
535.913325, -486.842881, 23324.754256, 126
514.544442, -454.642873, 23310.911756, 127
