x coord, y coord, z coord, scalar
283.965804, -228.330445, 6852.969895, 0
274.416249, -222.481870, 6869.691028, 1
286.749103, -234.110127, 6875.407075, 2
319.275496, -197.363125, 6846.635672, 3
280.237892, -190.684289, 6831.586397, 4
305.043715, -197.613836, 6867.248974, 5
269.960565, -210.493309, 6881.471174, 6
322.640333, -221.232190, 6893.333467, 7
323.899958, -201.135291, 6883.013206, 8
331.089999, -231.347568, 6838.104111, 9
298.031688, -211.425308, 6868.528114, 10
322.224890, -201.052475, 6836.084849, 11
294.418770, -247.065452, 6860.729756, 12
272.326013, -191.833404, 6853.404606, 13
290.182023, -244.358488, 6852.756031, 14
292.988953, -203.358301, 6845.179786, 15
331.458324, -197.441287, 6893.444149, 16
315.429280, -207.563932, 6862.248072, 17
311.262583, -216.426934, 6851.149163, 18
296.776514, -218.100255, 6878.564340, 19
306.100534, -252.831304, 6857.170295, 20
277.131561, -194.649855, 6846.154827, 21
284.436706, -232.993902, 6857.841977, 22
316.388044, -224.711492, 6856.048948, 23
272.293717, -198.572784, 6870.447645, 24
296.271321, -238.346886, 6857.123736, 25
312.672253, -239.651512, 6849.721274, 26
308.616678, -256.985184, 6832.194834, 27
273.366005, -209.765971, 6874.524701, 28
295.736240, -245.752955, 6846.460697, 29
276.796075, -203.695811, 6852.385937, 30
305.187042, -190.607780, 6847.773626, 31
322.562455, -238.933985, 6873.536531, 32
282.909425, -255.308828, 6838.861446, 33
310.179402, -247.058651, 6830.325666, 34
283.127871, -214.830687, 6850.733492, 35
311.474326, -234.921493, 6869.840016, 36
332.416603, -190.348175, 6871.611934, 37
267.112355, -249.745171, 6851.882151, 38
312.857211, -218.052483, 6864.885232, 39
330.539095, -205.299845, 6851.227073, 40
285.426617, -232.875732, 6850.653856, 41
304.420663, -243.076303, 6870.478358, 42
280.457980, -224.209381, 6873.923461, 43
290.539830, -246.793775, 6885.625949, 44
292.086098, -227.709462, 6860.821979, 45
314.041881, -248.998015, 6884.666118, 46
286.383049, -249.344315, 6884.355525, 47
329.215092, -246.275439, 6893.366015, 48
283.598517, -197.461682, 6865.349559, 49
319.704746, -199.685580, 6850.086895, 50
273.432557, -247.021791, 6875.968109, 51
295.309286, -206.644581, 6891.650135, 52
268.288802, -190.230138, 6857.474553, 53
313.435374, -232.453258, 6869.436907, 54
301.560347, -204.410474, 6831.764436, 55
264.891496, -223.131464, 6841.522669, 56
320.777186, -200.791824, 6850.935187, 57
307.632205, -204.339688, 6863.415825, 58
303.498305, -253.504163, 6855.991144, 59
271.349122, -197.842864, 6846.342619, 60
292.656391, -257.173188, 6858.077139, 61
271.124975, -225.907423, 6841.469073, 62
265.273714, -221.662116, 6841.276115, 63
293.968419, -240.989740, 6867.577651, 64
265.906737, -203.472782, 6853.206036, 65
268.891853, -202.624743, 6888.832375, 66
281.635664, -214.610329, 6878.078952, 67
303.790897, -239.741443, 6863.772324, 68
269.708196, -200.286433, 6869.026048, 69
296.920070, -192.980856, 6861.219877, 70
314.483254, -233.087425, 6862.802681, 71
275.061620, -226.005768, 6895.655195, 72
287.751865, -224.775502, 6864.012603, 73
300.248883, -194.850458, 6881.794548, 74
270.329642, -192.987168, 6868.358086, 75
294.756284, -256.858336, 6855.769746, 76
286.088499, -239.266441, 6831.195991, 77
266.665853, -199.518905, 6850.211292, 78
301.659944, -193.854260, 6839.961794, 79
273.186814, -229.697160, 6837.017455, 80
305.627190, -247.976887, 6862.686672, 81
270.931405, -236.958634, 6895.439619, 82
269.084638, -213.250253, 6860.698170, 83
304.331982, -245.764483, 6855.884788, 84
288.626666, -239.478311, 6852.933341, 85
328.205035, -208.765480, 6854.833422, 86
286.475918, -255.439878, 6874.323718, 87
288.892752, -252.817523, 6864.840986, 88
310.324767, -215.201145, 6861.023104, 89
321.507108, -206.057752, 6890.084169, 90
329.745535, -233.193424, 6832.143421, 91
294.933578, -226.305476, 6853.937637, 92
292.872212, -221.264311, 6830.727204, 93
324.791644, -249.695239, 6843.719726, 94
283.178140, -225.111782, 6862.989165, 95
307.333821, -229.669914, 6844.268427, 96
264.668156, -207.237326, 6847.585499, 97
310.211866, -251.107487, 6853.524458, 98
277.554238, -204.826174, 6897.081754, 99
309.798711, -216.082182, 6881.060649, 100
302.382884, -219.099479, 6837.902114, 101
305.746621, -256.928851, 6870.354024, 102
330.908199, -228.100101, 6839.126440, 103
264.136853, -236.071336, 6848.187141, 104
279.077167, -216.936473, 6881.836289, 105
313.295180, -242.365841, 6842.198812, 106
328.784886, -241.741180, 6893.718994, 107
278.871669, -195.572714, 6832.647555, 108
303.616716, -250.781506, 6886.579063, 109
303.197842, -205.026328, 6860.531986, 110
286.757990, -235.406349, 6831.469742, 111
295.881244, -193.703148, 6833.297725, 112
268.736000, -195.557860, 6863.954213, 113
279.082859, -195.464466, 6886.640235, 114
298.490767, -249.150477, 6859.738733, 115
282.823950, -199.898694, 6876.130582, 116
296.243456, -203.876788, 6893.147209, 117
292.462459, -257.768063, 6887.610554, 118
296.330650, -218.194788, 6895.588337, 119
285.409294, -247.759887, 6880.596405, 120
317.162609, -225.045397, 6835.225485, 121
319.853276, -193.207627, 6831.559606, 122
324.371498, -257.234621, 6894.758776, 123
290.826504, -242.195277, 6889.333561, 124
279.966791, -207.747893, 6830.216699, 125
310.926613, -257.687020, 6889.075515, 126
289.557669, -225.487051, 6875.234907, 127
