x coord, y coord, z coord, scalar
215.223283, -164.995533, 3732.099570, 0
205.673712, -159.147015, 3748.820218, 1
218.006797, -170.775271, 3754.534936, 2
250.532966, -134.028200, 3725.763944, 3
211.495362, -127.349369, 3710.714678, 4
236.301174, -134.278907, 3746.377242, 5
201.218022, -147.158411, 3760.598902, 6
253.897806, -157.897258, 3772.461237, 7
255.157426, -137.800362, 3762.141183, 8
262.347474, -168.012642, 3717.232366, 9
229.289114, -148.090359, 3747.657256, 10
253.482361, -137.717551, 3715.213109, 11
225.676266, -183.730526, 3739.858523, 12
203.583480, -128.498487, 3732.532906, 13
221.439512, -181.023566, 3731.884892, 14
224.246419, -140.023379, 3724.308363, 15
262.715795, -134.106361, 3772.572109, 16
246.686745, -144.228998, 3741.376432, 17
242.520053, -153.092003, 3730.277794, 18
228.033876, -154.765231, 3757.690078, 19
237.358018, -189.496377, 3736.298687, 20
208.389028, -131.314937, 3725.283195, 21
215.694199, -169.658993, 3736.972103, 22
247.645517, -161.376557, 3735.177492, 23
203.551177, -135.237874, 3749.575838, 24
227.528814, -175.011954, 3736.253100, 25
243.929732, -176.316582, 3728.849783, 26
239.874155, -193.650261, 3711.323112, 27
204.623454, -146.431077, 3753.652822, 28
226.993722, -182.418031, 3725.589328, 29
208.053539, -140.360897, 3731.514521, 30
236.444509, -127.272856, 3726.901927, 31
253.819935, -175.599051, 3752.664630, 32
214.166904, -191.973908, 3717.989815, 33
241.436878, -183.723728, 3709.453988, 34
214.385335, -151.495772, 3729.862614, 35
242.731811, -171.586543, 3748.968411, 36
263.674073, -127.013249, 3750.740019, 37
198.369837, -186.410257, 3731.010532, 38
244.114677, -154.717539, 3744.013792, 39
261.796566, -141.964919, 3730.355296, 40
216.684099, -169.540816, 3729.783174, 41
235.678162, -179.741360, 3749.606751, 42
211.715430, -160.874676, 3753.052992, 43
221.797334, -183.458852, 3764.753319, 44
223.343585, -164.374526, 3739.954025, 45
245.299365, -185.663084, 3763.793991, 46
217.640550, -186.009397, 3763.483113, 47
260.472569, -182.940511, 3772.493937, 48
214.855973, -134.126766, 3744.477942, 49
250.962216, -136.350654, 3729.215178, 50
204.690053, -183.686886, 3755.096141, 51
226.566739, -143.309654, 3770.777330, 52
199.546269, -126.895222, 3736.602796, 53
244.692855, -169.118310, 3748.565285, 54
232.817818, -141.075552, 3710.892818, 55
196.148970, -159.796549, 3720.651147, 56
252.034655, -137.456898, 3730.063468, 57
238.889664, -141.004755, 3742.544274, 58
234.755790, -190.169236, 3735.119557, 59
202.606590, -134.507947, 3725.470989, 60
223.913878, -193.838265, 3737.205530, 61
202.382449, -162.572508, 3720.597670, 62
196.531187, -158.327201, 3720.404593, 63
225.225945, -177.654803, 3746.706923, 64
197.164204, -140.137869, 3732.334431, 65
200.149317, -139.289833, 3767.960123, 66
212.893061, -151.275468, 3757.206041, 67
235.048392, -176.406500, 3742.901214, 68
200.965656, -136.951523, 3748.154274, 69
228.177531, -129.645933, 3740.348208, 70
245.740734, -169.752484, 3741.931210, 71
206.319095, -162.670865, 3774.782098, 72
219.009331, -161.440604, 3743.147479, 73
231.506341, -131.515532, 3760.922452, 74
201.587106, -129.652253, 3747.486261, 75
226.013769, -193.523413, 3734.898148, 76
217.345976, -175.931520, 3710.324455, 77
197.923321, -136.183990, 3729.339645, 78
232.917413, -130.519337, 3719.090130, 79
204.444289, -166.362243, 3716.145990, 80
236.884679, -184.641954, 3741.815139, 81
202.188888, -173.623726, 3774.567001, 82
200.342102, -149.915350, 3739.826833, 83
235.589468, -182.429553, 3735.013399, 84
219.884155, -176.143391, 3732.062499, 85
259.462506, -145.430552, 3733.961666, 86
217.733413, -192.104959, 3753.451815, 87
220.150247, -189.482602, 3743.969424, 88
241.582230, -151.866205, 3740.151803, 89
252.764576, -142.722822, 3769.212031, 90
261.003010, -169.858499, 3711.271671, 91
226.191054, -162.970545, 3733.067498, 92
224.129685, -157.929389, 3709.855712, 93
256.049121, -186.360314, 3722.847981, 94
214.435613, -161.776907, 3742.121391, 95
238.591297, -166.334986, 3723.397089, 96
195.925626, -143.902411, 3726.713913, 97
241.469347, -187.772560, 3732.652841, 98
208.811701, -141.491260, 3776.209245, 99
241.056170, -152.747231, 3760.188291, 100
233.640356, -155.764555, 3717.030703, 101
237.004108, -193.593923, 3749.482186, 102
262.165674, -164.765175, 3718.254701, 103
195.394331, -172.736423, 3727.315629, 104
210.334596, -153.601611, 3760.962623, 105
244.552658, -179.030915, 3721.327224, 106
260.042363, -178.406251, 3772.846894, 107
210.129139, -132.237795, 3711.775875, 108
234.874206, -187.446576, 3765.706790, 109
234.455300, -141.691396, 3739.660612, 110
218.015467, -172.071429, 3710.598239, 111
227.138714, -130.368227, 3712.426043, 112
199.993464, -132.222946, 3743.082461, 113
210.340318, -132.129551, 3765.768036, 114
229.748259, -185.815549, 3738.867331, 115
214.081398, -136.563781, 3755.258605, 116
227.500913, -140.541862, 3772.274609, 117
223.719948, -194.433140, 3766.738355, 118
227.588112, -154.859856, 3774.714837, 119
216.666801, -184.424972, 3759.724092, 120
248.420083, -161.710472, 3714.353863, 121
251.110747, -129.872704, 3710.687834, 122
255.628977, -193.899695, 3773.886710, 123
222.084009, -178.860353, 3768.460426, 124
211.224262, -144.412973, 3709.345100, 125
242.184095, -194.352093, 3768.203402, 126
220.815135, -162.152137, 3754.363152, 127
