x coord, y coord, z coord, scalar
83.124963, -12.766940, 275.410461, 0
73.575346, -6.918543, 292.130572, 1
85.908938, -18.546849, 297.843824, 2
118.434629, 18.200422, 269.073286, 3
79.397026, 24.879241, 254.024030, 4
104.202815, 17.949725, 289.686578, 5
69.119653, 5.070154, 303.907643, 6
121.799476, -5.668621, 315.770024, 7
123.059086, 14.428268, 305.450200, 8
130.249148, -15.784021, 260.541689, 9
97.190686, 4.138323, 290.967557, 10
121.384028, 14.511069, 258.522437, 11
93.577987, -31.501907, 283.168411, 12
71.485135, 23.730118, 275.842280, 13
89.341215, -28.794955, 275.194883, 14
92.148074, 12.205237, 267.618041, 15
130.617460, 18.122263, 315.881107, 16
114.588400, 7.999642, 284.685871, 17
110.421717, -0.863367, 273.587532, 18
95.935325, -2.536367, 300.996623, 19
105.259714, -37.267753, 279.608162, 20
76.290685, 20.913670, 268.592642, 21
83.595911, -17.430413, 280.283491, 22
115.547190, -9.147914, 278.487134, 23
71.452814, 16.990719, 292.885092, 24
95.430530, -22.783323, 279.563645, 25
111.831417, -24.087953, 272.159385, 26
107.775835, -41.421645, 254.632461, 27
72.525065, 5.797480, 296.961998, 28
94.895413, -30.189415, 268.899065, 29
75.955187, 11.867703, 274.824206, 30
104.346168, 24.955763, 270.211302, 31
121.721621, -23.370410, 295.973782, 32
82.068588, -39.745300, 261.299265, 33
109.338556, -31.495111, 252.763385, 34
82.286985, 0.732828, 273.172895, 35
110.633514, -19.357871, 292.277890, 36
131.575738, 25.215373, 294.049154, 37
66.271523, -34.181660, 274.319994, 38
112.016336, -2.488874, 287.323453, 39
129.698233, 10.263706, 273.664583, 40
84.585788, -17.312215, 273.093669, 41
103.579893, -27.512704, 292.916227, 42
79.617003, -8.646532, 296.363723, 43
89.699073, -31.230242, 308.061666, 44
91.245288, -12.145884, 283.267532, 45
113.201061, -33.434450, 307.102893, 46
85.542280, -33.780797, 306.791699, 47
128.374250, -30.711885, 315.802893, 48
82.757602, 18.101840, 287.787407, 49
118.863878, 15.877971, 272.524532, 50
72.591768, -31.458311, 298.405218, 51
94.468366, 8.918975, 314.085484, 52
67.447924, 25.333381, 279.912105, 53
112.594549, -16.889640, 291.874743, 54
100.719484, 11.153065, 254.202280, 55
64.050640, -7.567952, 263.960716, 56
119.936318, 14.771727, 273.372819, 57
106.791307, 11.223886, 285.853811, 58
102.657486, -37.940614, 278.429055, 59
70.508248, 17.720657, 268.780440, 60
91.815578, -41.609653, 280.515002, 61
70.284121, -10.343910, 263.907370, 62
64.432856, -6.098603, 263.714163, 63
93.127733, -25.426167, 290.017368, 64
65.065860, 12.090728, 275.643909, 65
68.050962, 12.938758, 311.268887, 66
80.794551, 0.953029, 300.514076, 67
102.950115, -24.177844, 286.211237, 68
68.867297, 15.277067, 291.463564, 69
96.079175, 22.582687, 283.657616, 70
113.642422, -17.523830, 285.240834, 71
74.220766, -10.442291, 318.089930, 72
86.910979, -9.212042, 286.464110, 73
99.407979, 20.713094, 304.231388, 74
69.488753, 22.576346, 290.795495, 75
93.915467, -41.294799, 278.207633, 76
85.247653, -23.702910, 253.634008, 77
65.824978, 16.044611, 272.649076, 78
100.819074, 21.709280, 262.399542, 79
72.345963, -14.133641, 259.455621, 80
104.786386, -32.413321, 285.124697, 81
70.090576, -21.395145, 317.875360, 82
68.243748, 2.313225, 283.136606, 83
103.491168, -30.200924, 278.323114, 84
87.785859, -23.914783, 275.372818, 85
127.364172, 6.798075, 277.270977, 86
85.635130, -39.876355, 296.760962, 87
88.051964, -37.253995, 287.278949, 88
109.483884, 0.362452, 283.461616, 89
120.666237, 9.505811, 312.520921, 90
128.904684, -17.629879, 254.580988, 91
94.092730, -10.741913, 276.378593, 92
92.031356, -5.700776, 253.165314, 93
123.950801, -34.131693, 266.157303, 94
82.337272, -9.548396, 285.435097, 95
106.492974, -14.106359, 266.706861, 96
63.827286, 8.326187, 270.023411, 97
109.371038, -35.543935, 275.962305, 98
76.713347, 10.737339, 319.517724, 99
108.957815, -0.518548, 303.496937, 100
101.542024, -3.535934, 260.340394, 101
104.905810, -41.365299, 292.791406, 102
130.067347, -12.536553, 261.564030, 103
63.296010, -20.507830, 270.625208, 104
78.236154, -1.373120, 304.269827, 105
112.454339, -26.802292, 264.636720, 106
127.944043, -26.177623, 316.155824, 107
78.030803, 19.990815, 255.085270, 108
102.775914, -35.217947, 309.015532, 109
102.356937, 10.537242, 282.970343, 110
85.917143, -19.842819, 253.907829, 111
95.040378, 21.860387, 255.735436, 112
67.895113, 20.005652, 286.391776, 113
78.241957, 20.099052, 309.076858, 114
97.649969, -33.586926, 282.177031, 115
81.983012, 15.664820, 298.567672, 116
95.402548, 11.686763, 315.582987, 117
91.621653, -42.204528, 310.047176, 118
95.489760, -2.631219, 318.022224, 119
84.568546, -32.196379, 303.032787, 120
116.321755, -9.481850, 257.663322, 121
119.012414, 22.355913, 253.997128, 122
123.530659, -41.671073, 317.195679, 123
89.985747, -26.631741, 311.768215, 124
79.125928, 7.815636, 252.654585, 125
110.085788, -42.123469, 311.512320, 126
88.716787, -9.923536, 297.672464, 127
