x coord, y coord, z coord, scalar
313.254392, -262.324409, 8196.722197, 0
303.704846, -256.475807, 8213.443540, 1
316.037588, -268.104057, 8219.160160, 2
348.564088, -231.357096, 8190.388580, 3
309.526483, -224.678257, 8175.339300, 4
334.332312, -231.607809, 8211.001884, 5
299.249163, -244.487267, 8225.224316, 6
351.928924, -255.226164, 8237.086591, 7
353.188551, -235.129264, 8226.766240, 8
360.378588, -265.341538, 8181.857026, 9
327.320301, -245.419291, 8212.280647, 10
351.513481, -235.046445, 8179.837762, 11
323.707349, -281.059423, 8204.482450, 12
301.614607, -225.827370, 8197.157501, 13
319.470606, -278.352456, 8196.508684, 14
322.277547, -237.352270, 8188.932563, 15
360.746916, -231.435257, 8237.197191, 16
344.717874, -241.557906, 8206.000941, 17
340.551175, -250.420908, 8194.901916, 18
326.065156, -252.094277, 8222.318340, 19
335.389118, -286.825276, 8200.923150, 20
306.420154, -228.643822, 8189.907693, 21
313.725287, -266.987864, 8201.594086, 22
345.676633, -258.705468, 8199.801738, 23
301.582315, -232.566748, 8214.200587, 24
325.559901, -272.340859, 8200.876174, 25
341.960841, -273.645484, 8193.474080, 26
337.905266, -290.979153, 8175.947739, 27
302.654608, -243.759927, 8218.277674, 28
325.024826, -279.746924, 8190.213450, 29
306.084670, -237.689777, 8196.138710, 30
334.475634, -224.601749, 8191.526521, 31
351.851042, -272.927960, 8217.289513, 32
312.198012, -289.302796, 8182.614312, 33
339.467990, -281.052621, 8174.078552, 34
312.416466, -248.824653, 8194.486033, 35
340.762909, -268.915475, 8213.592870, 36
361.705195, -224.342146, 8215.364922, 37
296.400942, -283.739136, 8195.635011, 38
342.145804, -252.046463, 8208.638015, 39
359.827686, -239.293816, 8194.980002, 40
314.715203, -266.869699, 8194.406313, 41
333.709240, -277.070281, 8214.231213, 42
309.746588, -258.203245, 8217.675826, 43
319.828405, -280.787744, 8229.379245, 44
321.374682, -261.703437, 8204.573260, 45
343.330466, -282.991989, 8228.419198, 46
315.671626, -283.338282, 8228.108728, 47
358.503680, -280.269410, 8237.119073, 48
312.887116, -231.455649, 8209.102418, 49
348.993339, -233.679551, 8193.839798, 50
302.721137, -281.015752, 8219.721120, 51
324.597886, -240.638553, 8235.403507, 52
297.577396, -224.224105, 8201.227474, 53
342.723959, -266.447239, 8213.189769, 54
330.848939, -238.404444, 8175.517297, 55
294.180087, -257.125429, 8185.275488, 56
350.065778, -234.785796, 8194.688091, 57
336.920802, -238.333663, 8207.168656, 58
332.786890, -287.498133, 8199.743991, 59
300.637715, -231.836830, 8190.095483, 60
321.944975, -291.167157, 8201.829995, 61
300.413565, -259.901388, 8185.221840, 62
294.562304, -255.656081, 8185.028933, 63
323.256984, -274.983714, 8211.330128, 64
295.195330, -237.466747, 8196.958890, 65
298.180449, -236.618707, 8232.585508, 66
310.924293, -248.604271, 8221.832370, 67
333.079476, -273.735422, 8207.524965, 68
298.996792, -234.280396, 8212.778976, 69
326.208666, -226.974826, 8204.972759, 70
343.771841, -267.081403, 8206.555478, 71
304.350210, -259.999728, 8239.408692, 72
317.040460, -258.769459, 8207.762666, 73
329.537481, -228.844430, 8225.547614, 74
299.618238, -226.981133, 8212.111036, 75
324.044868, -290.852305, 8199.522597, 76
315.377087, -273.260409, 8174.948816, 77
295.954446, -233.512871, 8193.964164, 78
330.948537, -227.848229, 8183.714674, 79
302.475403, -263.691126, 8180.770249, 80
334.915772, -281.970860, 8206.439495, 81
300.219991, -270.952595, 8239.192910, 82
298.373233, -247.244213, 8204.450909, 83
333.620566, -279.758455, 8199.637550, 84
317.915249, -273.472279, 8196.685867, 85
357.493626, -242.759452, 8198.586341, 86
315.764497, -289.433845, 8218.076702, 87
318.181331, -286.811491, 8208.593822, 88
339.613361, -249.195123, 8204.775828, 89
350.795700, -240.051725, 8233.837253, 90
359.034125, -267.187394, 8175.896338, 91
324.222167, -260.299449, 8197.689860, 92
322.160802, -255.258280, 8174.480010, 93
354.080233, -283.689210, 8187.472642, 94
312.466732, -259.105729, 8206.740368, 95
336.622410, -263.663886, 8188.021166, 96
293.956749, -241.231291, 8191.338345, 97
339.500451, -285.101458, 8197.277317, 98
306.842834, -238.820139, 8240.834999, 99
339.087308, -250.076166, 8224.813828, 100
331.671474, -253.093450, 8181.654885, 101
335.035205, -290.922823, 8214.106978, 102
360.196789, -262.094071, 8182.879353, 103
293.425442, -270.065300, 8191.939956, 104
308.365781, -250.930414, 8225.590032, 105
342.583768, -276.359812, 8185.951659, 106
358.073474, -275.735152, 8237.472062, 107
308.160261, -229.566682, 8176.400442, 108
332.905298, -284.775479, 8230.332205, 109
332.486440, -239.020302, 8204.284742, 110
316.046579, -269.400318, 8175.222553, 111
325.169836, -227.697117, 8177.050612, 112
298.024595, -229.551825, 8207.707131, 113
308.371456, -229.458433, 8230.393345, 114
327.779349, -283.144448, 8203.491500, 115
312.112552, -233.892660, 8219.883597, 116
325.532054, -237.870759, 8236.900493, 117
321.751042, -291.762031, 8231.363664, 118
325.619245, -252.188762, 8239.342008, 119
314.697867, -281.753852, 8224.349565, 120
346.451198, -259.039368, 8178.978347, 121
349.141867, -227.201597, 8175.312532, 122
353.660086, -291.228592, 8238.511829, 123
320.115080, -276.189247, 8233.087075, 124
309.255382, -241.741860, 8173.969551, 125
340.215198, -291.680991, 8232.828589, 126
318.846263, -259.481017, 8218.987826, 127
