x coord, y coord, z coord, scalar
500.201475, -429.150200, 21432.095612, 0
490.651967, -423.301445, 21448.819018, 1
502.984091, -434.929710, 21454.541287, 2
535.511196, -398.182920, 21425.767957, 3
496.473589, -391.504066, 21410.718638, 4
521.279449, -398.433641, 21446.381282, 5
486.196302, -411.313017, 21460.606007, 6
538.876025, -422.052007, 21472.468104, 7
540.135663, -401.955098, 21462.146871, 8
547.325683, -432.167363, 21417.236476, 9
514.267528, -412.245173, 21447.656328, 10
538.460584, -401.872267, 21415.217191, 11
510.654387, -447.885252, 21439.859723, 12
488.561723, -392.653171, 21432.536755, 13
506.417665, -445.178272, 21431.885560, 14
509.224664, -404.178085, 21424.310645, 15
547.694022, -398.261083, 21472.577895, 16
531.664994, -408.383751, 21441.379944, 17
527.498285, -417.246749, 21430.279770, 18
513.012558, -418.920359, 21457.708493, 19
522.336187, -453.651107, 21436.302016, 20
493.367268, -395.469627, 21425.286661, 21
500.672331, -433.813645, 21436.965587, 22
532.623732, -425.531318, 21435.179958, 23
488.529449, -399.392533, 21449.580299, 24
512.506946, -439.166702, 21436.250918, 25
528.907924, -440.471320, 21428.852451, 26
524.852353, -457.804972, 21411.327090, 27
489.601769, -410.585665, 21453.657693, 28
511.971900, -446.572745, 21425.591306, 29
493.031793, -404.515572, 21431.516764, 30
521.422748, -391.427569, 21426.905772, 31
538.798125, -439.753811, 21452.669623, 32
499.145094, -456.128606, 21417.993277, 33
526.415079, -447.878441, 21409.457716, 34
499.363587, -415.650448, 21429.861798, 35
527.709976, -435.741365, 21448.971723, 36
548.652302, -391.167970, 21450.745095, 37
483.348019, -450.564933, 21431.013926, 38
529.092923, -418.872338, 21444.016169, 39
546.774790, -406.119644, 21430.359590, 40
501.662277, -433.695501, 21429.781247, 41
520.656270, -443.896155, 21449.610076, 42
496.693735, -425.028480, 21453.049848, 43
506.775421, -447.613564, 21464.762454, 44
508.321745, -428.529291, 21439.936609, 45
530.277536, -449.817831, 21463.800269, 46
502.618651, -450.164089, 21463.491015, 47
545.450767, -447.095241, 21472.499939, 48
499.834263, -398.281448, 21444.481321, 49
535.940448, -400.505378, 21429.219128, 50
489.668175, -447.841526, 21455.101516, 51
511.545040, -407.464380, 21470.787461, 52
484.524511, -391.049904, 21436.606975, 53
529.671038, -433.273125, 21448.568698, 54
517.796044, -405.230261, 21410.896212, 55
481.127183, -423.951225, 21420.653993, 56
537.012887, -401.611623, 21430.067431, 57
523.867938, -405.159507, 21442.547283, 58
519.733958, -454.323962, 21435.122769, 59
487.584827, -398.662631, 21425.474440, 60
508.892037, -457.992975, 21437.208870, 61
487.360660, -426.727185, 21420.599837, 62
481.509402, -422.481877, 21420.407435, 63
510.203945, -441.809573, 21446.705259, 64
482.142444, -404.292539, 21432.337743, 65
485.127574, -403.444491, 21467.967112, 66
497.871592, -415.429919, 21457.216778, 67
520.026517, -440.561295, 21442.901716, 68
485.943923, -401.106178, 21448.158551, 69
513.155797, -393.800645, 21440.351886, 70
530.718924, -433.907268, 21441.933769, 71
491.297302, -426.825494, 21474.793882, 72
503.987577, -425.595209, 21443.114020, 73
516.484620, -395.670255, 21460.928555, 74
486.565362, -393.806927, 21447.490825, 75
510.991934, -457.678124, 21434.901423, 76
502.324176, -440.086220, 21410.327381, 77
482.901558, -400.338668, 21429.343195, 78
517.895646, -394.674046, 21419.093779, 79
489.422496, -430.516928, 21416.148510, 80
521.862829, -448.796704, 21441.818040, 81
487.167063, -437.778374, 21474.576070, 82
485.320355, -414.069976, 21439.828628, 83
520.567631, -446.584293, 21435.015492, 84
504.862306, -440.298091, 21432.061483, 85
544.440731, -409.585284, 21433.965838, 86
502.711538, -456.259655, 21453.456825, 87
505.128372, -453.637305, 21443.972493, 88
526.560485, -416.020986, 21440.153391, 89
537.742813, -406.877562, 21469.218372, 90
545.981219, -434.013216, 21411.275811, 91
511.169261, -427.125287, 21433.062490, 92
509.107901, -422.084094, 21409.858383, 93
541.027321, -450.515035, 21422.852093, 94
499.413829, -425.931419, 21442.102953, 95
523.569503, -430.489718, 21423.398887, 96
480.903857, -408.057085, 21426.717122, 97
526.447527, -451.927289, 21432.656222, 98
493.789959, -405.645932, 21476.217697, 99
526.034447, -416.902060, 21460.195883, 100
518.618576, -419.919272, 21417.032918, 101
521.982267, -457.748655, 21449.486825, 102
547.143885, -428.919897, 21418.258779, 103
480.372527, -436.891091, 21427.318422, 104
495.312995, -417.756065, 21460.977644, 105
529.530855, -443.185640, 21421.330441, 106
545.020563, -442.560985, 21472.853021, 107
495.107367, -396.392491, 21411.779616, 108
519.852353, -451.601317, 21465.713894, 109
519.433581, -405.846141, 21439.662616, 110
502.993670, -436.226129, 21410.600974, 111
512.116943, -394.522931, 21412.429793, 112
484.971717, -396.377617, 21443.086611, 113
495.318590, -396.284230, 21465.774724, 114
514.726400, -449.970280, 21438.869496, 115
499.059717, -400.718450, 21455.264031, 116
512.479196, -404.696584, 21472.283578, 117
508.698099, -458.587850, 21466.745044, 118
512.566374, -419.014602, 21474.728913, 119
501.644873, -448.579653, 21459.731431, 120
533.398295, -425.865193, 21414.357276, 121
536.088970, -394.027415, 21410.692095, 122
540.607170, -458.054418, 21473.892639, 123
507.062096, -443.015069, 21468.472433, 124
496.202485, -408.567669, 21409.348379, 125
527.162271, -458.506820, 21468.209604, 126
505.793382, -426.306813, 21454.367317, 127
