x coord, y coord, z coord, scalar
510.592625, -451.435728, 22350.718741, 0
501.043125, -445.586960, 22367.442291, 1
513.375189, -457.215207, 22373.164952, 2
545.902347, -420.468453, 22344.391500, 3
506.864740, -413.789597, 22329.342179, 4
531.670602, -420.719175, 22365.004827, 5
496.587458, -433.598543, 22379.229711, 6
549.267175, -444.337541, 22391.091795, 7
550.526814, -424.240631, 22380.770501, 8
557.716833, -454.452895, 22335.860025, 9
524.658688, -434.530715, 22366.279615, 10
548.851734, -424.157799, 22333.840738, 11
521.045530, -470.170782, 22358.483121, 12
498.952875, -414.938702, 22351.160290, 13
516.808811, -467.463802, 22350.508930, 14
519.615816, -426.463617, 22342.934099, 15
558.085172, -420.546616, 22391.201530, 16
542.056146, -430.669285, 22360.003461, 17
537.889435, -439.532283, 22348.903208, 18
523.403729, -441.205926, 22376.332785, 19
532.727334, -475.936638, 22354.925524, 20
503.758420, -417.755157, 22343.910176, 21
511.063477, -456.099171, 22355.588583, 22
543.014882, -447.816852, 22353.803421, 23
498.920604, -421.678063, 22368.203866, 24
522.898090, -461.452234, 22354.874140, 25
539.299072, -462.756853, 22347.475925, 26
535.243502, -480.090503, 22329.950632, 27
499.992927, -432.871191, 22372.281281, 28
522.363047, -468.858276, 22344.214743, 29
503.422946, -426.801102, 22350.140216, 30
531.813899, -413.713101, 22345.529307, 31
549.189273, -462.039345, 22371.293217, 32
509.536243, -478.414136, 22336.616791, 33
536.806229, -470.163972, 22328.081245, 34
509.754739, -437.935978, 22348.485091, 35
538.101121, -458.026902, 22367.595230, 36
559.043453, -413.453503, 22369.368693, 37
493.739167, -472.850462, 22349.637438, 38
539.484073, -441.157875, 22362.639627, 39
557.165941, -428.405176, 22348.983148, 40
512.053425, -455.981030, 22348.404482, 41
531.047412, -466.181690, 22368.233584, 42
507.084907, -447.313957, 22371.673019, 43
517.166563, -469.899093, 22383.386263, 44
518.712891, -450.814825, 22358.559040, 45
540.668683, -472.103364, 22382.423930, 46
513.009794, -472.449617, 22382.114760, 47
555.841916, -469.380773, 22391.123586, 48
510.225418, -420.566979, 22363.104832, 49
546.331599, -422.790910, 22347.842668, 50
500.059321, -470.127051, 22373.725130, 51
521.936195, -429.749914, 22389.411322, 52
494.915663, -413.335435, 22355.230528, 53
540.062184, -455.558663, 22367.192210, 54
528.187194, -427.515792, 22329.519724, 55
491.518334, -446.236754, 22339.277476, 56
547.404037, -423.897156, 22348.690972, 57
534.259091, -427.445042, 22361.170774, 58
530.125105, -476.609493, 22353.746271, 59
497.975979, -420.948162, 22344.097954, 60
519.283184, -480.278505, 22355.832379, 61
497.751810, -449.012714, 22339.223284, 62
491.900553, -444.767407, 22339.030918, 63
520.595080, -464.095104, 22365.328508, 64
492.533596, -426.578068, 22350.961250, 65
495.518727, -425.730020, 22386.590810, 66
508.262767, -437.715440, 22375.840671, 67
530.417660, -462.846830, 22361.525078, 68
496.335077, -423.391707, 22366.782109, 69
523.546951, -416.086178, 22358.975412, 70
541.110071, -456.192804, 22360.557237, 71
501.688453, -449.111021, 22393.417829, 72
514.378731, -447.880734, 22361.735619, 73
526.875774, -417.955788, 22379.552207, 74
496.956515, -416.092457, 22366.114397, 75
521.383080, -479.963655, 22353.524928, 76
512.715326, -462.371750, 22328.950868, 77
493.292710, -422.624197, 22347.966715, 78
528.286798, -416.959578, 22337.717304, 79
499.813646, -452.802458, 22334.771975, 80
532.253974, -471.082236, 22360.441526, 81
497.558212, -460.063900, 22393.199876, 82
495.711509, -436.355503, 22358.452057, 83
530.958777, -468.869825, 22353.638936, 84
515.253452, -462.583621, 22350.684765, 85
554.831882, -431.870817, 22352.589390, 86
513.102683, -478.545184, 22372.080421, 87
515.519517, -475.922835, 22362.595987, 88
536.951636, -438.306523, 22358.776808, 89
548.133963, -429.163095, 22387.842036, 90
556.372369, -456.298748, 22329.899361, 91
521.560410, -449.410820, 22351.685565, 92
519.499051, -444.369625, 22328.481856, 93
551.418470, -472.800567, 22341.475642, 94
509.804982, -448.216938, 22360.725331, 95
533.960652, -452.775251, 22342.022315, 96
491.295008, -430.342615, 22345.340623, 97
536.838675, -474.212821, 22351.279732, 98
504.181113, -427.931462, 22394.841471, 99
536.425598, -439.187600, 22378.819612, 100
529.009726, -442.204804, 22335.656369, 101
532.373413, -480.034187, 22368.110401, 102
557.535034, -451.205429, 22336.882326, 103
490.763677, -459.176619, 22345.941902, 104
505.704162, -440.041584, 22379.601760, 105
539.922004, -465.471171, 22339.953943, 106
555.411711, -464.846517, 22391.476675, 107
505.498518, -418.678021, 22330.403145, 108
530.243498, -473.886849, 22384.337598, 109
529.824735, -428.131676, 22358.286055, 110
513.384819, -458.511659, 22329.224451, 111
522.508094, -416.808463, 22331.053323, 112
495.362870, -418.663147, 22361.710161, 113
505.709744, -418.569760, 22384.398406, 114
525.117545, -472.255812, 22357.492943, 115
509.450874, -423.003981, 22373.887648, 116
522.870350, -426.982117, 22390.907379, 117
519.089245, -480.873380, 22385.368726, 118
522.957527, -441.300137, 22393.352979, 119
512.036015, -470.865180, 22378.355147, 120
543.789445, -448.150725, 22332.980788, 121
546.480120, -416.312947, 22329.315651, 122
550.998319, -480.339950, 22392.516282, 123
517.453238, -465.300599, 22387.096392, 124
506.593636, -430.853199, 22327.971884, 125
537.553419, -480.792352, 22386.833261, 126
516.184535, -448.592343, 22372.990868, 127
