x coord, y coord, z coord, scalar
345.439837, -295.264542, 10280.597355, 0
335.890300, -289.415912, 10297.319023, 1
348.222927, -301.044156, 10303.036531, 2
380.749537, -264.297235, 10274.264676, 3
341.711932, -257.618393, 10259.215390, 4
366.517766, -264.547950, 10294.877983, 5
331.434619, -277.427393, 10309.100777, 6
384.114371, -288.166306, 10320.963023, 7
385.374000, -268.069405, 10310.642534, 8
392.564035, -298.281677, 10265.733134, 9
359.505771, -278.359442, 10296.156161, 10
383.698929, -267.986584, 10263.713867, 11
355.892785, -313.999561, 10288.358215, 12
333.800058, -258.767505, 10281.033578, 13
351.656046, -311.292593, 10280.384387, 14
354.462998, -270.292407, 10272.808455, 15
392.932364, -264.375397, 10321.073495, 16
376.903325, -274.498049, 10289.876979, 17
372.736624, -283.361050, 10278.777772, 18
358.250656, -285.034468, 10306.196132, 19
367.574560, -319.765415, 10284.799166, 20
338.605604, -261.583958, 10273.783725, 21
345.910725, -299.927994, 10285.468943, 22
377.862081, -291.645611, 10283.677652, 23
333.767769, -265.506880, 10298.076736, 24
357.745338, -305.281000, 10284.751541, 25
374.146285, -306.585625, 10277.350018, 26
370.090711, -323.919291, 10259.823831, 27
334.840068, -276.700050, 10302.153871, 28
357.210269, -312.687062, 10274.089307, 29
338.270122, -270.629911, 10280.014598, 30
366.661085, -257.541887, 10275.402597, 31
384.036486, -305.868104, 10301.165724, 32
344.383457, -322.242932, 10266.490343, 33
371.653436, -313.992759, 10257.954614, 34
344.601918, -281.764786, 10278.361561, 35
372.948350, -301.855625, 10297.468884, 36
393.890644, -257.282284, 10299.241144, 37
328.586386, -316.679270, 10279.511035, 38
374.331254, -284.986612, 10292.513919, 39
392.013135, -272.233956, 10278.856131, 40
346.900646, -299.809833, 10278.281710, 41
365.894674, -310.010428, 10298.107228, 42
341.932053, -291.143275, 10301.551080, 43
352.013837, -313.727880, 10313.255944, 44
353.560122, -294.643581, 10288.446833, 45
375.515908, -315.932130, 10312.295561, 46
347.857060, -316.278416, 10311.985282, 47
390.689125, -313.209550, 10320.995404, 48
345.072573, -264.395783, 10292.978440, 49
381.178788, -266.619690, 10277.715887, 50
334.906574, -313.955880, 10303.597376, 51
356.783344, -273.578693, 10319.280324, 52
329.762846, -257.164239, 10285.103589, 53
374.909402, -299.387389, 10297.065795, 54
363.034388, -271.344581, 10259.393321, 55
326.365534, -290.065563, 10269.151447, 56
382.251227, -267.725935, 10278.564182, 57
369.106256, -271.273806, 10291.044634, 58
364.972331, -320.438272, 10283.619993, 59
332.823165, -264.776965, 10273.971514, 60
354.130416, -324.107294, 10285.706012, 61
332.599012, -292.841522, 10269.097719, 62
326.747752, -288.596215, 10268.904892, 63
355.442405, -307.923858, 10295.205556, 64
327.380781, -270.406880, 10280.834904, 65
330.365902, -269.558839, 10316.461955, 66
343.109781, -281.544380, 10305.709257, 67
365.264912, -306.675569, 10291.400648, 68
331.182246, -267.220528, 10296.655103, 69
358.394120, -259.914965, 10288.848816, 70
375.957285, -300.021549, 10290.431404, 71
336.535657, -292.939856, 10323.285703, 72
349.225912, -291.709584, 10291.634350, 73
361.722936, -261.784569, 10309.423956, 74
331.803690, -259.921267, 10295.987197, 75
356.230309, -323.792443, 10283.398607, 76
347.562533, -306.200545, 10258.824784, 77
328.139896, -266.453004, 10277.840206, 78
363.133986, -260.788367, 10267.590727, 79
334.660850, -296.631261, 10264.646170, 80
367.101211, -314.911002, 10290.315460, 81
332.405434, -303.892725, 10323.069601, 82
330.558686, -280.184340, 10288.326745, 83
365.806007, -312.698596, 10283.513420, 84
350.100689, -306.412415, 10280.561371, 85
389.679075, -275.699593, 10282.462456, 86
347.949934, -322.373981, 10301.952915, 87
350.366768, -319.751627, 10292.469807, 88
371.798812, -282.135269, 10288.651639, 89
382.981150, -272.991866, 10317.713623, 90
391.219571, -300.127532, 10259.772449, 91
356.407613, -293.239590, 10281.564894, 92
354.346250, -288.198417, 10258.355948, 93
386.265678, -316.629349, 10271.348750, 94
344.652181, -292.045842, 10290.613822, 95
368.807857, -296.604026, 10271.897002, 96
326.142198, -274.171424, 10275.214347, 97
371.685895, -318.041598, 10281.153339, 98
339.028287, -271.760272, 10324.711618, 99
371.272762, -283.016318, 10308.690346, 100
363.856922, -286.033588, 10265.530770, 101
367.220645, -323.862962, 10297.983148, 102
392.382236, -295.034210, 10266.755457, 103
325.610887, -303.005433, 10275.815909, 104
340.551252, -283.870522, 10309.467424, 105
374.769213, -309.299951, 10269.827662, 106
390.258919, -308.675292, 10321.348408, 107
340.345710, -262.506818, 10260.276506, 108
365.090737, -317.715619, 10314.208665, 109
364.671895, -271.960444, 10288.160601, 110
348.232025, -302.340454, 10259.098499, 111
357.355285, -260.637254, 10260.926678, 112
330.210047, -262.491958, 10291.583244, 113
340.556910, -262.398567, 10314.269756, 114
359.964787, -316.084588, 10287.367379, 115
344.298012, -266.832793, 10303.759859, 116
357.717509, -270.810899, 10320.777173, 117
353.936482, -324.702168, 10315.240075, 118
357.804698, -285.128904, 10323.219289, 119
346.883298, -314.693985, 10308.226053, 120
378.636646, -291.979507, 10262.854373, 121
381.327315, -260.141735, 10259.188658, 122
385.845530, -324.168731, 10322.388151, 123
352.300512, -309.129384, 10316.964112, 124
341.440831, -274.681996, 10257.845560, 125
372.400641, -324.621130, 10316.704943, 126
351.031715, -292.421151, 10302.863940, 127
