x coord, y coord, z coord, scalar
148.062034, -77.606143, 1323.230249, 0
138.512433, -71.757690, 1339.950522, 1
150.845797, -83.385990, 1345.664216, 2
183.371709, -46.638793, 1316.893542, 3
144.334105, -39.959969, 1301.844283, 4
169.139904, -46.889494, 1337.506836, 5
134.056745, -59.769035, 1351.728080, 6
186.736553, -70.507843, 1363.590448, 7
187.996167, -50.410951, 1353.270554, 8
195.186222, -80.623236, 1308.361950, 9
162.127808, -60.700916, 1338.787524, 10
186.321105, -50.328146, 1306.342697, 11
158.515040, -96.341122, 1330.988502, 12
136.422217, -41.109089, 1323.662526, 13
154.278276, -93.634167, 1323.014943, 14
157.085157, -52.633976, 1315.438196, 15
195.554538, -46.716953, 1363.701467, 16
179.525484, -56.839581, 1332.506098, 17
175.358796, -65.702588, 1321.407668, 18
160.872508, -67.375684, 1348.817723, 19
170.196779, -102.106970, 1327.428378, 20
141.227767, -43.925539, 1316.412866, 21
148.532967, -82.269611, 1328.103129, 22
180.484266, -73.987139, 1326.307299, 23
136.389904, -47.848482, 1340.705375, 24
160.367586, -87.622544, 1327.383538, 25
176.768487, -88.927172, 1319.979562, 26
172.712906, -106.260858, 1302.452714, 27
137.462166, -59.041705, 1344.782304, 28
159.832480, -95.028628, 1316.719201, 29
140.892272, -52.971502, 1322.644358, 30
169.283249, -39.883451, 1318.031548, 31
186.658690, -88.209634, 1343.794095, 32
147.005657, -104.584509, 1309.119488, 33
174.275629, -96.334324, 1300.583624, 34
147.224070, -64.106377, 1320.992867, 35
175.570577, -84.197110, 1340.098104, 36
196.512816, -39.623842, 1341.869472, 37
131.208591, -99.020865, 1322.140213, 38
176.953418, -67.328109, 1335.143612, 39
194.635311, -54.575511, 1321.484855, 40
149.522855, -82.151422, 1320.913577, 41
168.516943, -92.351937, 1340.736442, 42
144.554107, -73.485530, 1344.183560, 43
154.636118, -96.069454, 1355.882222, 44
156.182350, -76.985109, 1331.086531, 45
178.138126, -98.273672, 1354.923282, 46
150.479328, -98.620005, 1354.612183, 47
193.311321, -95.551103, 1363.623266, 48
147.694696, -46.737367, 1335.607626, 49
183.800958, -48.961245, 1320.344784, 50
137.528823, -96.297507, 1346.225554, 51
159.405462, -55.920242, 1361.906098, 52
132.385006, -39.505825, 1327.732371, 53
177.531616, -81.728877, 1339.694964, 54
165.656562, -53.686148, 1302.022499, 55
128.987715, -72.407156, 1311.780903, 56
184.873397, -50.067489, 1321.193072, 57
171.728396, -53.615337, 1333.674008, 58
167.594550, -102.779830, 1326.249264, 59
135.445329, -47.118550, 1316.600663, 60
156.752641, -106.448865, 1328.335219, 61
135.221196, -75.183115, 1311.727518, 62
129.369932, -70.937808, 1311.534350, 63
158.064756, -90.265392, 1337.837291, 64
130.002942, -52.748476, 1323.464124, 65
132.988048, -51.900443, 1359.089317, 66
145.731704, -63.886125, 1348.334726, 67
167.887169, -89.017077, 1334.031287, 68
133.804385, -49.562133, 1339.283835, 69
161.016263, -42.256526, 1331.477852, 70
178.579491, -82.363061, 1333.061005, 71
139.157840, -75.281485, 1365.910642, 72
151.848063, -74.051230, 1334.282165, 73
164.345070, -44.126122, 1352.051767, 74
134.425839, -42.262859, 1338.615783, 75
158.852530, -106.134012, 1326.027846, 76
150.184726, -88.542121, 1301.454200, 77
130.762059, -48.794594, 1320.469305, 78
165.756154, -43.129933, 1310.219776, 79
137.283037, -78.972848, 1307.275790, 80
169.723446, -97.252543, 1332.944887, 81
135.027643, -86.234342, 1365.695912, 82
133.180833, -62.525969, 1330.956732, 83
168.428231, -95.040143, 1326.143257, 84
152.722919, -88.753993, 1323.192779, 85
192.301250, -58.041143, 1325.091242, 86
150.572184, -104.715564, 1344.581277, 87
152.989018, -102.093205, 1335.099149, 88
174.420969, -64.476779, 1331.281730, 89
185.603318, -55.333409, 1360.341313, 90
193.841758, -82.469094, 1302.401251, 91
159.029804, -75.581133, 1324.198320, 92
156.968431, -70.539988, 1300.985492, 93
188.887873, -98.970908, 1313.977565, 94
147.274349, -74.387561, 1333.254035, 95
171.430047, -78.945577, 1314.526987, 96
128.764366, -56.513018, 1317.843620, 97
174.308105, -100.383152, 1323.782524, 98
141.650433, -54.101865, 1367.338240, 99
173.894904, -65.357790, 1351.317403, 100
166.479101, -68.375149, 1308.160544, 101
169.842872, -106.204516, 1340.611699, 102
195.004422, -77.375769, 1309.384290, 103
128.233081, -85.347033, 1318.445392, 104
143.173276, -66.212273, 1352.090728, 105
177.391410, -91.641509, 1312.456929, 106
192.881115, -91.016842, 1363.976204, 107
142.967882, -44.848395, 1302.905510, 108
167.712973, -100.057167, 1356.835969, 109
167.294029, -54.301979, 1330.790482, 110
150.854216, -84.682029, 1301.728010, 111
159.977457, -42.978824, 1303.555676, 112
132.832198, -44.833552, 1334.212040, 113
143.179047, -44.740154, 1356.897271, 114
162.587027, -98.426143, 1329.997179, 115
146.920112, -49.174384, 1346.388011, 116
160.339640, -53.152453, 1363.403534, 117
156.558713, -107.043740, 1357.867589, 118
160.426846, -67.470440, 1365.843070, 119
149.505588, -97.035584, 1350.853238, 120
181.258830, -74.321066, 1305.483542, 121
183.949492, -42.483300, 1301.817398, 122
188.467730, -106.510289, 1365.016048, 123
154.922792, -91.470955, 1359.588940, 124
144.063006, -57.023574, 1300.474798, 125
175.022854, -106.962686, 1359.332704, 126
153.653870, -74.762741, 1345.492729, 127
