x coord, y coord, z coord, scalar
342.851180, -272.133011, 9358.562011, 0
333.301630, -266.284391, 9375.283535, 1
345.634308, -277.912673, 9381.000650, 2
378.160880, -241.165700, 9352.228917, 3
339.123274, -234.486859, 9337.179634, 4
363.929107, -241.416412, 9372.842223, 5
328.845954, -254.295862, 9387.064857, 6
381.525716, -265.034770, 9398.927115, 7
382.785343, -244.937869, 9388.606687, 8
389.975379, -275.150143, 9343.697369, 9
356.917108, -255.227895, 9374.120660, 10
381.110272, -244.855049, 9341.678104, 11
353.304133, -290.868031, 9366.322602, 12
331.211398, -235.635971, 9358.997827, 13
349.067393, -288.161062, 9358.348802, 14
351.874339, -247.160873, 9350.772786, 15
390.343707, -241.243862, 9399.037644, 16
374.314668, -251.366511, 9367.841245, 17
370.147968, -260.229513, 9356.742119, 18
355.661991, -261.902894, 9384.159622, 19
364.985906, -296.633882, 9362.763442, 20
336.016945, -238.452424, 9351.747994, 21
343.322070, -276.796466, 9363.433732, 22
375.273426, -268.514075, 9361.641973, 23
331.179107, -242.375347, 9376.040953, 24
355.156687, -282.149468, 9362.716105, 25
371.557630, -283.454091, 9355.314329, 26
367.502055, -300.787758, 9337.788074, 27
332.251401, -253.568519, 9380.118067, 28
354.621614, -289.555529, 9352.053654, 29
335.681462, -247.498377, 9357.978931, 30
364.072426, -234.410353, 9353.366847, 31
381.447832, -282.736568, 9379.129914, 32
341.794800, -299.111399, 9344.454613, 33
369.064780, -290.861225, 9335.918870, 34
342.013257, -258.633253, 9356.326053, 35
370.359700, -278.724088, 9375.433161, 36
391.301987, -234.150750, 9377.205329, 37
325.997729, -293.547739, 9357.475308, 38
371.742599, -261.855072, 9370.478245, 39
389.424478, -249.102421, 9356.820358, 40
344.311990, -276.678302, 9356.246260, 41
363.306026, -286.878894, 9376.071505, 42
339.343355, -268.011786, 9379.515694, 43
349.425187, -290.596352, 9391.219918, 44
350.971470, -271.512046, 9366.412191, 45
372.927254, -292.800596, 9390.259684, 46
345.268408, -293.146888, 9389.949320, 47
388.100470, -290.078016, 9398.959541, 48
342.483911, -241.264248, 9370.942714, 49
378.590131, -243.488155, 9355.680131, 50
332.317919, -290.824354, 9381.561546, 51
354.194683, -250.447155, 9397.244246, 52
327.174187, -234.032706, 9363.067822, 53
372.320751, -276.255851, 9375.030067, 54
360.445730, -248.213047, 9337.357594, 55
323.776876, -266.934031, 9347.115749, 56
379.662570, -244.594400, 9356.528425, 57
366.517597, -248.142268, 9369.008927, 58
362.383677, -297.306740, 9361.584276, 59
330.234506, -241.645432, 9351.935784, 60
351.541762, -300.975762, 9363.670288, 61
330.010354, -269.709990, 9347.062056, 62
324.159094, -265.464683, 9346.869194, 63
352.853762, -284.792329, 9373.170093, 64
324.792121, -247.275347, 9358.799181, 65
327.777240, -246.427306, 9394.426041, 66
340.521096, -258.412847, 9383.673148, 67
362.676263, -283.544034, 9369.365072, 68
328.593584, -244.088995, 9374.619330, 69
355.805460, -236.783429, 9366.813074, 70
373.368632, -276.890012, 9368.395720, 71
333.946997, -269.808327, 9401.249539, 72
346.637249, -268.578055, 9369.600543, 73
359.134276, -238.653032, 9387.388088, 74
329.215030, -236.789733, 9373.951409, 75
353.641655, -300.660911, 9361.362886, 76
344.973877, -283.069012, 9336.789082, 77
325.551237, -243.321471, 9355.804471, 78
360.545328, -237.656832, 9345.554987, 79
332.072192, -273.499729, 9342.610489, 80
364.512559, -291.779468, 9368.279759, 81
329.816777, -280.761196, 9401.033579, 82
327.970023, -257.052810, 9366.291101, 83
363.217354, -289.567063, 9361.477761, 84
347.512035, -283.280884, 9358.525874, 85
387.090418, -252.568057, 9360.426689, 86
345.361281, -299.242451, 9379.917104, 87
347.778116, -296.620097, 9370.434097, 88
369.210156, -259.003730, 9366.616006, 89
380.392493, -249.860330, 9395.677743, 90
388.630915, -276.995998, 9337.736683, 91
353.818958, -270.108055, 9359.529605, 92
351.757593, -265.066883, 9336.320259, 93
383.677022, -293.497815, 9349.312985, 94
342.063516, -268.914319, 9368.579232, 95
366.219201, -273.472492, 9349.861358, 96
323.553539, -251.039892, 9353.178630, 97
369.097240, -294.910065, 9359.117613, 98
336.439626, -248.628739, 9402.675627, 99
368.684106, -259.884776, 9386.654401, 100
361.268265, -262.902054, 9343.495105, 101
364.631992, -300.731430, 9375.947357, 102
389.793580, -271.902676, 9344.719694, 103
323.022229, -279.873902, 9353.780213, 104
337.962575, -260.738994, 9387.431091, 105
372.180558, -286.168418, 9347.791944, 106
387.670264, -285.543757, 9399.312538, 107
337.757051, -239.375284, 9338.240761, 108
362.502085, -294.584087, 9392.172744, 109
362.083236, -248.828905, 9366.124947, 110
345.643368, -279.208921, 9337.062806, 111
354.766627, -237.505720, 9338.890932, 112
327.621387, -239.360425, 9369.547478, 113
337.968249, -239.267032, 9392.233858, 114
357.376135, -292.953056, 9365.331716, 115
341.709348, -243.701257, 9381.724027, 116
355.128849, -247.679362, 9398.741155, 117
351.347828, -301.570637, 9393.204177, 118
355.216040, -261.997366, 9401.183005, 119
344.294647, -291.562459, 9386.190121, 120
376.047989, -268.847972, 9340.818645, 121
378.738658, -237.010200, 9337.152885, 122
383.256875, -301.037197, 9400.352292, 123
349.711862, -285.997855, 9394.927937, 124
338.852173, -251.550463, 9335.809839, 125
369.811986, -301.489597, 9394.669069, 126
348.443055, -269.289618, 9380.828173, 127
