x coord, y coord, z coord, scalar
293.778985, -228.335831, 7112.071692, 0
284.229427, -222.487251, 7128.792865, 1
296.562266, -234.115524, 7134.509023, 2
329.088679, -197.368511, 7105.737586, 3
290.051074, -190.689674, 7090.688309, 4
314.856898, -197.619221, 7126.350888, 5
279.773746, -210.498692, 7140.573133, 6
332.453516, -221.237576, 7152.435422, 7
333.713141, -201.140677, 7142.115144, 8
340.903181, -231.352953, 7097.206026, 9
307.844875, -211.430691, 7127.629955, 10
332.038072, -201.057861, 7095.186764, 11
304.231951, -247.070840, 7119.831628, 12
282.139195, -191.838788, 7112.506517, 13
299.995205, -244.363874, 7111.857895, 14
302.802136, -203.363686, 7104.281675, 15
341.271507, -197.446672, 7152.546088, 16
325.242463, -207.569317, 7121.349978, 17
321.075766, -216.432320, 7110.251047, 18
306.589711, -218.105639, 7137.666465, 19
315.913715, -252.836691, 7116.272198, 20
286.944743, -194.655240, 7105.256732, 21
294.249886, -232.999288, 7116.943737, 22
326.201227, -224.716879, 7115.150839, 23
282.106899, -198.578168, 7129.549565, 24
306.084502, -238.352274, 7116.225559, 25
322.485436, -239.656898, 7108.823168, 26
318.429859, -256.990570, 7091.296747, 27
283.179186, -209.771353, 7133.626627, 28
305.549421, -245.758341, 7105.562581, 29
286.609257, -203.701196, 7111.487824, 30
315.000224, -190.613165, 7106.875537, 31
332.375638, -238.939372, 7132.638459, 32
292.722606, -255.314214, 7097.963352, 33
319.992584, -247.064037, 7089.427575, 34
292.941053, -214.836071, 7109.835335, 35
321.287509, -234.926881, 7128.941919, 36
342.229786, -190.353560, 7130.713863, 37
276.925536, -249.750557, 7110.984055, 38
322.670395, -218.057870, 7123.987121, 39
340.352277, -205.305231, 7110.328991, 40
295.239798, -232.881118, 7109.755683, 41
314.233844, -243.081692, 7129.580261, 42
290.271149, -224.214751, 7133.025270, 43
300.353010, -246.799163, 7144.727937, 44
301.899281, -227.714849, 7119.923579, 45
323.855063, -249.003402, 7143.768065, 46
296.196229, -249.349703, 7143.457496, 47
339.028274, -246.280825, 7152.467958, 48
293.411700, -197.467066, 7124.451463, 49
329.517929, -199.690965, 7109.188808, 50
283.245737, -247.027178, 7135.070042, 51
305.122470, -206.649966, 7150.752139, 52
278.101984, -190.235523, 7116.576470, 53
323.248557, -232.458646, 7128.538812, 54
311.373530, -204.415860, 7090.866341, 55
274.704678, -223.136849, 7100.624566, 56
330.590368, -200.797210, 7110.037100, 57
317.445389, -204.345074, 7122.517724, 58
313.311487, -253.509549, 7115.093046, 59
281.162304, -197.848249, 7105.444524, 60
302.469573, -257.178575, 7117.179043, 61
280.938156, -225.912808, 7100.570960, 62
275.086895, -221.667501, 7100.378011, 63
303.781599, -240.995130, 7126.679482, 64
275.719919, -203.478167, 7112.307939, 65
278.705035, -202.630128, 7147.934332, 66
291.448847, -214.615706, 7137.180964, 67
313.604079, -239.746832, 7122.874186, 68
279.521378, -200.291817, 7128.127966, 69
306.733253, -192.986241, 7120.321786, 70
324.296437, -233.092812, 7121.904574, 71
284.874801, -226.011153, 7154.757222, 72
297.565046, -224.780885, 7123.113968, 73
310.062066, -194.855843, 7140.896492, 74
280.142825, -192.992552, 7127.460008, 75
304.569465, -256.863723, 7114.871648, 76
295.901681, -239.271826, 7090.297889, 77
276.479035, -199.524290, 7109.313199, 78
311.473127, -193.859645, 7099.063702, 79
282.999996, -229.702545, 7096.119347, 80
315.440371, -247.982274, 7121.788569, 81
280.744586, -236.964019, 7154.541606, 82
278.897819, -213.255636, 7119.800052, 83
314.145164, -245.769870, 7114.986674, 84
298.439847, -239.483698, 7112.035181, 85
338.018218, -208.770866, 7113.935338, 86
296.289098, -255.445265, 7133.425647, 87
298.705932, -252.822910, 7123.942886, 88
320.137950, -215.206531, 7120.124983, 89
331.320291, -206.063138, 7149.186117, 90
339.558717, -233.198809, 7091.245336, 91
304.746761, -226.310862, 7113.039419, 92
302.685394, -221.269697, 7089.829098, 93
334.604826, -249.700626, 7102.821642, 94
292.991319, -225.117165, 7122.090750, 95
317.147004, -229.675300, 7103.370308, 96
274.481338, -207.242710, 7106.687401, 97
320.025047, -251.112874, 7112.626362, 98
287.367420, -204.831558, 7156.183733, 99
319.611896, -216.087569, 7140.162615, 100
312.196066, -219.104865, 7097.004002, 101
315.559803, -256.934238, 7129.455946, 102
340.721382, -228.105487, 7098.228355, 103
273.950034, -236.076721, 7107.289037, 104
288.890348, -216.941851, 7140.938364, 105
323.108362, -242.371228, 7101.300714, 106
338.598068, -241.746566, 7152.820939, 107
288.684851, -195.578099, 7091.749465, 108
313.429898, -250.786893, 7145.681021, 109
313.011026, -205.031713, 7119.633871, 110
296.571172, -235.411735, 7090.571637, 111
305.694426, -193.708534, 7092.399635, 112
278.549182, -195.563244, 7123.056129, 113
288.896041, -195.469851, 7145.742187, 114
308.303949, -249.155864, 7118.840620, 115
292.637133, -199.904077, 7135.232516, 116
306.056639, -203.882173, 7152.249196, 117
302.275641, -257.773449, 7146.712506, 118
306.143833, -218.200173, 7154.690398, 119
295.222473, -247.765275, 7139.698368, 120
326.975791, -225.050783, 7094.327390, 121
329.666458, -193.213013, 7090.661523, 122
334.184680, -257.240007, 7153.860718, 123
300.639685, -242.200665, 7148.435592, 124
289.779973, -207.753278, 7089.318602, 125
320.739794, -257.692406, 7148.177461, 126
299.370851, -225.492436, 7134.336823, 127
