x coord, y coord, z coord, scalar
87.306254, -24.653401, 327.065993, 0
77.756641, -18.804997, 343.786112, 1
90.090203, -30.433291, 349.499385, 2
122.615920, 6.313960, 320.728840, 3
83.578317, 12.992780, 305.679585, 4
108.384107, 6.063261, 341.342133, 5
73.300947, -6.816306, 355.563207, 6
125.980766, -17.555084, 367.425587, 7
127.240377, 2.541806, 357.105759, 8
134.430438, -27.670483, 312.197243, 9
101.371981, -7.748144, 342.623098, 10
125.565319, 2.624607, 310.177992, 11
97.759274, -43.388368, 334.823958, 12
75.666426, 11.843656, 327.497834, 13
93.522504, -40.681416, 326.850428, 14
96.329366, 0.318775, 319.273591, 15
134.798751, 6.235801, 367.536667, 16
118.769691, -3.886822, 336.341424, 17
114.603007, -12.749830, 325.243080, 18
100.116625, -14.422848, 352.652219, 19
109.441003, -49.154215, 331.263715, 20
80.471977, 9.027208, 320.248195, 21
87.777199, -29.316872, 331.939015, 22
119.728480, -21.034378, 330.142684, 23
75.634107, 5.104258, 344.540648, 24
99.611818, -34.669785, 331.219182, 25
116.012707, -35.974415, 323.814936, 26
111.957125, -53.308107, 306.288015, 27
76.706360, -6.088979, 348.617555, 28
99.076703, -42.075876, 320.554614, 29
80.136479, -0.018758, 326.479756, 30
108.527459, 13.069301, 321.866856, 31
125.902910, -35.256873, 347.629339, 32
86.249878, -51.631761, 312.954818, 33
113.519847, -43.381573, 304.418939, 34
86.468277, -11.153633, 324.828435, 35
114.814802, -31.244336, 343.933442, 36
135.757029, 13.328911, 345.704712, 37
70.452813, -46.068120, 325.975547, 38
116.197626, -14.375339, 338.979002, 39
133.879524, -1.622756, 325.320138, 40
88.767078, -29.198676, 324.749207, 41
107.761179, -39.399168, 344.571780, 42
83.798307, -20.532967, 348.019257, 43
93.880359, -43.116702, 359.717235, 44
95.426576, -24.032346, 334.923025, 45
117.382350, -45.320913, 358.758454, 46
89.723567, -45.667257, 358.447265, 47
132.555540, -42.598347, 367.458453, 48
86.938895, 6.215378, 339.442960, 49
123.045169, 3.991509, 324.180087, 50
76.773057, -43.344770, 350.060777, 51
98.649659, -2.967488, 365.741056, 52
71.629216, 13.446920, 331.567660, 53
116.775837, -28.776104, 343.530296, 54
104.900774, -0.733397, 305.857833, 55
68.231931, -19.454412, 315.616267, 56
124.117609, 2.885265, 325.028374, 57
110.972599, -0.662578, 337.509363, 58
106.838775, -49.827076, 330.084607, 59
74.689540, 5.834195, 320.435993, 60
95.996867, -53.496114, 332.170555, 61
74.465412, -22.230370, 315.562919, 62
68.614147, -17.985064, 315.369714, 63
97.309016, -37.312628, 341.672906, 64
69.247152, 0.204267, 327.299462, 65
72.232255, 1.052297, 362.924450, 66
84.975854, -10.933428, 352.169650, 67
107.131402, -36.064308, 337.866781, 68
73.048590, 3.390607, 343.119119, 69
100.260468, 10.696225, 335.313169, 70
117.823711, -29.410294, 336.896385, 71
78.402057, -22.328751, 369.745507, 72
91.092272, -21.098501, 338.119557, 73
103.589271, 8.826631, 355.886949, 74
73.670045, 10.689885, 342.451051, 75
98.096756, -53.181260, 329.863186, 76
89.428944, -35.589372, 305.289559, 77
70.006270, 4.158150, 324.304630, 78
105.000366, 9.822818, 314.055095, 79
76.527254, -26.020102, 311.111172, 80
108.967674, -44.299783, 336.780248, 81
74.271866, -33.281604, 369.530929, 82
72.425041, -9.573235, 334.792154, 83
107.672457, -42.087386, 329.978663, 84
91.967147, -35.801244, 327.028358, 85
131.545463, -5.088387, 328.926532, 86
89.816418, -51.762815, 348.416520, 87
92.233252, -49.140455, 338.934500, 88
113.665175, -11.524013, 335.117164, 89
124.847528, -2.380652, 364.176482, 90
133.085974, -29.516341, 306.236543, 91
98.274020, -22.628375, 328.034122, 92
96.212646, -17.587238, 304.820865, 93
128.132091, -46.018155, 317.812858, 94
86.518565, -21.434851, 337.090587, 95
110.674264, -25.992821, 318.362410, 96
68.008578, -3.560274, 321.678963, 97
113.552327, -47.430397, 327.617858, 98
80.894639, -1.149122, 371.173291, 99
113.139106, -12.405014, 355.152502, 100
105.723315, -15.422396, 311.995943, 101
109.087099, -53.251760, 344.446962, 102
134.248638, -24.423015, 313.219585, 103
67.477300, -32.394291, 322.280759, 104
82.417454, -13.259576, 355.925413, 105
116.635629, -38.688754, 316.292272, 106
132.125333, -38.064086, 367.811385, 107
82.212094, 8.104353, 306.740824, 108
106.957202, -47.104409, 360.671095, 109
106.538230, -1.349221, 334.625892, 110
90.098433, -31.729280, 305.563380, 111
99.221669, 9.973926, 307.390989, 112
72.076405, 8.119191, 338.047331, 113
82.423250, 8.212590, 360.732420, 114
101.831257, -45.473387, 333.832581, 115
86.164306, 3.778358, 350.223231, 116
99.583841, -0.199699, 367.238556, 117
95.802941, -54.090989, 361.702739, 118
99.671051, -14.517682, 369.677807, 119
88.749832, -44.082838, 354.688351, 120
120.503046, -21.368312, 309.318874, 121
123.193705, 10.469452, 305.652683, 122
127.711949, -53.557535, 368.851239, 123
94.167034, -38.518202, 363.423792, 124
83.307219, -4.070826, 304.310137, 125
114.267077, -54.009931, 363.167880, 126
92.898079, -21.809997, 349.328019, 127
