x coord, y coord, z coord, scalar
508.614063, -440.190522, 21888.995011, 0
499.064558, -434.341759, 21905.718488, 1
511.396647, -445.970022, 21911.440952, 2
543.923785, -409.223244, 21882.667562, 3
504.886177, -402.544389, 21867.618242, 4
529.692039, -409.473966, 21903.280888, 5
494.608893, -422.353337, 21917.505692, 6
547.288613, -433.092332, 21929.367782, 7
548.548252, -412.995422, 21919.046519, 8
555.738271, -443.207687, 21874.136084, 9
522.680123, -423.285501, 21904.555805, 10
546.873172, -412.912590, 21872.116798, 11
519.066971, -458.925575, 21896.759255, 12
496.974312, -403.693494, 21889.436356, 13
514.830251, -456.218595, 21888.785078, 14
517.637253, -415.218408, 21881.210205, 15
556.106610, -409.301407, 21929.477545, 16
540.077584, -419.424076, 21898.279536, 17
535.910873, -428.287073, 21887.179323, 18
521.425162, -429.960699, 21914.608470, 19
530.748774, -464.691430, 21893.201603, 20
501.779857, -406.509949, 21882.186252, 21
509.084917, -444.853966, 21893.864919, 22
541.036321, -436.571643, 21892.079523, 23
496.942040, -410.432855, 21906.479916, 24
520.919531, -450.207026, 21893.150363, 25
537.320511, -451.511645, 21885.752021, 26
533.264941, -468.845295, 21868.226694, 27
498.014361, -421.625984, 21910.557320, 28
520.384486, -457.613068, 21882.490858, 29
501.444383, -415.555894, 21888.416324, 30
529.835337, -402.467892, 21883.805373, 31
547.210712, -450.794136, 21909.569253, 32
507.557681, -467.168929, 21874.892867, 33
534.827667, -458.918764, 21866.357314, 34
507.776176, -426.690771, 21886.761278, 35
536.122563, -446.781692, 21905.871309, 36
557.064891, -402.208294, 21907.644727, 37
491.760606, -461.605255, 21887.913515, 38
537.505512, -429.912664, 21900.915731, 39
555.187379, -417.159968, 21887.259202, 40
510.074864, -444.735823, 21886.680698, 41
529.068855, -454.936481, 21906.509663, 42
505.106329, -436.068771, 21909.949267, 43
515.188004, -458.653887, 21921.662191, 44
516.734331, -439.569616, 21896.835661, 45
538.690123, -460.858156, 21920.699932, 46
511.031235, -461.204411, 21920.390720, 47
553.863355, -458.135565, 21929.399595, 48
508.246854, -409.321770, 21901.380910, 49
544.353037, -411.545702, 21886.118731, 50
498.080761, -458.881846, 21912.001156, 51
519.957631, -418.504704, 21927.687224, 52
492.937100, -402.090227, 21893.506585, 53
538.083625, -444.313453, 21905.468287, 54
526.208632, -416.270584, 21867.795801, 55
489.539772, -434.991547, 21877.553567, 56
545.425475, -412.651947, 21886.967035, 57
532.280528, -416.199832, 21899.446862, 58
528.146544, -465.364286, 21892.022353, 59
495.997416, -409.702954, 21882.374030, 60
517.304624, -469.033298, 21894.108458, 61
495.773248, -437.767507, 21877.499394, 62
489.921990, -433.522200, 21877.307010, 63
518.616525, -452.849898, 21903.604717, 64
490.555033, -415.332861, 21889.237330, 65
493.540164, -414.484812, 21924.866794, 66
506.284193, -426.470234, 21914.116556, 67
528.439102, -451.601621, 21899.801231, 68
494.356513, -412.146500, 21905.058163, 69
521.568388, -404.840969, 21897.251482, 70
539.131511, -444.947594, 21898.833336, 71
499.709890, -437.865815, 21931.693688, 72
512.400166, -436.635529, 21900.012658, 73
524.897210, -406.710579, 21917.828214, 74
494.977952, -404.847249, 21904.390444, 75
519.404520, -468.718448, 21891.801009, 76
510.736764, -451.126543, 21867.226957, 77
491.314147, -411.378990, 21886.242788, 78
526.308235, -405.714370, 21875.993375, 79
497.835084, -441.557250, 21873.048076, 80
530.275415, -459.837028, 21898.717616, 81
495.579650, -448.818695, 21931.475805, 82
493.732945, -425.110297, 21896.728176, 83
528.980217, -457.624617, 21891.915047, 84
513.274892, -451.338414, 21888.960958, 85
552.853320, -420.625608, 21890.865447, 86
511.124123, -467.299978, 21910.356456, 87
513.540957, -464.677628, 21900.872073, 88
534.973075, -427.061312, 21897.052933, 89
546.155402, -417.917886, 21926.118037, 90
554.393807, -445.053540, 21868.175419, 91
519.581849, -438.165612, 21889.961861, 92
517.520489, -433.124417, 21866.757953, 93
549.439909, -461.555359, 21879.751701, 94
507.826417, -436.971735, 21899.001978, 95
531.982091, -441.530043, 21880.298435, 96
489.316446, -419.097407, 21883.616706, 97
534.860114, -462.967613, 21889.555810, 98
502.202549, -416.686255, 21933.117417, 99
534.447037, -427.942388, 21917.095580, 100
527.031164, -430.959596, 21873.932477, 101
530.394853, -468.788979, 21906.386446, 102
555.556473, -439.960220, 21875.158385, 103
488.785115, -447.931413, 21884.217995, 104
503.725591, -428.796379, 21917.877534, 105
537.943443, -454.225963, 21878.230025, 106
553.433150, -453.601309, 21929.752681, 107
503.519955, -407.432813, 21868.679214, 108
528.264938, -462.641641, 21922.613579, 109
527.846172, -416.886466, 21896.562169, 110
511.406258, -447.266452, 21867.500546, 111
520.529532, -405.563255, 21869.329391, 112
493.384307, -407.417939, 21899.986219, 113
503.731181, -407.324552, 21922.674398, 114
523.138986, -461.010604, 21895.769053, 115
507.472309, -411.758772, 21912.163673, 116
520.891786, -415.736908, 21929.183311, 117
517.110685, -469.628173, 21923.644718, 118
520.978964, -430.054927, 21931.628777, 119
510.057457, -459.619975, 21916.631122, 120
541.810883, -436.905516, 21871.256865, 121
544.501559, -405.067739, 21867.591706, 122
549.019758, -469.094742, 21930.792294, 123
515.474679, -454.055393, 21925.372244, 124
504.615074, -419.607991, 21866.247964, 125
535.574858, -469.547144, 21925.109265, 126
514.205972, -437.347135, 21911.266926, 127
