x coord, y coord, z coord, scalar
346.869118, -292.868800, 9968.427909, 0
337.319579, -287.020170, 9985.149528, 1
349.652209, -298.648423, 9990.866903, 2
382.178819, -261.901492, 9962.095089, 3
343.141214, -255.222650, 9947.045804, 4
367.947048, -262.152207, 9982.708396, 5
332.863899, -275.031650, 9996.931135, 6
385.543653, -285.770564, 10008.793386, 7
386.803282, -265.673662, 9998.472917, 8
393.993317, -295.885934, 9953.563545, 9
360.935054, -275.963697, 9983.986662, 10
385.128211, -265.590841, 9951.544278, 11
357.322067, -311.603820, 9976.188678, 12
335.229339, -256.371762, 9968.863994, 13
353.085328, -308.896851, 9968.214859, 14
355.892279, -267.896665, 9960.638899, 15
394.361646, -261.979654, 10008.903877, 16
378.332607, -272.102306, 9977.707400, 17
374.165906, -280.965307, 9966.608221, 18
359.679940, -282.638720, 9994.026291, 19
369.003842, -317.369673, 9972.629591, 20
340.034886, -259.188215, 9961.614148, 21
347.340006, -297.532252, 9973.299541, 22
379.291363, -289.249869, 9971.508092, 23
335.197050, -263.111137, 9985.907141, 24
359.174620, -302.885259, 9972.582063, 25
375.575567, -304.189883, 9965.180454, 26
371.519993, -321.523549, 9947.654245, 27
336.269348, -274.304307, 9989.984269, 28
358.639550, -310.291320, 9961.919756, 29
339.699404, -268.234168, 9967.845042, 30
368.090366, -255.146145, 9963.233013, 31
385.465768, -303.472361, 9988.996120, 32
345.812738, -319.847189, 9954.320766, 33
373.082718, -311.597016, 9945.785032, 34
346.031199, -279.369044, 9966.192059, 35
374.377633, -299.459883, 9985.299309, 36
395.319926, -254.886542, 9987.071538, 37
330.015667, -314.283528, 9967.341459, 38
375.760537, -282.590869, 9980.344360, 39
393.442416, -269.838213, 9966.686539, 40
348.329928, -297.414091, 9966.112228, 41
367.323957, -307.614687, 9985.937653, 42
343.361325, -288.747535, 9989.381619, 43
353.443119, -311.332139, 10001.086267, 44
354.989405, -292.247839, 9976.277624, 45
376.945190, -313.536388, 10000.125934, 46
349.286342, -313.882675, 9999.815626, 47
392.118407, -310.813808, 10008.825782, 48
346.501854, -262.000040, 9980.808864, 49
382.608070, -264.223948, 9965.546301, 50
336.335855, -311.560139, 9991.427765, 51
358.212626, -271.182950, 10007.110629, 52
331.192128, -254.768497, 9972.934000, 53
376.338685, -296.991647, 9984.896218, 54
364.463669, -268.948839, 9947.223744, 55
327.794816, -287.669820, 9956.981881, 56
383.680509, -265.330193, 9966.394595, 57
370.535538, -268.878063, 9978.875065, 58
366.401613, -318.042531, 9971.450420, 59
334.252446, -262.381222, 9961.801936, 60
355.559698, -321.711552, 9973.536437, 61
334.028293, -290.445779, 9956.928165, 62
328.177033, -286.200473, 9956.735325, 63
356.871688, -305.528117, 9983.036069, 64
328.810062, -268.011137, 9968.665329, 65
331.795183, -267.163096, 10004.292316, 66
344.539059, -279.148635, 9993.539552, 67
366.694195, -304.279827, 9979.231123, 68
332.611527, -264.824785, 9984.485512, 69
359.823402, -257.519222, 9976.679235, 70
377.386567, -297.625806, 9978.261842, 71
337.964938, -290.544114, 10011.115979, 72
350.655192, -289.313842, 9979.465424, 73
363.152217, -259.388826, 9997.254332, 74
333.232971, -257.525524, 9983.817600, 75
357.659591, -321.396701, 9971.229033, 76
348.991815, -303.804803, 9946.655216, 77
329.569178, -264.057262, 9965.670627, 78
364.563268, -258.392624, 9955.421147, 79
336.090132, -294.235519, 9952.476609, 80
368.530494, -312.515260, 9978.145893, 81
333.834715, -301.496983, 10010.899925, 82
331.987966, -277.788598, 9976.157197, 83
367.235289, -310.302854, 9971.343867, 84
351.529971, -304.016673, 9968.391873, 85
391.108357, -273.303850, 9970.292866, 86
349.379216, -319.978239, 9989.783311, 87
351.796050, -317.355886, 9980.300237, 88
373.228095, -279.739526, 9976.482095, 89
384.410432, -270.596124, 10005.543995, 90
392.648853, -297.731790, 9947.602860, 91
357.836896, -290.843848, 9969.395467, 92
355.775532, -285.802674, 9946.186384, 93
387.694960, -314.233606, 9959.179161, 94
346.081461, -289.650101, 9978.444631, 95
370.237138, -294.208284, 9959.727454, 96
327.571480, -271.775682, 9963.044774, 97
373.115177, -315.645856, 9968.983763, 98
340.457568, -269.364530, 10012.541952, 99
372.702044, -280.620575, 9996.520696, 100
365.286204, -283.637846, 9953.361215, 101
368.649927, -321.467220, 9985.813550, 102
393.811518, -292.638468, 9954.585869, 103
327.040168, -300.609690, 9963.646344, 104
341.980531, -281.474778, 9997.297643, 105
376.198495, -306.904209, 9957.658089, 106
391.688201, -306.279549, 10009.178783, 107
341.774991, -260.111075, 9948.106924, 108
366.520019, -315.319878, 10002.039023, 109
366.101177, -269.564701, 9975.991050, 110
349.661307, -299.944712, 9946.928935, 111
358.784567, -258.241512, 9948.757095, 112
331.639329, -260.096215, 9979.413654, 113
341.986191, -260.002824, 10002.100122, 114
361.394070, -313.688846, 9975.197825, 115
345.727293, -264.437050, 9991.590247, 116
359.146791, -268.415156, 10008.607498, 117
355.365764, -322.306427, 10003.070441, 118
359.233980, -282.733161, 10011.049524, 119
348.312580, -312.298245, 9996.056407, 120
380.065927, -289.583764, 9950.684797, 121
382.756597, -257.745992, 9947.019066, 122
387.274812, -321.772989, 10010.218530, 123
353.729794, -306.733643, 10004.794384, 124
342.870112, -272.286254, 9945.675986, 125
373.829923, -322.225388, 10004.535317, 126
352.460996, -290.025408, 9990.694351, 127
