x coord, y coord, z coord, scalar
412.754075, -348.915696, 14032.867161, 0
403.204547, -343.067013, 14049.589414, 1
415.536965, -354.695278, 14055.308524, 2
448.063785, -317.948400, 14026.536172, 3
409.026178, -311.269553, 14011.486876, 4
433.832024, -318.199117, 14047.149486, 5
398.748875, -331.078532, 14061.372929, 6
451.428617, -341.817478, 14073.235125, 7
452.688250, -321.720573, 14062.914385, 8
459.878278, -351.932842, 14018.004651, 9
426.820061, -332.010623, 14048.426610, 10
451.013175, -321.637748, 14015.985378, 11
423.207009, -367.650730, 14040.629115, 12
401.114307, -312.418662, 14033.305039, 13
418.970277, -364.943756, 14032.655174, 14
421.777248, -323.943569, 14025.079584, 15
460.246611, -318.026562, 14073.345368, 16
444.217577, -328.149220, 14042.148369, 17
440.050873, -337.012220, 14031.048837, 18
425.565009, -338.685713, 14058.470682, 19
434.888794, -373.416583, 14037.070517, 20
405.919853, -315.235116, 14026.055105, 21
413.224950, -353.579146, 14037.738206, 22
445.176326, -345.296785, 14035.948820, 23
401.082025, -319.158031, 14050.348327, 24
425.059565, -358.932173, 14037.021724, 25
441.460524, -360.236794, 14029.621229, 26
437.404952, -377.570454, 14012.095320, 27
402.154331, -330.351185, 14054.425549, 28
424.524504, -366.338226, 14026.360372, 29
405.584374, -324.281065, 14032.285719, 30
433.975334, -311.193050, 14027.674058, 31
451.350726, -359.519278, 14053.437428, 32
411.697695, -375.894092, 14018.761722, 33
438.967677, -367.643922, 14010.226050, 34
411.916169, -335.415941, 14030.632033, 35
440.262585, -355.506813, 14049.740231, 36
461.204891, -310.933449, 14051.512865, 37
395.900622, -370.330426, 14031.782400, 38
441.645507, -338.637793, 14044.785068, 39
459.327381, -325.885122, 14031.127687, 40
414.214881, -353.460991, 14030.551947, 41
433.208896, -363.661612, 14050.378579, 42
409.246298, -344.794240, 14053.821059, 43
419.328053, -367.379046, 14065.528526, 44
420.874355, -348.294757, 14040.713786, 45
442.830143, -369.583302, 14064.567537, 46
415.171279, -369.929577, 14064.257603, 47
458.003366, -366.860718, 14073.267322, 48
412.386833, -318.046939, 14045.249802, 49
448.493036, -320.270856, 14029.987370, 50
402.220797, -367.607030, 14055.869162, 51
424.097607, -327.229857, 14071.553117, 52
397.077096, -310.815395, 14037.375121, 53
442.223641, -353.038576, 14049.337164, 54
430.348634, -324.995744, 14011.664686, 55
393.679777, -343.716718, 14021.422696, 56
449.565475, -321.377101, 14030.835667, 57
436.420514, -324.924977, 14043.315918, 58
432.286565, -374.089440, 14035.891320, 59
400.137413, -318.428122, 14026.242891, 60
421.444648, -377.758458, 14037.977366, 61
399.913254, -346.492677, 14021.368824, 62
394.061995, -342.247370, 14021.176140, 63
422.756604, -361.575038, 14047.475849, 64
394.695029, -324.058033, 14033.106252, 65
397.680154, -323.209989, 14068.734082, 66
410.424088, -335.195480, 14057.982179, 67
432.579138, -360.326752, 14043.671400, 68
398.496500, -320.871677, 14048.926656, 69
425.708375, -313.566127, 14041.120241, 70
443.271525, -353.672728, 14042.702592, 71
403.849897, -346.591002, 14075.558847, 72
416.540160, -345.360724, 14043.897900, 73
429.037194, -315.435733, 14061.695896, 74
399.117942, -313.572421, 14048.258810, 75
423.544542, -377.443607, 14035.669947, 76
414.876774, -359.851706, 14011.096050, 77
395.454144, -320.104160, 14030.111604, 78
430.448234, -314.439529, 14019.862147, 79
401.975092, -350.282418, 14016.917350, 80
434.415442, -368.562174, 14042.586721, 81
399.719668, -357.543875, 14075.342170, 82
397.872936, -333.835484, 14040.597771, 83
433.120240, -366.349766, 14035.784510, 84
417.414919, -360.063577, 14032.831801, 85
456.993321, -329.350760, 14034.733986, 86
415.264159, -376.025142, 14054.224623, 87
417.680993, -373.402790, 14044.741104, 88
439.113067, -335.786447, 14040.922621, 89
450.295399, -326.643035, 14069.985613, 90
458.533814, -353.778697, 14012.043972, 91
423.721856, -346.890760, 14033.834478, 92
421.660494, -341.849578, 14010.627159, 93
453.579919, -370.280514, 14023.620267, 94
411.966421, -345.696962, 14042.880557, 95
436.122099, -350.255194, 14024.168029, 96
393.456445, -327.822579, 14027.485673, 97
439.000131, -371.692766, 14033.424701, 98
406.342539, -325.411426, 14076.984055, 99
438.587021, -336.667506, 14060.962601, 100
431.171168, -339.684752, 14017.801885, 101
434.534877, -377.514131, 14050.254778, 102
459.696479, -348.685376, 14019.026967, 103
392.925126, -356.656587, 14028.087147, 104
407.865531, -337.521625, 14061.741254, 105
442.083454, -362.951118, 14022.098989, 106
457.573161, -362.326460, 14073.620352, 107
407.659956, -316.157977, 14012.547945, 108
432.404967, -371.366790, 14066.480816, 109
431.986154, -325.611613, 14040.431672, 110
415.546266, -355.991615, 14011.369724, 111
424.669532, -314.288416, 14013.198118, 112
397.524299, -316.143112, 14043.854769, 113
407.871166, -316.049722, 14066.541820, 114
427.279016, -369.735757, 14039.638484, 115
411.612278, -320.483945, 14056.031655, 116
425.031768, -324.462063, 14073.049720, 117
421.250712, -378.353333, 14067.512139, 118
425.118953, -338.780074, 14075.492919, 119
414.197510, -368.345145, 14060.498255, 120
445.950889, -345.630672, 14015.125742, 121
448.641561, -313.792898, 14011.460206, 122
453.159770, -377.819897, 14074.660053, 123
419.614728, -362.780551, 14069.237304, 124
408.755076, -328.333156, 14010.116901, 125
439.714877, -378.272297, 14068.976903, 126
418.345965, -346.072306, 14055.135469, 127
