x coord, y coord, z coord, scalar
305.625689, -234.447577, 7375.997820, 0
296.076129, -228.598989, 7392.719035, 1
308.408939, -240.227273, 7398.435305, 2
340.935384, -203.480258, 7369.663833, 3
301.897778, -196.801421, 7354.614556, 4
326.703605, -203.730968, 7390.277136, 5
291.620451, -216.610435, 7404.499427, 6
344.300221, -227.349324, 7416.361712, 7
345.559846, -207.252425, 7406.041416, 8
352.749886, -237.464701, 7361.132275, 9
319.691587, -217.542439, 7391.556129, 10
343.884777, -207.169608, 7359.113013, 11
316.078652, -253.182588, 7383.757834, 12
293.985900, -197.950534, 7376.432762, 13
311.841907, -250.475622, 7375.784093, 14
314.648841, -209.475433, 7368.207896, 15
353.118212, -203.558419, 7416.472362, 16
337.089169, -213.681065, 7385.276218, 17
332.922472, -222.544068, 7374.177264, 18
318.436434, -224.217394, 7401.592927, 19
327.760419, -258.948439, 7380.198435, 20
298.791448, -200.766986, 7369.182972, 21
306.096587, -239.111034, 7380.869827, 22
338.047932, -230.828627, 7379.077063, 23
293.953605, -204.689913, 7393.475819, 24
317.931204, -244.464023, 7380.151715, 25
334.332140, -245.768647, 7372.749396, 26
330.276563, -263.102317, 7355.222994, 27
295.025893, -215.883095, 7397.552888, 28
317.396125, -251.870088, 7369.488798, 29
298.455962, -209.812941, 7375.414046, 30
326.846929, -196.724912, 7370.801782, 31
344.222342, -245.051121, 7396.564721, 32
304.569310, -261.425961, 7361.889591, 33
331.839288, -253.175785, 7353.353819, 34
304.787758, -220.947817, 7373.761510, 35
333.134213, -241.038632, 7392.868156, 36
354.076491, -196.465308, 7394.640127, 37
288.772239, -255.862303, 7374.910293, 38
334.517101, -224.169619, 7387.913345, 39
352.198982, -211.416978, 7374.255243, 40
307.086501, -238.992865, 7373.681842, 41
326.080547, -249.193443, 7393.506499, 42
302.117845, -230.326469, 7396.951411, 43
312.199711, -252.910911, 7408.654261, 44
313.745984, -233.826599, 7383.849507, 45
335.701767, -255.115151, 7407.694347, 46
308.042930, -255.461450, 7407.383801, 47
350.874978, -252.392573, 7416.394235, 48
305.258407, -203.578811, 7388.377701, 49
341.364634, -205.802713, 7373.115055, 50
295.092438, -253.138924, 7398.996310, 51
316.969177, -212.761712, 7414.678477, 52
289.948689, -196.347269, 7380.502720, 53
335.095262, -238.570396, 7392.465050, 54
323.220235, -210.527607, 7354.792579, 55
286.551382, -229.248595, 7364.550796, 56
342.437073, -206.908957, 7373.963347, 57
329.292096, -210.456821, 7386.443956, 58
325.158190, -259.621297, 7379.019282, 59
293.009009, -203.959995, 7369.370763, 60
314.316275, -263.290322, 7381.105280, 61
292.784860, -232.024554, 7364.497180, 62
286.933600, -227.779247, 7364.304241, 63
315.628298, -247.106881, 7390.605645, 64
287.566624, -209.589912, 7376.234176, 65
290.551740, -208.741872, 7411.860624, 66
303.295558, -220.727441, 7401.107312, 67
325.450782, -245.858582, 7386.800381, 68
291.368083, -206.403561, 7392.054217, 69
318.579959, -199.097988, 7384.248028, 70
336.143142, -239.204562, 7385.830799, 71
296.721504, -232.122897, 7418.683586, 72
309.411750, -230.892629, 7387.039657, 73
321.908773, -200.967590, 7404.822771, 74
291.989530, -199.104297, 7391.386264, 75
316.416168, -262.975470, 7378.797885, 76
307.748385, -245.383573, 7354.224120, 77
288.325740, -205.636035, 7373.239439, 78
323.319832, -199.971392, 7362.989944, 79
294.846700, -235.814292, 7360.045572, 80
327.287074, -254.094023, 7385.714800, 81
292.591288, -243.075765, 7418.467929, 82
290.744524, -219.367380, 7383.726266, 83
325.991867, -251.881618, 7378.912893, 84
310.286550, -245.595445, 7375.961354, 85
349.864923, -214.882614, 7377.861587, 86
308.135800, -261.557013, 7397.351909, 87
310.552634, -258.934658, 7387.869120, 88
331.984657, -221.318280, 7384.051194, 89
343.166996, -212.174886, 7413.112399, 90
351.405422, -239.310557, 7355.171586, 91
316.593465, -232.422610, 7376.965532, 92
314.532099, -227.381443, 7353.755325, 93
346.451530, -255.812373, 7366.747891, 94
304.838021, -231.228906, 7386.016663, 95
328.993708, -235.787048, 7367.296523, 96
286.328043, -213.354456, 7370.613636, 97
331.871751, -257.224622, 7376.552600, 98
299.214126, -210.943303, 7420.110047, 99
331.458604, -222.199319, 7404.088916, 100
324.042771, -225.216612, 7360.930222, 101
327.406506, -263.045986, 7393.382203, 102
352.568086, -234.217234, 7362.154604, 103
285.796738, -242.188467, 7371.215267, 104
300.737055, -223.053588, 7404.864775, 105
334.955067, -248.482975, 7365.226950, 106
350.444772, -247.858314, 7416.747218, 107
300.531556, -201.689846, 7355.675708, 108
325.276600, -256.898642, 7409.607315, 109
324.857733, -211.143460, 7383.560088, 110
308.417876, -241.523482, 7354.497866, 111
317.541131, -199.820280, 7356.325878, 112
290.395887, -201.674989, 7386.982379, 113
300.742747, -201.581596, 7409.668475, 114
320.150651, -255.267612, 7382.766840, 115
304.483840, -206.015822, 7399.158785, 116
317.903346, -209.993919, 7416.175517, 117
314.122343, -263.885197, 7410.638794, 118
317.990540, -224.311921, 7418.616795, 119
307.069173, -253.877023, 7403.624665, 120
338.822495, -231.162531, 7358.253629, 121
341.513163, -199.324760, 7354.587774, 122
346.031384, -263.351755, 7417.786994, 123
312.486385, -248.312414, 7412.361958, 124
301.626678, -213.865024, 7353.244838, 125
332.586498, -263.804154, 7412.103741, 126
311.217556, -231.604182, 7398.263073, 127
