x coord, y coord, z coord, scalar
332.253802, -263.035960, 9060.865560, 0
322.704252, -257.187349, 9077.587037, 1
335.036963, -268.815625, 9083.304026, 2
367.563501, -232.068647, 9054.532332, 3
328.525895, -225.389807, 9039.483049, 4
353.331727, -232.319359, 9075.145637, 5
318.248575, -245.198813, 9089.368219, 6
370.928337, -255.937716, 9101.230482, 7
372.187964, -235.840815, 9090.910074, 8
379.378001, -266.053090, 9046.000782, 9
346.319722, -246.130840, 9076.424157, 10
370.512893, -235.757997, 9043.981517, 11
342.706758, -281.770977, 9068.626064, 12
320.614019, -226.538920, 9061.301245, 13
338.470017, -279.064009, 9060.652273, 14
341.276960, -238.063821, 9053.076230, 15
379.746329, -232.146809, 9101.341029, 16
363.717288, -242.269458, 9070.144669, 17
359.550589, -251.132460, 9059.045568, 18
345.064594, -252.805829, 9086.462795, 19
354.388530, -287.536829, 9065.066869, 20
325.419566, -229.355372, 9054.051418, 21
332.724695, -267.699416, 9065.737324, 22
364.676047, -259.417020, 9063.945414, 23
320.581727, -233.278297, 9078.344360, 24
344.559311, -273.052414, 9065.019623, 25
360.960253, -274.357037, 9057.617766, 26
356.904678, -291.690705, 9040.091489, 27
321.654020, -244.471472, 9082.421467, 28
344.024237, -280.458477, 9054.357103, 29
325.084083, -238.401326, 9060.282376, 30
353.475047, -225.313300, 9055.670264, 31
370.850455, -273.639514, 9081.433312, 32
331.197423, -290.014347, 9046.758037, 33
358.467402, -281.764173, 9038.222290, 34
331.415878, -249.536202, 9058.629549, 35
359.762323, -269.627031, 9077.736588, 36
380.704608, -225.053697, 9079.508726, 37
315.400352, -284.450688, 9059.778733, 38
361.145220, -252.758016, 9072.781687, 39
378.827099, -240.005368, 9059.123768, 40
333.714613, -267.581250, 9058.549775, 41
352.708651, -277.781838, 9078.374931, 42
328.745978, -258.914766, 9081.819229, 43
338.827813, -281.499299, 9093.523247, 44
340.374094, -262.414992, 9068.715966, 45
362.329878, -283.703542, 9092.563060, 46
334.671034, -284.049835, 9092.252670, 47
377.503092, -280.980963, 9101.262922, 48
331.886530, -232.167197, 9073.246139, 49
367.992752, -234.391102, 9057.983547, 50
321.720545, -281.727304, 9083.864938, 51
343.597302, -241.350102, 9099.547558, 52
316.576808, -224.935654, 9065.371234, 53
361.723373, -267.158795, 9077.333492, 54
349.848351, -239.115995, 9039.661019, 55
313.179498, -257.836980, 9049.419183, 56
369.065191, -235.497347, 9058.831841, 57
355.920217, -239.045214, 9071.312359, 58
351.786301, -288.209687, 9063.887704, 59
319.637127, -232.548380, 9054.239208, 60
340.944385, -291.878710, 9065.973714, 61
319.412976, -260.612939, 9049.365502, 62
313.561716, -256.367632, 9049.172628, 63
342.256391, -275.695274, 9075.473603, 64
314.194742, -238.178296, 9061.102608, 65
317.179861, -237.330256, 9096.729406, 66
329.923708, -249.315806, 9085.976450, 67
352.078888, -274.446978, 9071.668545, 68
317.996205, -234.991944, 9076.922741, 69
345.208080, -227.686376, 9069.116495, 70
362.771254, -267.792957, 9070.699159, 71
323.349620, -260.711277, 9103.552823, 72
336.039870, -259.481006, 9071.904588, 73
348.536895, -229.555980, 9089.691468, 74
318.617650, -227.692682, 9076.254814, 75
343.044279, -291.563858, 9063.666313, 76
334.376499, -273.971960, 9039.092515, 77
314.953858, -234.224420, 9058.107894, 78
349.947949, -228.559780, 9047.858408, 79
321.474815, -264.402677, 9044.913929, 80
353.915183, -282.682414, 9070.583193, 81
319.219400, -271.664146, 9103.336909, 82
317.372644, -247.955760, 9068.594553, 83
352.619977, -280.470009, 9063.781208, 84
336.914659, -274.183832, 9060.829373, 85
376.493039, -243.471004, 9062.730101, 86
334.763907, -290.145399, 9082.220502, 87
337.180741, -287.523045, 9072.737528, 88
358.612776, -249.906675, 9068.919462, 89
369.795114, -240.763277, 9097.981119, 90
378.033537, -267.898945, 9040.040096, 91
343.221580, -261.011001, 9061.833172, 92
341.160215, -255.969831, 9038.623696, 93
373.079645, -284.400762, 9051.616398, 94
331.466139, -259.817274, 9070.883024, 95
355.621823, -264.375438, 9052.164810, 96
312.956160, -241.942841, 9055.482058, 97
358.499863, -285.813011, 9061.421038, 98
325.842246, -239.531688, 9104.978967, 99
358.086725, -250.787720, 9088.957755, 100
350.670887, -253.805001, 9045.798550, 101
354.034616, -291.634376, 9078.250761, 102
379.196201, -262.805623, 9047.023108, 103
312.424852, -270.776851, 9056.083649, 104
327.365192, -251.641952, 9089.734321, 105
361.583180, -277.071365, 9050.095372, 106
377.072886, -276.446704, 9101.615917, 107
327.159673, -230.278233, 9040.544180, 108
351.904709, -285.487033, 9094.476107, 109
351.485855, -239.731852, 9068.428396, 110
335.045991, -270.111869, 9039.366243, 111
344.169249, -228.408668, 9041.194352, 112
317.024007, -230.263374, 9071.850890, 113
327.370869, -230.169981, 9094.537228, 114
346.778759, -283.856002, 9067.635162, 115
331.111966, -234.604207, 9084.027418, 116
344.531468, -238.582309, 9101.044487, 117
340.750452, -292.473585, 9095.507547, 118
344.618660, -252.900313, 9103.486251, 119
333.697274, -282.465407, 9088.493480, 120
365.450611, -259.750920, 9043.122070, 121
368.141279, -227.913148, 9039.456296, 122
372.659497, -291.940144, 9102.655674, 123
339.114488, -276.900802, 9097.231217, 124
328.254794, -242.453411, 9038.113267, 125
359.214610, -292.392544, 9096.972448, 126
337.845676, -260.192566, 9083.131586, 127
