x coord, y coord, z coord, scalar
477.212107, -422.828103, 19652.741334, 0
467.662602, -416.979362, 19669.464463, 1
479.994773, -428.607603, 19675.185972, 2
512.521825, -391.860822, 19646.412877, 3
473.484218, -385.181969, 19631.363564, 4
498.290075, -392.111543, 19667.026200, 5
463.206931, -404.990926, 19681.250616, 6
515.886654, -415.729907, 19693.112737, 7
517.146291, -395.632999, 19682.791622, 8
524.336313, -425.845264, 19637.881387, 9
491.278146, -405.923074, 19668.301745, 10
515.471213, -395.550168, 19635.862104, 11
487.665021, -441.563150, 19660.504926, 12
465.572352, -386.331075, 19653.181692, 13
483.428298, -438.856172, 19652.530817, 14
486.235293, -397.855988, 19644.955739, 15
524.704651, -391.938985, 19693.222636, 16
508.675622, -402.061651, 19662.024915, 17
504.508913, -410.924649, 19650.924895, 18
490.023154, -412.598251, 19678.351963, 19
499.346819, -447.329006, 19656.947005, 20
470.377897, -389.147530, 19645.931637, 21
477.682967, -427.491547, 19657.611566, 22
509.634361, -419.209217, 19655.825034, 23
465.540078, -393.070439, 19670.225175, 24
489.517579, -432.844599, 19656.896462, 25
505.918554, -434.149220, 19649.497506, 26
501.862984, -451.482873, 19631.972014, 27
466.612397, -404.263575, 19674.302527, 28
488.982531, -440.250645, 19646.236430, 29
470.042422, -398.193476, 19652.161863, 30
498.433376, -385.105471, 19647.550709, 31
515.808755, -433.431709, 19673.314445, 32
476.155725, -449.806508, 19638.638252, 33
503.425710, -441.556342, 19630.102665, 34
476.374215, -409.328352, 19650.507204, 35
504.720606, -429.419260, 19669.616714, 36
525.662931, -384.845872, 19671.389908, 37
460.358651, -444.242835, 19651.658909, 38
506.103549, -412.550235, 19664.661253, 39
523.785419, -399.797545, 19651.004482, 40
478.672909, -427.373402, 19650.426765, 41
497.666904, -437.574050, 19670.255066, 42
473.704382, -418.706429, 19673.695489, 43
483.786057, -441.291463, 19685.406859, 44
485.332377, -422.207188, 19660.583685, 45
507.288167, -443.495730, 19684.444961, 46
479.629287, -443.841988, 19684.135544, 47
522.461397, -440.773141, 19693.144659, 48
476.844889, -391.959353, 19665.126306, 49
512.951077, -394.183279, 19649.864054, 50
466.678812, -441.519429, 19675.746299, 51
488.555665, -401.142283, 19691.431766, 52
461.535140, -384.727808, 19657.251879, 53
506.681667, -426.951021, 19669.213678, 54
494.806673, -398.908163, 19631.541194, 55
458.137814, -417.629128, 19641.299030, 56
514.023515, -395.289524, 19650.712356, 57
500.878564, -398.837408, 19663.192304, 58
496.744590, -448.001861, 19655.767770, 59
464.595456, -392.340535, 19646.119417, 60
485.902670, -451.670875, 19657.853858, 61
464.371291, -420.405088, 19641.244943, 62
458.520033, -416.159781, 19641.052473, 63
487.214584, -435.487467, 19667.350750, 64
459.153073, -397.970443, 19652.982734, 65
462.138203, -397.122396, 19688.611733, 66
474.882213, -409.107841, 19677.861021, 67
497.037150, -434.239190, 19663.546990, 68
462.954552, -394.784084, 19668.803445, 69
490.166425, -387.478548, 19660.996840, 70
507.729553, -427.585166, 19662.578835, 71
468.307934, -420.503400, 19695.438021, 72
480.998208, -419.273116, 19663.762707, 73
493.495246, -389.348157, 19681.573265, 74
463.575991, -387.484831, 19668.135690, 75
488.002566, -451.356025, 19655.546417, 76
479.334807, -433.764122, 19630.972410, 77
459.912188, -394.016571, 19649.988162, 78
494.906276, -388.351948, 19639.738736, 79
466.433127, -424.194831, 19636.793580, 80
498.873461, -442.474602, 19662.463072, 81
464.177697, -431.456277, 19695.220481, 82
462.330985, -407.747883, 19660.473771, 83
497.578263, -440.262192, 19655.660605, 84
481.872940, -433.975992, 19652.706909, 85
521.451360, -403.263184, 19654.610742, 86
479.722173, -449.937555, 19674.101645, 87
482.139007, -447.315205, 19664.617508, 88
503.571111, -409.698885, 19660.798555, 89
514.753441, -400.555462, 19689.863058, 90
522.991849, -427.691117, 19631.920718, 91
488.179890, -420.803187, 19653.708317, 92
486.118531, -415.761996, 19630.503438, 93
518.037951, -444.192936, 19643.497003, 94
476.424463, -419.609330, 19662.750131, 95
500.580133, -424.167619, 19644.044030, 96
457.914487, -401.734989, 19647.362123, 97
503.458158, -445.605189, 19653.301205, 98
470.800588, -399.323837, 19696.862171, 99
503.045071, -410.579957, 19680.840443, 100
495.629205, -413.597173, 19637.678019, 101
498.992899, -451.426554, 19670.131682, 102
524.154515, -422.597798, 19638.903692, 103
457.383159, -430.568994, 19647.963465, 104
472.323622, -411.433983, 19681.621457, 105
506.541486, -436.863540, 19641.975441, 106
522.031193, -436.238885, 19693.497729, 107
472.117996, -390.070393, 19632.424564, 108
496.862985, -445.279216, 19686.358503, 109
496.444207, -399.524043, 19660.307738, 110
480.004300, -429.904031, 19631.246023, 111
489.127572, -388.200834, 19633.074739, 112
461.982346, -390.055522, 19663.731517, 113
472.329218, -389.962134, 19686.419375, 114
491.737033, -443.648179, 19659.514602, 115
476.070342, -394.396356, 19675.908809, 116
489.489822, -398.374486, 19692.927999, 117
485.708732, -452.265750, 19687.389695, 118
489.577001, -412.692503, 19695.372820, 119
478.655511, -442.257553, 19680.376016, 120
510.408925, -419.543094, 19635.002256, 121
513.099599, -387.705317, 19631.336990, 122
517.617801, -451.732319, 19694.537367, 123
484.072732, -436.692968, 19689.116549, 124
473.213115, -402.245571, 19629.993373, 125
504.172903, -452.184720, 19688.854304, 126
482.804011, -419.984717, 19675.012222, 127
