x coord, y coord, z coord, scalar
410.552727, -360.395234, 14777.814348, 0
401.003207, -354.546549, 14794.536717, 1
413.335604, -366.174786, 14800.256144, 2
445.862436, -329.427941, 14771.483694, 3
406.824830, -322.749093, 14756.434396, 4
431.630675, -329.678659, 14792.097009, 5
396.547530, -342.558072, 14806.320581, 6
449.227267, -353.297019, 14818.182767, 7
450.486901, -333.200114, 14807.861978, 8
457.676929, -363.412383, 14762.952177, 9
424.618713, -343.490172, 14793.373924, 10
448.811826, -333.117288, 14760.932903, 11
421.005657, -379.130268, 14785.576519, 12
398.912960, -323.898202, 14778.252555, 13
416.768927, -376.423295, 14777.602556, 14
419.575900, -335.423110, 14770.027034, 15
458.045262, -329.506103, 14818.292965, 16
442.016228, -339.628763, 14787.095870, 17
437.849523, -348.491762, 14775.996274, 18
423.363659, -350.165276, 14803.418811, 19
432.687444, -384.896123, 14782.018011, 20
403.718506, -326.714656, 14771.002605, 21
411.023601, -365.058682, 14782.685285, 22
442.974975, -356.776326, 14780.896278, 23
398.880679, -330.637572, 14795.295868, 24
422.858213, -370.411712, 14781.968986, 25
439.259174, -371.716335, 14774.568695, 26
435.203602, -389.049994, 14757.042841, 27
399.952988, -341.830725, 14799.373108, 28
422.323155, -377.817766, 14771.307808, 29
403.383027, -335.760606, 14777.233167, 30
431.773985, -322.672592, 14772.621573, 31
449.149375, -370.998819, 14798.384992, 32
409.496346, -387.373632, 14763.709222, 33
436.766328, -379.123463, 14755.173561, 34
409.714822, -346.895482, 14775.579352, 35
438.061232, -366.986355, 14794.687724, 36
459.003542, -322.412991, 14796.460432, 37
393.699273, -381.809965, 14776.729896, 38
439.444156, -350.117336, 14789.732521, 39
457.126032, -337.364663, 14776.075222, 40
412.013532, -364.940530, 14775.499219, 41
431.007543, -375.141151, 14795.326072, 42
407.044977, -356.273763, 14798.768280, 43
417.126701, -378.858583, 14810.476264, 44
418.673004, -359.774297, 14785.660406, 45
440.628792, -381.062842, 14809.515155, 46
412.969928, -381.409114, 14809.205289, 47
455.802016, -378.340258, 14818.214928, 48
410.185486, -329.526481, 14790.197298, 49
446.291687, -331.750397, 14774.934889, 50
400.019448, -379.086566, 14800.816741, 51
421.896259, -338.709401, 14816.500897, 52
394.875748, -322.294936, 14782.322650, 53
440.022289, -364.518118, 14794.284661, 54
428.147285, -336.475284, 14756.612182, 55
391.478429, -355.196258, 14766.370169, 56
447.364126, -332.856642, 14775.783187, 57
434.219165, -336.404520, 14788.263398, 58
430.085215, -385.568979, 14780.838808, 59
397.936066, -329.907662, 14771.190389, 60
419.243298, -389.237996, 14782.924860, 61
397.711906, -357.972217, 14766.316269, 62
391.860647, -353.726910, 14766.123613, 63
420.555248, -373.054573, 14792.423132, 64
392.493682, -335.537574, 14778.053745, 65
395.478807, -334.689530, 14813.681730, 66
408.222753, -346.675024, 14802.929985, 67
430.377785, -371.806292, 14788.618775, 68
396.295154, -332.351218, 14793.874189, 69
423.507027, -325.045669, 14786.067750, 70
441.070173, -365.152270, 14787.650053, 71
401.648551, -358.070540, 14820.506697, 72
414.338815, -356.840263, 14788.843845, 73
426.835846, -326.915276, 14806.643506, 74
396.916595, -325.051962, 14793.206355, 75
421.343192, -388.923146, 14780.617438, 76
412.675425, -371.331245, 14756.043527, 77
393.252797, -331.583700, 14775.059107, 78
428.246886, -325.919070, 14764.809654, 79
399.773743, -361.761958, 14761.864809, 80
432.214091, -380.041714, 14787.534196, 81
397.518321, -369.023413, 14820.289905, 82
395.671591, -345.315024, 14785.545200, 83
430.918889, -377.829306, 14780.731951, 84
415.213569, -371.543115, 14777.779112, 85
454.791972, -340.830301, 14779.681516, 86
413.062808, -387.504680, 14799.172188, 87
415.479642, -384.882328, 14789.688586, 88
436.911716, -347.265990, 14785.870041, 89
448.094050, -338.122577, 14814.933233, 90
456.332465, -365.258237, 14756.991500, 91
421.520506, -358.370301, 14778.781621, 92
419.459145, -353.329119, 14755.574625, 93
451.378569, -381.760054, 14768.567793, 94
409.765078, -357.176498, 14787.827135, 95
433.920749, -361.734735, 14769.115458, 96
391.255097, -339.302119, 14772.433161, 97
436.798781, -383.172306, 14778.372197, 98
404.141192, -336.890967, 14821.931765, 99
436.385670, -348.147051, 14805.910274, 100
428.969819, -351.164293, 14762.749332, 101
432.333527, -388.993670, 14795.202326, 102
457.495130, -360.164916, 14763.974492, 103
390.723778, -368.136126, 14773.034618, 104
405.664194, -349.001165, 14806.689240, 105
439.882104, -374.430658, 14767.046478, 106
455.371811, -373.806001, 14818.567964, 107
405.458608, -327.637518, 14757.495456, 108
430.203616, -382.846330, 14811.428469, 109
429.784806, -337.091156, 14785.379110, 110
413.344918, -367.471155, 14756.317193, 111
422.468183, -325.767956, 14758.145629, 112
395.322952, -327.622652, 14788.802297, 113
405.669819, -327.529263, 14811.489455, 114
425.077665, -381.215295, 14784.585928, 115
409.410933, -331.963488, 14800.979237, 116
422.830420, -335.941605, 14817.997451, 117
419.049362, -389.832871, 14812.459774, 118
422.917604, -350.259616, 14820.440865, 119
411.996159, -379.824681, 14805.445917, 120
443.749540, -357.110213, 14760.073239, 121
446.440212, -325.272438, 14756.407739, 122
450.958420, -389.299437, 14819.607656, 123
417.413376, -374.260087, 14814.185163, 124
406.553728, -339.812696, 14755.064392, 125
437.513526, -389.751837, 14813.924518, 126
416.144618, -357.551846, 14800.082998, 127
