x coord, y coord, z coord, scalar
378.616180, -310.535942, 11577.518458, 0
369.066641, -304.687290, 11594.240328, 1
381.399187, -316.315565, 11599.958390, 2
413.925885, -279.568638, 11571.186363, 3
374.888279, -272.889794, 11556.137074, 4
399.694118, -279.819352, 11591.799673, 5
364.610967, -292.698785, 11606.022691, 6
417.290719, -303.437712, 11617.884919, 7
418.550349, -283.340809, 11607.564343, 8
425.740381, -313.553081, 11562.654828, 9
392.682137, -293.630847, 11593.077487, 10
416.875276, -283.257987, 11560.635559, 11
389.069123, -329.270969, 11585.279696, 12
366.976405, -274.038905, 11577.955253, 13
384.832387, -326.563997, 11577.305829, 14
387.639346, -285.563809, 11569.730015, 15
426.108712, -279.646800, 11617.995313, 16
410.079675, -289.769454, 11586.798629, 17
405.912973, -298.632455, 11575.699310, 18
391.427054, -300.305891, 11603.118874, 19
400.750903, -335.036821, 11581.720803, 20
371.781952, -276.855358, 11570.705372, 21
379.087062, -315.199394, 11582.389858, 22
411.038428, -306.917018, 11580.599226, 23
366.944118, -280.778277, 11594.998456, 24
390.921678, -320.552409, 11581.672774, 25
407.322630, -321.857031, 11574.271606, 26
403.267056, -339.190694, 11556.745516, 27
368.016418, -291.971440, 11599.075621, 28
390.386611, -327.958466, 11571.010845, 29
371.446470, -285.901309, 11576.936156, 30
399.837432, -272.813290, 11572.324272, 31
417.212832, -321.139511, 11598.087483, 32
377.559800, -337.514334, 11563.411990, 33
404.829781, -329.264162, 11554.876281, 34
377.778265, -297.036185, 11575.282894, 35
406.124695, -317.127039, 11594.390520, 36
427.066991, -272.553688, 11596.162909, 37
361.762728, -331.950671, 11576.432677, 38
407.507606, -300.258021, 11589.435486, 39
425.189482, -287.505359, 11575.777839, 40
380.076988, -315.081235, 11575.202962, 41
399.071013, -325.281842, 11595.028865, 42
375.108378, -306.414600, 11598.472243, 43
385.190172, -328.999287, 11610.178007, 44
386.736465, -309.914990, 11585.366950, 45
408.692251, -331.203538, 11609.217414, 46
381.033396, -331.549821, 11608.907254, 47
423.865470, -328.480955, 11617.917237, 48
378.248924, -279.667181, 11589.900081, 49
414.355136, -281.891094, 11574.637569, 50
368.082910, -329.227280, 11600.519163, 51
389.959697, -288.850094, 11616.202459, 52
362.939194, -272.435639, 11582.025289, 53
408.085749, -314.658802, 11593.987438, 54
396.210734, -286.615983, 11556.314962, 55
359.541879, -305.336963, 11566.073049, 56
415.427575, -282.997339, 11575.485865, 57
402.282608, -286.545210, 11587.966248, 58
398.148674, -335.709678, 11580.541622, 59
365.999512, -280.048365, 11570.893160, 60
387.306757, -339.378698, 11582.627650, 61
365.775356, -308.112922, 11566.019271, 62
359.924097, -303.867615, 11565.826493, 63
388.618735, -323.195272, 11592.126827, 64
360.557128, -285.678278, 11577.756540, 65
363.542249, -284.830236, 11613.383860, 66
376.286145, -296.815751, 11602.631437, 67
398.441253, -321.946982, 11588.322078, 68
364.358595, -282.491924, 11593.576810, 69
391.570470, -275.186366, 11585.770479, 70
409.133631, -315.292958, 11587.352984, 71
369.712000, -308.211252, 11620.207960, 72
382.402257, -306.980977, 11588.553290, 73
394.899287, -277.055971, 11606.345796, 74
364.980038, -275.192665, 11592.908924, 75
389.406651, -339.063847, 11580.320240, 76
380.738878, -321.471947, 11555.746392, 77
361.316243, -281.724404, 11574.761859, 78
396.310334, -276.059769, 11564.512388, 79
367.837194, -311.902662, 11561.567748, 80
400.277553, -330.182410, 11587.237066, 81
365.581775, -319.164124, 11619.991659, 82
363.735032, -295.455735, 11585.248269, 83
398.982349, -327.970003, 11580.434967, 84
383.277029, -321.683819, 11577.482690, 85
422.855422, -290.970997, 11579.384155, 86
381.126272, -337.645385, 11598.874676, 87
383.543107, -335.023032, 11589.391426, 88
404.975164, -297.406677, 11585.573148, 89
416.157499, -288.263271, 11614.635481, 90
424.395917, -315.398936, 11556.694146, 91
389.583960, -308.510996, 11578.485921, 92
387.522596, -303.469819, 11555.277537, 93
419.442023, -331.900753, 11568.270444, 94
377.828521, -307.317229, 11587.533864, 95
401.984202, -311.875431, 11568.818527, 96
359.318544, -289.442823, 11572.135975, 97
404.862238, -333.313004, 11578.074980, 98
372.204635, -287.031671, 11621.633630, 99
404.449116, -298.287729, 11605.612296, 100
397.033269, -301.304991, 11562.452326, 101
400.396987, -339.134369, 11594.904882, 102
425.558582, -310.305614, 11563.677149, 103
358.787230, -318.276832, 11572.737507, 104
373.727605, -299.141897, 11606.389918, 105
407.945558, -324.571356, 11566.749291, 106
423.435265, -323.946697, 11618.270250, 107
373.522056, -277.778219, 11557.198173, 108
398.267078, -332.987027, 11611.130578, 109
397.848248, -287.231847, 11585.082142, 110
381.408370, -317.611856, 11556.020093, 111
390.531632, -275.908656, 11557.848346, 112
363.386395, -277.763356, 11588.504941, 113
373.733260, -277.669965, 11611.191640, 114
393.141128, -331.355994, 11584.288931, 115
377.474366, -282.104189, 11600.681650, 116
390.893861, -286.082300, 11617.699223, 117
387.112823, -339.973573, 11612.161959, 118
390.981049, -300.400308, 11620.141713, 119
380.059631, -329.965390, 11605.147984, 120
411.812992, -307.250910, 11559.776016, 121
414.503662, -275.413137, 11556.110363, 122
419.021875, -339.440135, 11619.309978, 123
385.476847, -324.400791, 11613.886385, 124
374.617177, -289.953397, 11554.767194, 125
405.576984, -339.892535, 11613.626790, 126
384.208062, -307.692550, 11599.785639, 127
