x coord, y coord, z coord, scalar
202.593882, -133.096156, 3014.098278, 0
193.044297, -127.247656, 3030.818814, 1
205.377466, -138.875945, 3036.533226, 2
237.903564, -102.128817, 3007.762329, 3
198.865959, -95.449988, 2992.713065, 4
223.671769, -102.379522, 3028.375626, 5
188.588612, -115.259037, 3042.597162, 6
241.268405, -125.997873, 3054.459506, 7
242.528024, -105.900978, 3044.139501, 8
249.718073, -136.113260, 2999.230747, 9
216.659699, -116.190962, 3029.655841, 10
240.852959, -105.818169, 2997.211491, 11
213.046873, -151.831146, 3021.857022, 12
190.954075, -96.599106, 3014.531298, 13
208.810116, -149.124187, 3013.883412, 14
211.617015, -108.123997, 3006.306818, 15
250.086393, -102.206978, 3054.570422, 16
234.057343, -112.329612, 3023.374837, 17
229.890651, -121.192617, 3012.276261, 18
215.404449, -122.865796, 3039.687880, 19
224.728621, -157.596995, 3018.297100, 20
195.759624, -99.415557, 3007.281602, 21
203.064803, -137.759620, 3018.970914, 22
235.016118, -129.477171, 3017.175940, 23
190.921769, -103.338494, 3031.574205, 24
214.899421, -143.112573, 3018.251735, 25
231.300334, -144.417199, 3010.848222, 26
227.244755, -161.750880, 2993.321499, 27
191.994040, -114.531703, 3035.651173, 28
214.364325, -150.518650, 3007.587795, 29
195.424133, -108.461517, 3013.512977, 30
223.815106, -95.373473, 3008.900319, 31
241.190537, -143.699666, 3034.662976, 32
201.537505, -160.074528, 2999.988223, 33
228.807478, -151.824347, 2991.452385, 34
201.755930, -119.596392, 3011.861195, 35
230.102418, -139.687154, 3030.966825, 36
251.044671, -95.113866, 3032.738361, 37
185.740437, -154.510879, 3013.008942, 38
231.485276, -122.818149, 3026.012244, 39
249.167165, -110.065536, 3012.353669, 40
204.054700, -137.641438, 3011.781799, 41
223.048773, -147.841975, 3031.605164, 42
199.085989, -128.975370, 3035.051667, 43
209.167944, -151.559475, 3046.751497, 44
210.714191, -132.475141, 3021.953278, 45
232.669969, -153.763700, 3045.792285, 46
205.011158, -154.110021, 3045.481340, 47
247.843170, -151.041128, 3054.492242, 48
202.226564, -102.227384, 3026.476353, 49
238.332814, -104.451270, 3011.213566, 50
192.060657, -151.787513, 3037.094471, 51
213.937331, -111.410268, 3052.775468, 52
186.916864, -94.995842, 3018.601175, 53
232.063460, -137.218920, 3030.563694, 54
220.188416, -109.176170, 2992.891228, 55
183.519568, -127.897171, 3002.649579, 56
239.405253, -105.557514, 3012.061855, 57
226.260260, -109.105368, 3024.542700, 58
222.126393, -158.269855, 3017.117975, 59
189.977186, -102.608567, 3007.469397, 60
211.284482, -161.938886, 3019.203942, 61
189.753047, -130.673130, 3002.596130, 62
183.901785, -126.427823, 3002.403026, 63
212.596564, -145.755423, 3028.705538, 64
184.534800, -108.238490, 3014.332845, 65
187.519910, -107.390454, 3049.958388, 66
200.263623, -119.376098, 3039.204153, 67
222.419002, -144.507114, 3024.899741, 68
188.336249, -105.052144, 3030.152648, 69
215.548126, -97.746549, 3022.346607, 70
233.111337, -137.853097, 3023.929654, 71
193.689692, -130.771491, 3056.780169, 72
206.379923, -129.541231, 3025.147382, 73
218.876935, -99.616147, 3042.920753, 74
188.957700, -97.752874, 3029.484624, 75
213.384372, -161.624033, 3016.896563, 76
204.716575, -144.032140, 2992.322884, 77
185.293917, -104.284610, 3011.338049, 78
220.288011, -98.619955, 3001.088529, 79
191.814888, -134.462864, 2998.144435, 80
224.255284, -152.742572, 3023.813569, 81
189.559488, -141.724351, 3056.565181, 82
187.712694, -118.015974, 3021.825308, 83
222.960073, -150.530170, 3017.011861, 84
207.254759, -144.244012, 3014.061087, 85
246.833104, -113.531169, 3015.960045, 86
205.104019, -160.205582, 3035.450159, 87
207.520853, -157.583225, 3025.967847, 88
228.952828, -119.966815, 3022.150287, 89
240.135174, -110.823437, 3051.210322, 90
248.373609, -137.959117, 2993.270051, 91
213.561654, -131.071161, 3015.066248, 92
211.500284, -126.030008, 2991.854151, 93
243.419722, -154.460932, 3004.846362, 94
201.806204, -129.877543, 3024.120685, 95
225.961897, -134.435603, 3005.395564, 96
183.296222, -112.003032, 3008.712331, 97
228.839950, -155.873178, 3014.651252, 98
196.182295, -109.591880, 3058.207450, 99
228.426768, -120.847837, 3042.186531, 100
221.010954, -123.865172, 2999.029161, 101
224.374713, -161.694542, 3031.480545, 102
249.536273, -132.865793, 3000.253083, 103
182.764930, -140.837046, 3009.314063, 104
197.705169, -121.702245, 3042.960563, 105
231.923259, -147.131533, 3003.325641, 106
247.412964, -146.506868, 3054.845193, 107
197.499737, -100.338414, 2993.774271, 108
222.244812, -155.547194, 3047.705050, 109
221.825894, -109.792009, 3021.659078, 110
205.386066, -140.172049, 2992.596676, 111
214.509312, -98.468845, 2994.424439, 112
187.364059, -100.323567, 3025.080841, 113
197.710911, -100.230170, 3047.766313, 114
217.118865, -153.916168, 3020.865790, 115
201.451986, -104.664399, 3037.256933, 116
214.871506, -108.642478, 3054.272793, 117
211.090552, -162.533761, 3048.736631, 118
214.958708, -122.960470, 3056.712815, 119
204.037411, -152.525598, 3041.722342, 120
235.790682, -129.811090, 2996.352272, 121
238.481346, -97.973322, 2992.686209, 122
242.999578, -162.000313, 3055.885018, 123
209.454619, -146.960976, 3050.458487, 124
198.594860, -112.513593, 2991.343515, 125
229.554698, -162.452711, 3050.201699, 126
208.185729, -130.252757, 3036.361531, 127
