x coord, y coord, z coord, scalar
137.762773, -68.132126, 1213.682737, 0
128.213172, -62.283682, 1230.402993, 1
140.546569, -73.911978, 1236.116640, 2
173.072447, -37.164774, 1207.345980, 3
134.034843, -30.485951, 1192.296721, 4
158.840641, -37.415475, 1227.959274, 5
123.757482, -50.295020, 1242.180500, 6
176.437291, -61.033823, 1254.042868, 7
177.696905, -40.936931, 1243.722982, 8
184.886961, -71.149217, 1198.814388, 9
151.828539, -51.226895, 1229.239992, 10
176.021844, -40.854127, 1196.795135, 11
148.215782, -86.867103, 1221.440958, 12
126.122955, -31.635072, 1214.114965, 13
143.979017, -84.160148, 1213.467402, 14
146.785894, -43.159957, 1205.890645, 15
185.255277, -37.242934, 1254.153894, 16
169.226221, -47.365561, 1222.958539, 17
165.059534, -56.228568, 1211.860119, 18
150.573228, -57.901652, 1239.270073, 19
159.897519, -92.632950, 1217.880820, 20
130.928505, -34.451521, 1206.865308, 21
138.233709, -72.795594, 1218.555632, 22
170.185004, -64.513119, 1216.759747, 23
126.090641, -38.374465, 1231.157810, 24
150.068327, -78.148524, 1217.836014, 25
166.469226, -79.453152, 1210.432009, 26
162.413645, -96.786839, 1192.905153, 27
127.162901, -49.567691, 1235.234737, 28
149.533220, -85.554609, 1207.171652, 29
130.593010, -43.497484, 1213.096807, 30
158.983987, -30.409432, 1208.483987, 31
176.359430, -78.735614, 1234.246527, 32
136.706397, -95.110491, 1199.571930, 33
163.976368, -86.860306, 1191.036064, 34
136.924807, -54.632359, 1211.445335, 35
165.271317, -74.723087, 1230.550547, 36
186.213555, -30.149823, 1232.321904, 37
120.909331, -89.546847, 1212.592655, 38
166.654156, -57.854087, 1225.596061, 39
184.336049, -45.101491, 1211.937292, 40
139.223595, -72.677404, 1211.366052, 41
158.217685, -82.877915, 1231.188885, 42
134.254846, -64.011544, 1234.636042, 43
144.336861, -86.595435, 1246.334629, 44
145.883091, -67.511088, 1221.539101, 45
167.838866, -88.799651, 1245.375706, 46
140.180071, -89.145986, 1245.064597, 47
183.012060, -86.077083, 1254.075692, 48
137.395432, -37.263349, 1226.060068, 49
173.501696, -39.487226, 1210.797223, 50
127.229565, -86.823490, 1236.677984, 51
149.106197, -46.446223, 1252.358499, 52
122.085744, -30.031808, 1218.184808, 53
167.232355, -72.254855, 1230.147406, 54
155.357300, -44.212129, 1192.474941, 55
118.688454, -62.933139, 1202.233349, 56
174.574135, -40.593470, 1211.645511, 57
161.429132, -44.141318, 1224.126452, 58
157.295291, -93.305811, 1216.701707, 59
125.146067, -37.644533, 1207.053105, 60
146.453381, -96.974846, 1218.787661, 61
124.921935, -65.709097, 1202.179968, 62
119.070671, -61.463790, 1201.986796, 63
147.765502, -80.791370, 1228.289764, 64
119.703680, -43.274459, 1213.916566, 65
122.688786, -42.426426, 1249.541737, 66
135.432432, -54.412116, 1238.787123, 67
157.587910, -79.543055, 1224.483747, 68
123.505122, -40.088116, 1229.736272, 69
150.717000, -32.782508, 1221.930292, 70
168.280230, -72.889039, 1223.513452, 71
128.858580, -65.807469, 1256.363032, 72
141.548801, -64.577215, 1224.734834, 73
154.045806, -34.652103, 1242.504192, 74
124.126576, -32.788841, 1229.068218, 75
148.553271, -96.659993, 1216.480289, 76
139.885465, -79.068102, 1191.906645, 77
120.462797, -39.320577, 1210.921746, 78
155.456892, -33.655914, 1200.672217, 79
126.983776, -69.498830, 1197.728237, 80
159.424186, -87.778522, 1223.397332, 81
124.728383, -76.760326, 1256.148320, 82
122.881571, -53.051953, 1221.409184, 83
158.128971, -85.566123, 1216.595707, 84
142.423660, -79.279975, 1213.645248, 85
182.001988, -48.567123, 1215.543680, 86
140.272926, -95.241545, 1235.033709, 87
142.689760, -92.619187, 1225.551593, 88
164.121706, -55.002758, 1221.734183, 89
175.304056, -45.859390, 1250.793737, 90
183.542497, -72.995075, 1192.853689, 91
148.730543, -66.107113, 1214.650813, 92
146.669170, -61.065969, 1191.437938, 93
178.588612, -89.496889, 1204.430003, 94
136.975089, -64.913550, 1223.706612, 95
161.130786, -69.471557, 1204.979439, 96
118.465104, -47.039000, 1208.296063, 97
164.008845, -90.909133, 1214.234966, 98
131.351170, -44.627848, 1257.790651, 99
163.595640, -55.883767, 1241.769819, 100
156.179840, -58.901130, 1198.612994, 101
159.543613, -96.730496, 1231.064133, 102
184.705161, -67.901749, 1199.836728, 103
117.933820, -75.873016, 1208.897838, 104
132.874009, -56.738264, 1242.543099, 105
167.092150, -82.167489, 1202.909372, 106
182.581854, -81.542822, 1254.428630, 107
132.668620, -35.374377, 1193.357950, 108
157.413714, -90.583147, 1247.288388, 109
156.994765, -44.827960, 1221.242932, 110
140.554955, -75.208011, 1192.180456, 111
149.678195, -33.504806, 1194.008116, 112
122.532935, -35.359535, 1224.664477, 113
132.879783, -35.266137, 1247.349693, 114
152.287768, -88.952123, 1220.449628, 115
136.620847, -39.700367, 1236.840440, 116
150.040376, -43.678434, 1253.855942, 117
146.259454, -97.569721, 1248.320011, 118
150.127583, -57.996421, 1256.295446, 119
139.206331, -87.561566, 1241.305656, 120
170.959569, -64.847046, 1195.935984, 121
173.650230, -33.009281, 1192.269835, 122
178.168469, -97.036270, 1255.468474, 123
144.623536, -81.996935, 1250.041329, 124
133.763744, -47.549556, 1190.927240, 125
164.723594, -97.488667, 1249.785128, 126
143.354608, -65.288724, 1235.945166, 127
