x coord, y coord, z coord, scalar
445.452415, -386.536597, 16724.608120, 0
435.902898, -380.687885, 16741.330792, 1
448.235191, -392.316138, 16747.051051, 2
480.762128, -355.569309, 16718.278344, 3
441.724522, -348.890459, 16703.229039, 4
466.530373, -355.820028, 16738.891662, 5
431.447226, -368.699427, 16753.115571, 6
484.126959, -379.438390, 16764.977731, 7
485.386594, -359.341484, 16754.656812, 8
492.576619, -389.553751, 16709.746837, 9
459.518427, -369.631547, 16740.168030, 10
483.711517, -359.258656, 16707.727560, 11
455.905338, -405.271638, 16732.370859, 12
433.812653, -350.039566, 16725.047186, 13
451.668611, -402.564662, 16724.396837, 14
454.475594, -361.564476, 16716.821493, 15
492.944954, -355.647472, 16765.087809, 16
476.915923, -365.770134, 16733.890464, 17
472.749216, -374.633133, 16722.790699, 18
458.263406, -376.306681, 16750.215045, 19
467.587130, -411.037493, 16728.812585, 20
438.618198, -352.856021, 16717.797194, 21
445.923281, -391.200045, 16729.478776, 22
477.874667, -382.917699, 16727.690757, 23
433.780375, -356.778933, 16742.090567, 24
457.757895, -396.553085, 16728.762954, 25
474.158863, -397.857705, 16721.363196, 26
470.103291, -415.191362, 16703.837486, 27
434.852687, -367.972078, 16746.167852, 28
457.222841, -403.959134, 16718.102234, 29
438.282721, -361.901969, 16724.027622, 30
466.673678, -348.813959, 16719.416204, 31
484.049064, -397.140192, 16745.179749, 32
444.396033, -413.514998, 16710.503810, 33
471.666017, -405.264830, 16701.968179, 34
444.614515, -373.036845, 16722.373470, 35
472.960919, -393.127735, 16741.482296, 36
493.903234, -348.554359, 16743.255199, 37
428.598960, -407.951329, 16723.524478, 38
474.343852, -376.258713, 16736.526991, 39
492.025723, -363.506031, 16722.869902, 40
446.913219, -391.081895, 16722.293215, 41
465.907223, -401.282529, 16742.120646, 42
441.944664, -382.415030, 16745.562141, 43
452.026378, -404.999953, 16757.271477, 44
453.572689, -385.915671, 16732.452698, 45
475.528478, -407.204214, 16756.310053, 46
447.869606, -407.550481, 16756.000366, 47
490.701705, -404.481628, 16765.009797, 48
445.085185, -355.667844, 16736.991877, 49
481.191380, -357.891766, 16721.729532, 50
434.919127, -405.227927, 16747.611540, 51
456.795959, -364.850768, 16763.296220, 52
429.775441, -348.436300, 16729.117318, 53
474.921977, -390.659497, 16741.079244, 54
463.046977, -362.616651, 16703.406764, 55
426.378119, -381.337621, 16713.164690, 56
482.263818, -358.998011, 16722.577831, 57
469.118862, -362.545890, 16735.057937, 58
464.984901, -411.710349, 16727.633369, 59
432.835758, -356.049026, 16717.984976, 60
454.142982, -415.379364, 16729.719436, 61
432.611596, -384.113581, 16713.110715, 62
426.760337, -379.868274, 16712.918134, 63
455.454917, -399.195951, 16739.217157, 64
427.393375, -361.678936, 16724.848317, 65
430.378502, -360.830891, 16760.476707, 66
443.122474, -372.816358, 16749.725374, 67
465.277467, -397.947670, 16735.413038, 68
431.194849, -358.492579, 16740.668868, 69
458.406723, -351.187036, 16732.862362, 70
475.969862, -391.293645, 16734.444542, 71
436.548239, -384.211899, 16767.302201, 72
449.238507, -382.981618, 16735.634372, 73
461.735543, -353.056644, 16753.438385, 74
431.816290, -351.193324, 16740.001065, 75
456.242877, -415.064514, 16727.412006, 76
447.575114, -397.472612, 16702.838057, 77
428.152489, -357.725064, 16721.853705, 78
463.146578, -352.060437, 16711.604263, 79
434.673433, -387.903323, 16708.659294, 80
467.113775, -406.183086, 16734.328723, 81
432.418006, -395.164775, 16767.085111, 82
430.571284, -371.456382, 16732.339605, 83
465.818575, -403.970677, 16727.526389, 84
450.113252, -397.684482, 16724.573208, 85
489.691664, -366.971670, 16726.476183, 86
447.962489, -413.646047, 16745.966947, 87
450.379323, -411.023696, 16736.483132, 88
471.811412, -373.407364, 16732.664423, 89
482.993743, -364.263947, 16761.728139, 90
491.232155, -391.399605, 16703.786164, 91
456.420197, -384.511672, 16725.575277, 92
454.358836, -379.470485, 16702.369127, 93
486.278258, -407.901423, 16715.362454, 94
444.664765, -383.317844, 16734.619314, 95
468.820439, -387.876105, 16715.909863, 96
426.154789, -365.443482, 16719.227722, 97
471.698468, -409.313676, 16725.166777, 98
439.040887, -363.032330, 16768.726903, 99
471.285369, -374.288430, 16752.705318, 100
463.869510, -377.305661, 16709.543784, 101
467.233211, -415.135041, 16741.997045, 102
492.394820, -386.306285, 16710.769149, 103
425.623466, -394.277489, 16719.829133, 104
440.563900, -375.142502, 16753.485101, 105
474.781793, -400.572027, 16713.841040, 106
490.271500, -399.947371, 16765.362846, 107
440.358299, -353.778884, 16704.290075, 108
465.103299, -408.987701, 16758.223458, 109
464.684504, -363.232526, 16732.173538, 110
448.244607, -393.612521, 16703.111701, 111
457.367875, -351.909323, 16704.940250, 112
430.222646, -353.764015, 16735.596961, 113
440.569515, -353.670626, 16758.284399, 114
459.977348, -407.356666, 16731.380374, 115
444.310634, -358.104849, 16747.774042, 116
457.730118, -362.082973, 16764.792646, 117
453.949045, -415.974239, 16759.254718, 118
457.817300, -376.400987, 16767.236621, 119
446.895834, -405.966047, 16752.240932, 120
478.649230, -383.251581, 16706.867822, 121
481.339904, -351.413806, 16703.202416, 122
485.858109, -415.440806, 16766.402516, 123
452.313053, -400.401457, 16760.980692, 124
441.453419, -365.954062, 16701.858961, 125
472.413213, -415.893207, 16760.719408, 126
451.044312, -383.693209, 16746.877664, 127
