x coord, y coord, z coord, scalar
216.524658, -162.893608, 3545.362750, 0
206.975085, -157.045090, 3562.083368, 1
219.308173, -168.673355, 3567.798006, 2
251.834342, -131.926275, 3539.027040, 3
212.796738, -125.247444, 3523.977774, 4
237.602550, -132.176982, 3559.640337, 5
202.519397, -145.056486, 3573.861965, 6
255.199182, -155.795332, 3585.724302, 7
256.458802, -135.698437, 3575.404261, 8
263.648850, -165.910717, 3530.495460, 9
230.590490, -145.988432, 3560.920403, 10
254.783737, -135.615626, 3528.476204, 11
226.977642, -181.628601, 3553.121648, 12
204.884855, -126.396561, 3545.796003, 13
222.740888, -178.921641, 3545.148022, 14
225.547795, -137.921454, 3537.571477, 15
264.017171, -132.004435, 3585.835186, 16
247.988121, -142.127073, 3554.639533, 17
243.821429, -150.990077, 3543.540910, 18
229.335255, -152.663300, 3570.953021, 19
238.659394, -187.394452, 3549.561790, 20
209.690404, -129.213012, 3538.546296, 21
216.995575, -167.557069, 3550.235310, 22
248.946893, -159.274632, 3548.440604, 23
204.852552, -133.135948, 3562.838929, 24
228.830190, -172.910030, 3549.516260, 25
245.231109, -174.214657, 3542.112892, 26
241.175531, -191.548336, 3524.586208, 27
205.924828, -144.329152, 3566.915909, 28
228.295098, -180.316106, 3538.852444, 29
209.354914, -138.258971, 3544.777635, 30
237.745885, -125.170931, 3540.165025, 31
255.121311, -173.497126, 3565.927716, 32
215.468280, -189.871983, 3531.252917, 33
242.738254, -181.621803, 3522.717086, 34
215.686711, -149.393847, 3543.125761, 35
244.033188, -169.484618, 3562.231514, 36
264.975449, -124.911324, 3564.003103, 37
199.671212, -184.308332, 3544.273633, 38
245.416053, -152.615613, 3557.276905, 39
263.097942, -139.862993, 3543.618388, 40
217.985475, -167.438891, 3543.046332, 41
236.979539, -177.639435, 3562.869854, 42
213.016797, -158.772753, 3566.316163, 43
223.098710, -181.356928, 3578.016361, 44
224.644962, -162.272601, 3553.217346, 45
246.600741, -183.561159, 3577.057063, 46
218.941926, -183.907473, 3576.746167, 47
261.773945, -180.838586, 3585.757012, 48
216.157348, -132.024840, 3557.741044, 49
252.263592, -134.248728, 3542.478274, 50
205.991428, -181.584961, 3568.359222, 51
227.868115, -141.207728, 3584.040361, 52
200.847645, -124.793297, 3549.865890, 53
245.994232, -167.016385, 3561.828386, 54
234.119194, -138.973626, 3524.155919, 55
197.450346, -157.694624, 3533.914255, 56
253.336031, -135.354972, 3543.326564, 57
240.191041, -138.902830, 3555.807380, 58
236.057166, -188.067311, 3548.382661, 59
203.907966, -132.406022, 3538.734091, 60
225.215254, -191.736341, 3550.468632, 61
203.683825, -160.470583, 3533.860785, 62
197.832563, -156.225276, 3533.667701, 63
226.527322, -175.552879, 3559.970078, 64
198.465580, -138.035943, 3545.597534, 65
201.450692, -137.187908, 3581.223187, 66
214.194434, -149.173541, 3570.469065, 67
236.349769, -174.304576, 3556.164346, 68
202.267032, -134.849597, 3561.417366, 69
229.478907, -127.544007, 3553.611307, 70
247.042110, -167.650559, 3555.194320, 71
207.620471, -160.568940, 3588.045112, 72
220.310706, -159.338679, 3556.410969, 73
232.807717, -129.413606, 3574.185526, 74
202.888481, -127.550328, 3560.749350, 75
227.315145, -191.421488, 3548.161251, 76
218.647351, -173.829595, 3523.587561, 77
199.224697, -134.082064, 3542.602745, 78
234.218789, -128.417412, 3532.353229, 79
205.745665, -164.260318, 3529.409101, 80
238.186055, -182.540030, 3555.078246, 81
203.490263, -171.521801, 3587.830043, 82
201.643477, -147.813425, 3553.089952, 83
236.890844, -180.327628, 3548.276514, 84
221.185531, -174.041466, 3545.325647, 85
260.763882, -143.328627, 3547.224760, 86
219.034789, -190.003035, 3566.714900, 87
221.451623, -187.380678, 3557.232529, 88
242.883607, -149.764279, 3553.414924, 89
254.065952, -140.620897, 3582.475102, 90
262.304386, -167.756574, 3524.534765, 91
227.492430, -160.868620, 3546.330688, 92
225.431061, -155.827464, 3523.118822, 93
257.350497, -184.258389, 3536.111075, 94
215.736987, -159.674983, 3555.384723, 95
239.892673, -164.233061, 3536.660208, 96
197.227001, -141.800486, 3539.977017, 97
242.770724, -185.670635, 3545.915943, 98
210.113076, -139.389334, 3589.472293, 99
242.357547, -150.645305, 3573.451348, 100
234.941732, -153.662629, 3530.293817, 101
238.305485, -191.491998, 3562.745274, 102
263.467050, -162.663250, 3531.517796, 103
196.695707, -170.634498, 3540.578737, 104
211.635968, -151.499685, 3574.225603, 105
245.854034, -176.928990, 3534.590327, 106
261.343739, -176.304326, 3586.109967, 107
211.430515, -130.135869, 3525.038973, 108
236.175582, -185.344651, 3578.969853, 109
235.756676, -139.589470, 3552.923728, 110
219.316842, -169.969504, 3523.861348, 111
228.440090, -128.266301, 3525.689141, 112
201.294840, -130.121021, 3556.345555, 113
211.641694, -130.027626, 3579.031103, 114
231.049635, -183.713624, 3552.130445, 115
215.382773, -134.461855, 3568.521686, 116
228.802288, -138.439937, 3585.537652, 117
225.021324, -192.331215, 3580.001422, 118
228.889488, -152.757931, 3587.977826, 119
217.968177, -182.323048, 3572.987152, 120
249.721459, -159.608547, 3527.616965, 121
252.412123, -127.770779, 3523.950927, 122
256.930353, -191.797770, 3587.149785, 123
223.385385, -176.758429, 3581.723437, 124
212.525638, -142.311048, 3522.608203, 125
243.485471, -192.250168, 3581.466475, 126
222.116510, -160.050211, 3567.626246, 127
