x coord, y coord, z coord, scalar
89.129600, -32.839109, 510.978578, 0
79.579994, -26.990701, 527.698726, 1
91.913535, -38.618977, 533.412076, 2
124.439267, -1.871750, 504.641507, 3
85.401664, 4.807070, 489.592251, 4
110.207454, -2.122450, 525.254801, 5
75.124297, -15.002014, 539.475906, 6
127.804112, -25.740794, 551.338284, 7
129.063724, -5.643905, 541.018444, 8
136.253784, -35.856192, 496.109912, 9
103.195330, -15.933860, 526.535714, 10
127.388665, -5.561103, 494.090660, 11
99.582618, -51.574076, 518.736596, 12
77.489774, 3.657947, 511.410499, 13
95.345849, -48.867125, 510.763061, 14
98.152713, -7.866936, 503.186241, 15
136.622097, -1.949909, 551.449352, 16
120.593038, -12.072533, 520.254086, 17
116.426353, -20.935540, 509.155727, 18
101.939973, -22.608575, 536.565034, 19
111.264348, -57.339924, 515.176375, 20
82.295324, 0.841499, 504.160857, 21
89.600545, -37.502578, 515.851574, 22
121.551826, -29.220088, 514.055336, 23
77.457456, -3.081451, 528.453320, 24
101.435162, -42.855494, 515.131786, 25
117.836052, -44.160125, 507.727589, 26
113.780471, -61.493816, 490.200682, 27
78.529711, -14.274688, 532.530231, 28
100.900048, -50.261585, 504.467260, 29
81.959827, -8.204468, 510.392405, 30
110.350806, 4.883591, 505.779521, 31
127.726255, -43.442583, 531.542017, 32
88.073224, -59.817470, 496.867479, 33
115.343193, -51.567282, 488.331603, 34
88.291625, -19.339342, 508.741053, 35
116.638145, -39.430047, 527.846102, 36
137.580375, 5.143201, 529.617390, 37
72.276159, -54.253828, 509.888207, 38
118.020972, -22.561051, 522.891653, 39
135.702870, -9.808467, 509.232808, 40
90.590424, -37.384384, 508.661813, 41
109.584522, -47.584877, 528.484440, 42
85.621673, -28.718659, 531.931851, 43
95.703703, -51.302409, 543.629955, 44
97.249920, -32.218056, 518.835473, 45
119.205695, -53.506622, 542.671145, 46
91.546911, -53.852964, 542.359972, 47
134.378885, -50.784057, 551.371141, 48
88.762244, -1.970332, 523.355621, 49
124.868516, -4.194202, 508.092753, 50
78.596403, -51.530476, 533.973458, 51
100.473007, -11.153200, 549.653786, 52
73.452563, 5.261210, 515.480329, 53
118.599181, -36.961816, 527.442957, 54
106.724121, -8.919107, 489.770493, 55
70.055278, -27.640121, 499.528922, 56
125.940955, -5.300445, 508.941041, 57
112.795945, -8.848290, 521.422019, 58
108.662120, -58.012785, 513.997266, 59
76.512887, -2.351514, 504.348655, 60
97.820212, -61.681822, 516.083215, 61
76.288759, -30.416079, 499.475568, 62
70.437494, -26.170773, 499.282369, 63
99.132356, -45.498334, 525.585515, 64
71.070500, -7.981442, 511.212122, 65
74.055603, -7.133412, 546.837148, 66
86.799212, -19.119138, 536.082386, 67
108.954745, -44.250017, 521.779413, 68
74.871938, -4.795103, 527.031789, 69
102.083815, 2.510514, 519.225833, 70
119.647055, -37.596005, 520.809037, 71
80.225405, -30.514458, 553.658254, 72
92.915621, -29.284209, 522.031839, 73
105.412619, 0.640920, 539.799637, 74
75.493393, 2.504175, 526.363724, 75
99.920101, -61.366969, 513.775845, 76
91.252290, -43.775081, 489.202215, 77
71.829618, -4.027559, 508.217292, 78
106.823712, 1.637108, 497.967759, 79
78.350601, -34.205811, 495.023824, 80
110.791018, -52.485492, 520.692904, 81
76.095213, -41.467312, 553.443648, 82
74.248389, -17.758944, 518.704799, 83
109.495801, -50.273095, 513.891310, 84
93.790492, -43.986952, 510.940974, 85
133.368809, -13.274097, 512.839201, 86
91.639763, -59.948523, 532.329197, 87
94.056596, -57.326163, 522.847158, 88
115.488521, -19.709725, 519.029806, 89
126.670874, -10.566363, 548.089173, 90
134.909321, -37.702051, 490.149211, 91
100.097366, -30.814085, 511.946696, 92
98.035993, -25.772947, 488.733519, 93
129.955437, -54.203864, 501.725526, 94
88.341915, -29.620557, 521.003024, 95
112.497610, -34.178531, 502.275054, 96
69.831925, -11.745983, 505.591622, 97
115.375672, -55.616106, 511.530519, 98
82.717987, -9.334832, 555.086004, 99
114.962452, -20.590728, 539.065206, 100
107.546661, -23.608106, 495.908592, 101
110.910444, -61.437469, 528.359636, 102
136.071984, -32.608725, 497.132253, 103
69.300647, -40.579999, 506.193413, 104
84.240809, -21.445283, 539.838193, 105
118.458975, -46.874464, 500.204931, 106
133.948678, -46.249796, 551.724074, 107
84.035441, -0.081356, 490.653488, 108
108.780547, -55.290118, 544.583794, 109
108.361577, -9.534933, 518.538539, 110
91.921780, -39.914989, 489.476034, 111
101.045015, 1.788216, 491.303654, 112
73.899753, -0.066519, 521.959999, 113
84.246598, 0.026880, 544.645115, 114
103.654602, -53.659096, 517.745229, 115
87.987655, -4.407353, 534.135912, 116
101.407188, -8.385411, 551.151274, 117
97.626286, -62.276697, 545.615433, 118
101.494398, -22.703393, 553.590577, 119
90.573176, -52.268544, 538.601052, 120
122.326392, -29.554022, 493.231535, 121
125.017052, 2.283742, 489.565353, 122
129.535295, -61.743244, 552.763926, 123
95.990377, -46.703909, 547.336542, 124
85.130566, -12.256535, 488.222797, 125
116.090422, -62.195640, 547.080570, 126
94.721426, -29.995707, 533.240688, 127
