x coord, y coord, z coord, scalar
348.918814, -293.496620, 10597.591133, 0
339.369276, -287.647990, 10614.312850, 1
351.701901, -299.276239, 10620.030494, 2
384.228515, -262.529314, 10591.258597, 3
345.190910, -255.850471, 10576.209310, 4
369.996744, -262.780028, 10611.871905, 5
334.913596, -275.659471, 10626.094753, 6
387.593349, -286.398385, 10637.956995, 7
388.852978, -266.301483, 10627.636484, 8
396.043013, -296.513756, 10582.727056, 9
362.984750, -276.591520, 10613.149994, 10
387.177907, -266.218662, 10580.707789, 11
359.371762, -312.231641, 10605.352086, 12
337.279035, -256.999583, 10598.027496, 13
355.135024, -309.524672, 10597.378248, 14
357.941975, -268.524486, 10589.802345, 15
396.411342, -262.607475, 10638.067448, 16
380.382303, -272.730127, 10606.870891, 17
376.215602, -281.593128, 10595.771657, 18
361.729637, -283.266545, 10623.190310, 19
371.053538, -317.997494, 10601.793074, 20
342.084582, -259.816036, 10590.777636, 21
349.389702, -298.160073, 10602.462675, 22
381.341058, -289.877690, 10600.671545, 23
337.246747, -263.738958, 10615.070665, 24
361.224316, -303.513080, 10601.745351, 25
377.625263, -304.817704, 10594.343915, 26
373.569689, -322.151370, 10576.817751, 27
338.319045, -274.932128, 10619.147807, 28
360.689246, -310.919141, 10591.083191, 29
341.749100, -268.861989, 10597.008487, 30
370.140062, -255.773966, 10592.396515, 31
387.515464, -304.100183, 10618.159663, 32
347.862434, -320.475010, 10583.484254, 33
375.132413, -312.224837, 10574.948530, 34
348.080895, -279.996865, 10595.355395, 35
376.427328, -300.087705, 10614.462792, 36
397.369622, -255.514363, 10616.235084, 37
332.065363, -314.911349, 10596.504944, 38
377.810233, -283.218690, 10609.507810, 39
395.492112, -270.466034, 10595.850057, 40
350.379623, -298.041912, 10595.275524, 41
369.373652, -308.242508, 10615.101137, 42
345.411025, -289.375351, 10618.544873, 43
355.492814, -311.959960, 10630.249957, 44
357.039100, -292.875660, 10605.440371, 45
378.994885, -314.164209, 10629.289522, 46
351.336037, -314.510495, 10628.979272, 47
394.168103, -311.441629, 10637.989360, 48
348.551551, -262.627862, 10609.972349, 49
384.657766, -264.851769, 10594.709807, 50
338.385551, -312.187960, 10620.591322, 51
360.262322, -271.810771, 10636.274354, 52
333.241824, -255.396318, 10602.097513, 53
378.388380, -297.619468, 10614.059705, 54
366.513365, -269.576660, 10576.387230, 55
329.844511, -288.297641, 10586.145347, 56
385.730205, -265.958014, 10595.558102, 57
372.585234, -269.505884, 10608.038537, 58
368.451309, -318.670352, 10600.613900, 59
336.302143, -263.009043, 10590.965424, 60
357.609393, -322.339373, 10602.699921, 61
336.077989, -291.073600, 10586.091607, 62
330.226729, -286.828294, 10585.898792, 63
358.921383, -306.155938, 10612.199375, 64
330.859758, -268.638958, 10597.828812, 65
333.844879, -267.790917, 10633.455929, 66
346.588757, -279.776456, 10622.703299, 67
368.743890, -304.907648, 10608.394506, 68
334.661224, -265.452606, 10613.649029, 69
361.873098, -258.147043, 10605.842731, 70
379.436263, -298.253628, 10607.425298, 71
340.014634, -291.171935, 10640.279763, 72
352.704889, -289.941662, 10608.627599, 73
365.201913, -260.016647, 10626.417914, 74
335.282668, -258.153345, 10612.981128, 75
359.709287, -322.024522, 10600.392514, 76
351.041511, -304.432624, 10575.818686, 77
331.618874, -264.685083, 10594.834119, 78
366.612964, -259.020445, 10584.584642, 79
338.139827, -294.863340, 10581.640064, 80
370.580189, -313.143081, 10607.309361, 81
335.884411, -302.124804, 10640.063613, 82
334.037663, -278.416419, 10605.320626, 83
369.284985, -310.930675, 10600.507307, 84
353.579666, -304.644494, 10597.555202, 85
393.158052, -273.931671, 10599.456380, 86
351.428912, -320.606060, 10618.946854, 87
353.845746, -317.983706, 10609.463711, 88
375.277791, -280.367348, 10605.645516, 89
386.460128, -271.223945, 10634.707586, 90
394.698549, -298.359611, 10576.766372, 91
359.886591, -291.471669, 10598.558654, 92
357.825228, -286.430495, 10575.349845, 93
389.744656, -314.861428, 10588.342672, 94
348.131157, -290.277921, 10607.607340, 95
372.286834, -294.836105, 10588.890883, 96
329.621176, -272.403503, 10592.208254, 97
375.164872, -316.273677, 10598.147249, 98
342.507264, -269.992351, 10641.705618, 99
374.751740, -281.248397, 10625.684331, 100
367.335900, -284.265667, 10582.524659, 101
370.699623, -322.095041, 10614.977081, 102
395.861214, -293.266289, 10583.749379, 103
329.089864, -301.237511, 10592.809808, 104
344.030229, -282.102599, 10626.461542, 105
378.248191, -307.532030, 10586.821568, 106
393.737897, -306.907371, 10638.342366, 107
343.824687, -260.738897, 10577.270422, 108
368.569715, -315.947699, 10631.202641, 109
368.150873, -270.192522, 10605.154486, 110
351.711003, -300.572533, 10576.092397, 111
360.834263, -258.869333, 10577.920594, 112
333.689025, -260.724036, 10608.577167, 113
344.035888, -260.630645, 10631.263725, 114
363.443765, -314.316667, 10604.361267, 115
347.776990, -265.064871, 10620.753806, 116
361.196487, -269.042977, 10637.771182, 117
357.415459, -322.934248, 10632.234044, 118
361.283676, -283.360983, 10640.213390, 119
350.362275, -312.926065, 10625.220034, 120
382.115623, -290.211585, 10579.848283, 121
384.806293, -258.373813, 10576.182583, 122
389.324508, -322.400810, 10639.382106, 123
355.779489, -307.361463, 10633.958176, 124
344.919808, -272.914075, 10574.839468, 125
375.879618, -322.853209, 10633.698903, 126
354.510692, -290.653229, 10619.857864, 127
