x coord, y coord, z coord, scalar
461.911265, -392.991530, 18368.881109, 0
452.361748, -387.142807, 18385.604037, 1
464.694002, -398.771071, 18391.324999, 2
497.220980, -362.024243, 18362.552073, 3
458.183373, -355.345392, 18347.502764, 4
482.989227, -362.274962, 18383.165394, 5
447.906079, -375.154356, 18397.389588, 6
500.585811, -385.893326, 18409.251726, 7
501.845447, -365.796419, 18398.930697, 8
509.035470, -396.008686, 18354.020576, 9
475.977287, -376.086483, 18384.441301, 10
500.170369, -365.713590, 18352.001296, 11
472.364186, -411.726574, 18376.644327, 12
450.271505, -356.494499, 18369.320900, 13
468.127460, -409.019597, 18368.670256, 14
470.934446, -368.019410, 18361.095061, 15
509.403806, -362.102406, 18409.361704, 16
493.374776, -372.225069, 18378.164147, 17
489.208069, -381.088068, 18367.064240, 18
474.722281, -382.761627, 18394.490114, 19
484.045980, -417.492428, 18373.086251, 20
455.077051, -359.310954, 18362.070873, 21
462.382129, -397.654977, 18373.751527, 22
494.333519, -389.372635, 18371.964342, 23
450.239228, -363.233864, 18386.364338, 24
474.216744, -403.008021, 18373.036108, 25
490.617713, -404.312641, 18365.636801, 26
486.562142, -421.646296, 18348.111213, 27
451.311542, -374.427006, 18390.441661, 28
473.681691, -410.414068, 18362.375775, 29
454.741574, -368.356901, 18368.301187, 30
483.132531, -355.268893, 18363.689918, 31
500.507915, -403.595128, 18389.453570, 32
460.854884, -419.969932, 18354.777489, 33
488.124868, -411.719764, 18346.241882, 34
461.073368, -379.491777, 18366.646751, 35
489.419769, -399.582674, 18385.755961, 36
510.362086, -355.009293, 18387.529027, 37
445.057809, -414.406262, 18367.798150, 38
490.802705, -382.713650, 18380.800569, 39
508.484575, -369.960966, 18367.143658, 40
463.372068, -397.536828, 18366.566392, 41
482.366071, -407.737468, 18386.394312, 42
458.403509, -388.869927, 18389.835205, 43
468.485224, -411.454888, 18401.545683, 44
470.031539, -392.370608, 18376.724436, 45
491.987328, -413.659150, 18400.583994, 46
464.328453, -414.005415, 18400.274458, 47
507.160556, -410.936563, 18409.283711, 48
461.544039, -362.122776, 18381.265548, 49
497.650232, -364.346700, 18366.003255, 50
451.377974, -411.682859, 18391.885397, 51
473.254814, -371.305702, 18407.570518, 52
446.234293, -354.891232, 18373.391063, 53
491.380829, -397.114435, 18385.352918, 54
479.505829, -369.071585, 18347.680436, 55
442.836970, -387.792554, 18357.438312, 56
498.722671, -365.452945, 18366.851556, 57
485.577716, -369.000825, 18379.331573, 58
481.443750, -418.165284, 18371.907025, 59
449.294610, -362.503959, 18362.258654, 60
470.601831, -421.834299, 18373.993103, 61
449.070447, -390.568513, 18357.384273, 62
443.219188, -386.323206, 18357.191755, 63
471.913760, -405.650889, 18383.490359, 64
443.852227, -368.133868, 18369.121981, 65
446.837354, -367.285822, 18404.750713, 66
459.581336, -379.271279, 18393.999729, 67
481.736316, -404.402608, 18379.686441, 68
447.653702, -364.947510, 18384.942622, 69
474.865577, -357.641969, 18377.136061, 70
492.428713, -397.748582, 18378.718137, 71
453.007089, -390.666830, 18411.576653, 72
465.697359, -389.436547, 18379.904621, 73
478.194398, -359.511577, 18397.712309, 74
448.275143, -357.648256, 18384.274846, 75
472.701727, -421.519448, 18371.685667, 76
464.033965, -403.927546, 18347.111685, 77
444.611341, -364.179996, 18366.127392, 78
479.605430, -358.515371, 18355.877959, 79
451.132283, -394.358256, 18352.932885, 80
483.572624, -412.638023, 18378.602350, 81
448.876855, -401.619706, 18411.359310, 82
447.030136, -377.911312, 18376.613129, 83
482.277424, -410.425613, 18371.799941, 84
466.572101, -404.139417, 18368.846470, 85
506.150516, -373.426605, 18370.749927, 86
464.421336, -420.100981, 18390.240769, 87
466.838171, -417.478631, 18380.756773, 88
488.270266, -379.862301, 18376.937927, 89
499.452596, -370.718882, 18406.002085, 90
507.691006, -397.854539, 18348.059905, 91
472.879048, -390.966607, 18369.848168, 92
470.817687, -385.925419, 18346.642732, 93
502.737109, -414.356358, 18359.636193, 94
461.123615, -389.772770, 18378.890957, 95
485.279290, -394.331040, 18360.183387, 96
442.613641, -371.898414, 18363.501378, 97
488.157318, -415.768611, 18369.440448, 98
455.499740, -369.487262, 18413.001045, 99
487.744224, -380.743368, 18396.979380, 100
480.328362, -383.760595, 18353.817346, 101
483.692061, -421.589976, 18386.270833, 102
508.853672, -392.761219, 18355.042884, 103
442.082316, -400.732421, 18364.102749, 104
457.022757, -381.597424, 18397.759854, 105
491.240644, -407.026962, 18358.114695, 106
506.730351, -406.402306, 18409.636772, 107
456.817151, -360.233817, 18348.563780, 108
481.562148, -415.442637, 18402.497476, 109
481.143359, -369.687461, 18376.447081, 110
464.703458, -400.067455, 18347.385312, 111
473.826727, -358.364256, 18349.213955, 112
446.681498, -360.218947, 18379.870704, 113
457.028369, -360.125558, 18402.558377, 114
476.436196, -413.811602, 18375.653932, 115
460.769489, -364.559780, 18392.047903, 116
474.188973, -368.537906, 18409.066836, 117
470.407894, -422.429174, 18403.528697, 118
474.276154, -382.855922, 18411.511286, 119
463.354679, -412.420981, 18396.514971, 120
495.108082, -389.706516, 18351.141496, 121
497.798755, -357.868740, 18347.476169, 122
502.316959, -421.895741, 18410.676424, 123
468.771899, -406.856393, 18405.255165, 124
457.912271, -372.408995, 18346.132622, 125
488.872063, -422.348142, 18404.993341, 126
467.503164, -390.148142, 18391.151408, 127
