x coord, y coord, z coord, scalar
380.309921, -321.634195, 11913.809564, 0
370.760387, -315.785539, 11930.531486, 1
383.092909, -327.413798, 11936.249691, 2
415.619626, -290.666894, 11907.477620, 3
376.582020, -283.988049, 11892.428329, 4
401.387860, -290.917609, 11928.090930, 5
366.304711, -303.797038, 11942.314006, 6
418.984459, -314.535968, 11954.176230, 7
420.244090, -294.439065, 11943.855632, 8
427.434121, -324.651336, 11898.946087, 9
394.375881, -304.729108, 11929.368649, 10
418.569017, -294.356242, 11896.926817, 11
390.762861, -340.369222, 11921.570899, 12
368.670147, -285.137159, 11914.246506, 13
386.526126, -337.662251, 11913.597022, 14
389.333088, -296.662064, 11906.021239, 15
427.802453, -290.745056, 11954.286603, 16
411.773416, -300.867711, 11923.089876, 17
407.606714, -309.730711, 11911.990528, 18
393.120800, -311.404165, 11939.410404, 19
402.444642, -346.135076, 11918.012047, 20
373.475694, -287.953613, 11906.996618, 21
380.780802, -326.297646, 11918.680915, 22
412.732168, -318.015274, 11916.890453, 23
368.637862, -291.876532, 11931.289721, 24
392.615416, -331.650664, 11917.963913, 25
409.016369, -332.955286, 11910.562838, 26
404.960796, -350.288949, 11893.036772, 27
369.710164, -303.069693, 11935.366894, 28
392.080351, -339.056721, 11907.302063, 29
373.140213, -296.999564, 11913.227379, 30
401.531174, -283.911545, 11908.615526, 31
418.906571, -332.237767, 11934.378759, 32
379.253540, -348.612588, 11899.703236, 33
406.523521, -340.362417, 11891.167532, 34
379.472008, -308.134440, 11911.574059, 35
407.818433, -328.225296, 11930.681763, 36
428.760732, -283.651943, 11932.454186, 37
363.456468, -343.048924, 11912.723921, 38
409.201346, -311.356278, 11925.726712, 39
426.883222, -298.603615, 11912.069101, 40
381.770728, -326.179488, 11911.494106, 41
400.764750, -336.380097, 11931.320109, 42
376.802136, -317.512833, 11934.763363, 43
386.883910, -340.097540, 11946.469361, 44
388.430204, -321.013246, 11921.657800, 45
410.385990, -342.301793, 11945.508714, 46
382.727134, -342.648073, 11945.198585, 47
425.559210, -339.579210, 11954.208531, 48
379.942668, -290.765437, 11926.191325, 49
416.048877, -292.989349, 11910.928825, 50
369.776650, -340.325532, 11936.810446, 51
391.653440, -299.948351, 11952.493832, 52
364.632936, -283.533893, 11918.316549, 53
409.779487, -325.757059, 11930.278683, 54
397.904475, -297.714239, 11892.606207, 55
361.235620, -316.435217, 11902.364284, 56
417.121316, -294.095594, 11911.777121, 57
403.976350, -297.643467, 11924.257485, 58
399.842413, -346.807933, 11916.832863, 59
367.693254, -291.146620, 11907.184405, 60
389.000496, -350.476952, 11918.918894, 61
367.469098, -319.211176, 11902.310493, 62
361.617838, -314.965869, 11902.117728, 63
390.312469, -334.293525, 11928.417976, 64
362.250870, -296.776533, 11914.047783, 65
365.235992, -295.928490, 11949.675174, 66
377.979898, -307.914005, 11938.922822, 67
400.134990, -333.045237, 11924.613268, 68
366.052338, -293.590179, 11929.868072, 69
393.264212, -286.284622, 11922.061729, 70
410.827370, -326.391215, 11923.644213, 71
371.405742, -319.309505, 11956.499364, 72
384.096000, -318.079230, 11924.843835, 73
396.593030, -288.154227, 11942.637093, 74
366.673781, -286.290920, 11929.200192, 75
391.100390, -350.162101, 11916.611482, 76
382.432618, -332.570202, 11892.037628, 77
363.009985, -292.822658, 11911.053107, 78
398.004075, -287.158024, 11900.803638, 79
369.530936, -323.000916, 11897.858976, 80
401.971292, -341.280665, 11923.528302, 81
367.275516, -330.262377, 11956.283012, 82
365.428775, -306.553989, 11921.539484, 83
400.676089, -339.068258, 11916.726187, 84
384.970769, -332.782072, 11913.773851, 85
424.549163, -302.069252, 11915.675415, 86
382.820011, -348.743638, 11935.165951, 87
385.236845, -346.121286, 11925.682664, 88
406.668905, -308.504934, 11921.864359, 89
417.851240, -299.361527, 11950.926782, 90
426.089658, -326.497191, 11892.985405, 91
391.277700, -319.609251, 11914.777006, 92
389.216337, -314.568074, 11891.568768, 93
421.135763, -342.999008, 11904.561703, 94
379.522265, -318.415478, 11923.824694, 95
403.677943, -322.973687, 11905.109741, 96
361.012286, -300.541078, 11908.427217, 97
406.555978, -344.411259, 11914.366225, 98
373.898377, -298.129925, 11957.924971, 99
406.142857, -309.385988, 11941.903620, 100
398.727010, -312.403247, 11898.743548, 101
402.090726, -350.232623, 11931.196150, 102
427.252322, -321.403869, 11899.968407, 103
360.480971, -329.375086, 11909.028740, 104
375.421355, -310.240149, 11942.681384, 105
409.639298, -335.669611, 11903.040532, 106
425.129005, -335.044952, 11954.561547, 107
375.215798, -288.876474, 11893.489425, 108
399.960817, -344.085282, 11947.421894, 109
399.541990, -298.330104, 11921.373360, 110
383.102111, -328.710111, 11892.311325, 111
392.225373, -287.006911, 11894.139597, 112
365.080138, -288.861611, 11924.796200, 113
375.427003, -288.768220, 11947.482947, 114
394.834866, -342.454249, 11920.580153, 115
379.168110, -293.202445, 11936.972934, 116
392.587603, -297.180557, 11953.990574, 117
388.806562, -351.071827, 11948.453266, 118
392.674791, -311.498565, 11956.433161, 119
381.753369, -341.063642, 11941.439304, 120
413.506732, -318.349166, 11896.067261, 121
416.197403, -286.511392, 11892.401624, 122
420.715615, -350.538390, 11955.601271, 123
387.170585, -335.499044, 11950.177794, 124
376.310918, -301.051652, 11891.058437, 125
407.270723, -350.990790, 11949.918089, 126
385.901805, -318.790804, 11936.076898, 127
