x coord, y coord, z coord, scalar
217.495569, -154.364594, 3363.450261, 0
207.945991, -148.516079, 3380.170851, 1
220.279095, -160.144361, 3385.885412, 2
252.805253, -123.397259, 3357.114469, 3
213.767649, -116.718429, 3342.065204, 4
238.573461, -123.647965, 3377.727766, 5
203.490305, -136.527471, 3391.949362, 6
256.170094, -147.266316, 3403.811702, 7
257.429713, -127.169421, 3393.491673, 8
264.619761, -157.381702, 3348.582888, 9
231.561400, -137.459411, 3379.007883, 10
255.754648, -127.086610, 3346.563632, 11
227.948555, -173.099588, 3371.209106, 12
205.855766, -117.867546, 3363.883434, 13
223.711800, -170.392627, 3363.235486, 14
226.518706, -129.392438, 3355.658924, 15
264.988082, -123.475420, 3403.922597, 16
248.959033, -133.598056, 3372.726967, 17
244.792341, -142.461061, 3361.628361, 18
230.306166, -144.134269, 3389.040303, 19
239.630307, -178.865437, 3367.649226, 20
210.661314, -120.683997, 3356.633731, 21
217.966487, -159.028056, 3368.322847, 22
249.917806, -150.745616, 3366.528049, 23
205.823461, -124.606933, 3380.926353, 24
229.801104, -164.381016, 3367.603753, 25
246.202021, -165.685642, 3360.200335, 26
242.146442, -183.019321, 3342.673637, 27
206.895736, -135.800137, 3385.003329, 28
229.266010, -171.787091, 3356.939895, 29
210.325824, -129.729956, 3362.865082, 30
238.716796, -116.641915, 3358.252456, 31
256.092223, -164.968110, 3384.015135, 32
216.439192, -181.342969, 3349.340352, 33
243.709166, -173.092788, 3340.804519, 34
216.657621, -140.864831, 3361.213239, 35
245.004102, -160.955602, 3380.318951, 36
265.946361, -116.382308, 3382.090522, 37
200.642123, -175.779318, 3362.361069, 38
246.386966, -144.086596, 3375.364351, 39
264.068854, -131.333978, 3361.705815, 40
218.956386, -158.909877, 3361.133822, 41
237.950453, -169.110421, 3380.957290, 42
213.987691, -150.243751, 3384.403666, 43
224.069624, -172.827915, 3396.103737, 44
225.615875, -153.743586, 3371.304996, 45
247.571654, -175.032144, 3395.144469, 46
219.912839, -175.378460, 3394.833556, 47
262.744857, -172.309571, 3403.844421, 48
217.128257, -123.495824, 3375.828480, 49
253.234503, -125.719712, 3360.565704, 50
206.962340, -173.055949, 3386.446638, 51
228.839025, -132.678711, 3402.127728, 52
201.818555, -116.264282, 3367.953317, 53
246.965146, -158.487368, 3379.915822, 54
235.090105, -130.444611, 3342.243355, 55
198.421256, -149.165610, 3352.001696, 56
254.306942, -126.825957, 3361.413994, 57
241.161952, -130.373813, 3373.894819, 58
237.028078, -179.538297, 3366.470099, 59
204.878876, -123.877007, 3356.821526, 60
226.186166, -183.207327, 3368.556068, 61
204.654736, -151.941568, 3351.948233, 62
198.803473, -147.696262, 3351.755142, 63
227.498238, -167.023867, 3378.057566, 64
199.436490, -129.506928, 3363.684970, 65
202.421601, -128.658893, 3399.310586, 66
215.165335, -140.644524, 3388.556425, 67
237.320684, -165.775561, 3374.251811, 68
203.237941, -126.320582, 3379.504793, 69
230.449818, -119.014991, 3371.698740, 70
248.013023, -159.121543, 3373.281765, 71
208.591380, -152.039926, 3406.132462, 72
221.281614, -150.809665, 3374.498783, 73
233.778627, -120.884590, 3392.272933, 74
203.859391, -119.021313, 3378.836774, 75
228.286057, -182.892474, 3366.248688, 76
219.618263, -165.300580, 3341.675002, 77
200.195607, -125.553049, 3360.690179, 78
235.189700, -119.888396, 3350.440662, 79
206.716576, -155.731304, 3347.496546, 80
239.156968, -174.011015, 3373.165687, 81
204.461174, -162.992788, 3405.917420, 82
202.614386, -139.284410, 3371.177404, 83
237.861757, -171.798613, 3366.363963, 84
222.156443, -165.512452, 3363.413128, 85
261.734793, -134.799611, 3365.312187, 86
220.005701, -181.474021, 3384.802319, 87
222.422535, -178.851665, 3375.319968, 88
243.854519, -141.235262, 3371.502378, 89
255.036864, -132.091881, 3400.562508, 90
263.275297, -159.227559, 3342.622193, 91
228.463342, -152.339604, 3364.418210, 92
226.401972, -147.298449, 3341.206265, 93
258.321409, -175.729374, 3354.198504, 94
216.707894, -151.145971, 3373.472383, 95
240.863585, -155.704046, 3354.747660, 96
198.197912, -133.271471, 3358.064454, 97
243.741636, -177.141620, 3364.003379, 98
211.083986, -130.860319, 3407.559677, 99
243.328459, -142.116286, 3391.538741, 100
235.912643, -145.133614, 3348.381265, 101
239.276397, -182.962984, 3380.832697, 102
264.437961, -154.134235, 3349.605224, 103
197.666617, -162.105484, 3358.666179, 104
212.606872, -142.970671, 3392.312919, 105
246.824946, -168.399975, 3352.677765, 106
262.314651, -167.775311, 3404.197374, 107
212.401426, -121.606854, 3343.126406, 108
237.146495, -176.815637, 3397.057251, 109
236.727587, -131.060453, 3371.011178, 110
220.287754, -161.440489, 3341.948790, 111
229.411001, -119.737286, 3343.776573, 112
202.265750, -121.592005, 3374.432983, 113
212.612603, -121.498610, 3397.118505, 114
232.020548, -175.184610, 3370.217894, 115
216.353682, -125.932838, 3386.609100, 116
229.773199, -129.910920, 3403.625030, 117
225.992237, -183.802201, 3398.088824, 118
229.860399, -144.228914, 3406.065153, 119
218.939090, -173.794036, 3391.074547, 120
250.692370, -151.079531, 3345.704400, 121
253.383034, -119.241763, 3342.038354, 122
257.901264, -183.268755, 3405.237195, 123
224.356298, -168.229417, 3399.810784, 124
213.496549, -133.782033, 3340.695640, 125
244.456384, -183.721153, 3399.553882, 126
223.087420, -151.521196, 3385.713673, 127
