x coord, y coord, z coord, scalar
86.179463, -32.902479, 383.545856, 0
76.629856, -27.054073, 400.265984, 1
88.963402, -38.682349, 405.979281, 2
121.489129, -1.935120, 377.208729, 3
82.451526, 4.743700, 362.159473, 4
107.257316, -2.185819, 397.822022, 5
72.174159, -15.065384, 412.043105, 6
124.853975, -25.804164, 423.905485, 7
126.113586, -5.707274, 413.585653, 8
133.303647, -35.919562, 368.677132, 9
100.245192, -15.997229, 399.102971, 10
124.438528, -5.624473, 366.657881, 11
96.632481, -51.637445, 391.303837, 12
74.539636, 3.594577, 383.977722, 13
92.395711, -48.930494, 383.330306, 14
95.202575, -7.930305, 375.753474, 15
133.671960, -2.013279, 424.016561, 16
117.642900, -12.135902, 392.821311, 17
113.476216, -20.998910, 381.722962, 18
98.989833, -22.671942, 409.132153, 19
108.314211, -57.403293, 387.743601, 20
79.345186, 0.778129, 376.728082, 21
86.650408, -37.565948, 388.418870, 22
118.601688, -29.283458, 386.622568, 23
74.507318, -3.144821, 401.020538, 24
98.485025, -42.918864, 387.699051, 25
114.885915, -44.223495, 380.294820, 26
110.830333, -61.557186, 362.767903, 27
75.579573, -14.338058, 405.097446, 28
97.949911, -50.324955, 377.034496, 29
79.009689, -8.267837, 382.959639, 30
107.400668, 4.820221, 378.346744, 31
124.776118, -43.505952, 404.109231, 32
85.123086, -59.880839, 369.434704, 33
112.393055, -51.630652, 360.898826, 34
85.341487, -19.402712, 381.308309, 35
113.688008, -39.493416, 400.413328, 36
134.630237, 5.079832, 402.184604, 37
69.326022, -54.317198, 382.455433, 38
115.070834, -22.624421, 395.458886, 39
132.752732, -9.871836, 381.800028, 40
87.640286, -37.447754, 381.229077, 41
106.634385, -47.648246, 401.051666, 42
82.671534, -28.782033, 404.499123, 43
92.753566, -51.365779, 416.197140, 44
94.299783, -32.281426, 391.402846, 45
116.255557, -53.569992, 415.238350, 46
88.596774, -53.916334, 414.927165, 47
131.428748, -50.847427, 423.938348, 48
85.812106, -2.033702, 395.922847, 49
121.918378, -4.257571, 380.659975, 50
75.646266, -51.593846, 406.540670, 51
97.522869, -11.216570, 422.220964, 52
70.502426, 5.197840, 388.047549, 53
115.649043, -37.025185, 400.010182, 54
103.773983, -8.982477, 362.337719, 55
67.105140, -27.703491, 372.096152, 56
122.990818, -5.363815, 381.508262, 57
109.845808, -8.911659, 393.989248, 58
105.711983, -58.076155, 386.564493, 59
73.562749, -2.414884, 376.915880, 60
94.870075, -61.745192, 388.650441, 61
73.338621, -30.479449, 372.042802, 62
67.487357, -26.234143, 371.849599, 63
96.182220, -45.561704, 398.152777, 64
68.120362, -8.044812, 383.779348, 65
71.105465, -7.196782, 419.404348, 66
83.849073, -19.182509, 408.649560, 67
106.004608, -44.313387, 394.346659, 68
71.921800, -4.858473, 399.599009, 69
99.133677, 2.447145, 391.793057, 70
116.696918, -37.659374, 393.376269, 71
77.275268, -30.577828, 426.225420, 72
89.965483, -29.347579, 394.599327, 73
102.462481, 0.577551, 412.366844, 74
72.543256, 2.440805, 398.930942, 75
96.969964, -61.430338, 386.343072, 76
88.302152, -43.838450, 361.769444, 77
68.879480, -4.090929, 380.784517, 78
103.873575, 1.573738, 370.534983, 79
75.400463, -34.269181, 367.591055, 80
107.840881, -52.548862, 393.260133, 81
73.145075, -41.530682, 426.010833, 82
71.298252, -17.822314, 391.272036, 83
106.545664, -50.336464, 386.458545, 84
90.840355, -44.050322, 383.508231, 85
130.418671, -13.337467, 385.406421, 86
88.689625, -60.011893, 404.896411, 87
91.106459, -57.389533, 395.414386, 88
112.538383, -19.773094, 391.597045, 89
123.720737, -10.629732, 420.656378, 90
131.959183, -37.765421, 362.716432, 91
97.147228, -30.877455, 384.513982, 92
95.085855, -25.836317, 361.300749, 93
127.005299, -54.267234, 374.292747, 94
85.391777, -29.683927, 393.570405, 95
109.547472, -34.241901, 374.842291, 96
66.881787, -11.809353, 378.158849, 97
112.425535, -55.679476, 384.097745, 98
79.767849, -9.398202, 427.653194, 99
112.012314, -20.654097, 411.632401, 100
104.596524, -23.671476, 368.475826, 101
107.960306, -61.500839, 400.926853, 102
133.121846, -32.672094, 369.699474, 103
66.350509, -40.643369, 378.760643, 104
81.290670, -21.508654, 412.405336, 105
115.508837, -46.937834, 372.772158, 106
130.998541, -46.313165, 424.291280, 107
81.085303, -0.144726, 363.220712, 108
105.830409, -55.353488, 417.150994, 109
105.411439, -9.598302, 391.105774, 110
88.971642, -39.978359, 362.043264, 111
98.094878, 1.724846, 363.870877, 112
70.949615, -0.129889, 394.527220, 113
81.296460, -0.036490, 417.212317, 114
100.704465, -53.722465, 390.312463, 115
85.037517, -4.470722, 406.703124, 116
98.457050, -8.448780, 423.718460, 117
94.676149, -62.340067, 418.182636, 118
98.544260, -22.766763, 426.157727, 119
87.623039, -52.331914, 411.168250, 120
119.376254, -29.617392, 365.798761, 121
122.066914, 2.220372, 362.132572, 122
126.585157, -61.806614, 425.331134, 123
93.040240, -46.767279, 419.903706, 124
82.180428, -12.319905, 360.790024, 125
113.140285, -62.259010, 419.647776, 126
91.771288, -30.059077, 405.807908, 127
