x coord, y coord, z coord, scalar
175.896572, -104.661812, 2081.826292, 0
166.346979, -98.813336, 2098.546683, 1
178.680246, -110.441633, 2104.260699, 2
211.206251, -73.694468, 2075.489925, 3
172.168647, -67.015641, 2060.440664, 4
196.974451, -73.945171, 2096.103220, 5
161.891293, -86.824699, 2110.324595, 6
214.571094, -97.563521, 2122.186952, 7
215.830710, -77.466627, 2111.867008, 8
223.020762, -107.678911, 2066.958337, 9
189.962368, -87.756601, 2097.383696, 10
214.155647, -77.383820, 2064.939083, 11
186.349571, -123.396798, 2089.584765, 12
164.256761, -68.164761, 2082.258902, 13
182.112810, -120.689840, 2081.611183, 14
184.919701, -79.689649, 2074.034505, 15
223.389080, -73.772628, 2122.297925, 16
207.360028, -83.895260, 2091.102459, 17
203.193338, -92.758266, 2080.003964, 18
188.707094, -94.431402, 2107.414720, 19
198.031315, -129.162646, 2086.024732, 20
169.062310, -70.981211, 2075.009226, 21
176.367500, -109.325279, 2086.699063, 22
208.318806, -101.042818, 2084.903616, 23
164.224451, -74.904151, 2099.301777, 24
188.202118, -114.678222, 2085.979656, 25
204.603025, -115.982849, 2078.575888, 26
200.547445, -133.316532, 2061.049096, 27
165.296717, -86.097367, 2103.378723, 28
187.667017, -122.084302, 2075.315497, 29
168.726817, -80.027172, 2081.240666, 30
197.117792, -66.939125, 2076.627924, 31
214.493228, -115.265313, 2102.390520, 32
174.840196, -131.640182, 2067.715847, 33
202.110168, -123.389999, 2059.179995, 34
175.058614, -91.162048, 2079.589044, 35
203.405113, -111.252795, 2098.694457, 36
224.347359, -66.679517, 2100.465901, 37
159.043129, -126.076535, 2080.736570, 38
204.787962, -94.383792, 2093.739925, 39
222.469852, -81.631186, 2080.081250, 40
177.357392, -109.207093, 2079.509706, 41
196.351473, -119.407619, 2099.332796, 42
172.388661, -100.541114, 2102.779638, 43
182.470646, -123.125128, 2114.478824, 44
184.016885, -104.040788, 2089.681999, 45
205.972662, -125.329349, 2113.519761, 46
178.313858, -125.675676, 2113.208732, 47
221.145860, -122.606779, 2122.219733, 48
175.529244, -73.793038, 2094.203982, 49
211.635500, -76.016921, 2078.941165, 50
165.363354, -123.353173, 2104.821995, 51
187.240011, -82.975918, 2120.502742, 52
160.219550, -66.561497, 2086.328761, 53
205.366153, -108.784562, 2098.291321, 54
193.491103, -80.741822, 2060.618856, 55
156.822256, -99.462827, 2070.377236, 56
212.707940, -77.123165, 2079.789453, 57
199.562942, -80.671016, 2092.270348, 58
195.429086, -129.835506, 2084.845613, 59
163.279872, -74.174222, 2075.197022, 60
184.587176, -133.504539, 2086.931573, 61
163.055736, -102.238785, 2070.323822, 62
157.204473, -97.993478, 2070.130683, 63
185.899275, -117.321071, 2096.433432, 64
157.837485, -79.804146, 2082.060477, 65
160.822593, -78.956112, 2117.685827, 66
173.566277, -90.941774, 2106.931396, 67
195.721700, -116.072759, 2092.627520, 68
161.638931, -76.617802, 2097.880230, 69
188.850809, -69.312201, 2090.074220, 70
206.414029, -109.418742, 2091.657326, 71
166.992381, -102.337151, 2124.507356, 72
179.682607, -101.106893, 2092.876947, 73
192.179617, -71.181798, 2110.648239, 74
162.260384, -69.318529, 2097.212190, 75
186.687066, -133.189685, 2084.624197, 76
178.019265, -115.597793, 2060.050536, 77
158.596603, -75.850265, 2079.065668, 78
193.590697, -70.185607, 2068.816144, 79
165.117577, -106.028519, 2065.872109, 80
197.557980, -124.308220, 2091.541223, 81
162.862180, -113.290010, 2124.292511, 82
161.015378, -89.581635, 2089.553020, 83
196.262766, -122.095820, 2084.739558, 84
180.557454, -115.809666, 2081.788947, 85
220.135792, -85.096819, 2083.687632, 86
178.406716, -131.771236, 2103.177702, 87
180.823550, -129.148878, 2093.695492, 88
202.255513, -91.532460, 2089.878009, 89
213.437861, -82.389086, 2118.937796, 90
221.676299, -109.524769, 2060.997639, 91
186.864344, -102.636810, 2082.794318, 92
184.802972, -97.595661, 2059.581817, 93
216.722412, -126.026583, 2072.573952, 94
175.108891, -101.443215, 2091.849460, 95
199.264587, -106.001253, 2073.123276, 96
156.598908, -83.568688, 2076.439968, 97
202.142642, -127.438828, 2082.378880, 98
169.484978, -81.157536, 2125.934813, 99
201.729451, -92.413476, 2109.913938, 100
194.313642, -95.430824, 2066.756851, 101
197.677407, -133.260192, 2099.208108, 102
222.838962, -104.431444, 2067.980676, 103
156.067620, -112.402703, 2077.041723, 104
171.007837, -93.267922, 2110.687581, 105
205.225949, -118.697184, 2071.053278, 106
220.715654, -118.072518, 2122.572678, 107
170.802424, -71.904068, 2061.501881, 108
195.547507, -127.112844, 2115.432484, 109
195.128576, -81.357657, 2089.386779, 110
178.688756, -111.737702, 2060.324339, 111
187.811999, -70.034498, 2062.152048, 112
160.666743, -71.889222, 2092.808429, 113
171.013593, -71.795825, 2115.493768, 114
190.421561, -125.481819, 2088.593483, 115
174.754664, -76.230054, 2104.984454, 116
188.174187, -80.208128, 2122.000129, 117
184.393247, -134.099414, 2116.464086, 118
188.261392, -94.526118, 2124.439882, 119
177.340114, -124.091254, 2109.449763, 120
209.093371, -101.376741, 2064.079900, 121
211.784033, -69.538974, 2060.413792, 122
216.302268, -133.565964, 2123.612512, 123
182.757320, -118.526629, 2118.185663, 124
171.897547, -84.079246, 2059.071149, 125
202.857391, -134.018362, 2117.929180, 126
181.488414, -101.818412, 2104.089118, 127
