x coord, y coord, z coord, scalar
475.668613, -425.523292, 20090.343406, 0
466.119111, -419.674551, 20107.066603, 1
478.451278, -431.302782, 20112.788299, 2
510.978331, -394.556012, 20084.015146, 3
471.940724, -387.877159, 20068.965832, 4
496.746580, -394.806734, 20104.628469, 5
461.663438, -407.686116, 20118.852962, 6
514.343159, -418.425097, 20130.715076, 7
515.602797, -398.328189, 20120.393933, 8
522.792819, -428.540453, 20075.483658, 9
489.734651, -408.618267, 20105.903892, 10
513.927719, -398.245358, 20073.464375, 11
486.121526, -444.258339, 20098.107126, 12
464.028858, -389.026265, 20090.783957, 13
481.884803, -441.551362, 20090.133003, 14
484.691798, -400.551178, 20082.557966, 15
523.161156, -394.634175, 20130.824949, 16
507.132127, -404.756841, 20099.627171, 17
502.965418, -413.619839, 20088.527114, 18
488.479657, -415.293448, 20115.954589, 19
497.803324, -450.024195, 20094.549257, 20
468.834403, -391.842720, 20083.533892, 21
476.139472, -430.186736, 20095.213575, 22
508.090866, -421.904407, 20093.427264, 23
463.996584, -395.765629, 20107.827455, 24
487.974084, -435.539788, 20094.498577, 25
504.375059, -436.844410, 20087.099742, 26
500.319490, -454.178062, 20069.574282, 27
465.068904, -406.958765, 20111.904817, 28
487.439037, -442.945835, 20083.838649, 29
468.498928, -400.888666, 20089.764088, 30
496.889882, -387.800661, 20085.152974, 31
514.265260, -436.126899, 20110.916738, 32
474.612231, -452.501697, 20076.240508, 33
501.882216, -444.251531, 20067.704927, 34
474.830722, -412.023542, 20088.109354, 35
503.177110, -432.114449, 20107.218965, 36
524.119436, -387.541062, 20108.992203, 37
458.815157, -446.938025, 20089.261162, 38
504.560054, -415.245426, 20102.263482, 39
522.241925, -402.492735, 20088.606758, 40
477.129415, -430.068592, 20088.028887, 41
496.123408, -440.269239, 20107.857318, 42
472.160898, -421.401616, 20111.297580, 43
482.242562, -443.986651, 20123.009254, 44
483.788881, -424.902378, 20098.185424, 45
505.744672, -446.190919, 20122.047287, 46
478.085792, -446.537177, 20121.737909, 47
520.917903, -443.468331, 20130.746978, 48
475.301396, -394.654543, 20102.728559, 49
511.407582, -396.878469, 20087.466322, 50
465.135317, -444.214617, 20113.348602, 51
487.012171, -403.837474, 20129.034186, 52
459.991646, -387.422998, 20094.854152, 53
505.138171, -429.646211, 20106.815932, 54
493.263179, -401.603353, 20069.143448, 55
456.594320, -420.324318, 20078.901271, 56
512.480021, -397.984715, 20088.314624, 57
499.335069, -401.532598, 20100.794548, 58
495.201095, -450.697051, 20093.370019, 59
463.051962, -395.035725, 20083.721672, 60
484.359175, -454.366064, 20095.456111, 61
462.827796, -423.100277, 20078.847166, 62
456.976539, -418.854970, 20078.654713, 63
485.671088, -438.182654, 20104.952879, 64
457.609580, -400.665633, 20090.584986, 65
460.594709, -399.817586, 20126.214075, 66
473.338722, -411.803033, 20115.463457, 67
495.493654, -436.934380, 20101.149172, 68
461.411058, -397.479274, 20106.405720, 69
488.622931, -390.173738, 20098.599101, 70
506.186058, -430.280355, 20100.181068, 71
466.764440, -423.198589, 20133.040482, 72
479.454714, -421.968306, 20101.364049, 73
491.951752, -392.043348, 20119.175585, 74
462.032497, -390.180022, 20105.737973, 75
486.459071, -454.051214, 20093.148668, 76
477.791313, -436.459311, 20068.574652, 77
458.368694, -396.711761, 20087.590419, 78
493.362781, -391.047138, 20077.340996, 79
464.889633, -426.890020, 20074.395812, 80
497.329966, -445.169791, 20100.065314, 81
462.634203, -434.151467, 20132.822875, 82
460.787491, -410.443073, 20098.075986, 83
496.034768, -442.957381, 20093.262827, 84
480.329445, -436.671181, 20090.309054, 85
519.907866, -405.958374, 20092.213015, 86
478.178678, -452.632744, 20111.703939, 87
480.595512, -450.010394, 20102.219754, 88
502.027616, -412.394076, 20098.400764, 89
513.209946, -403.250653, 20127.465384, 90
521.448355, -430.386307, 20069.522990, 91
486.636395, -423.498377, 20091.310363, 92
484.575037, -418.457186, 20068.105674, 93
516.494457, -446.888125, 20081.099275, 94
474.880971, -422.304520, 20100.351845, 95
499.036638, -426.862808, 20081.646244, 96
456.370993, -404.430179, 20084.964372, 97
501.914664, -448.300379, 20090.903459, 98
469.257094, -402.019027, 20134.464550, 99
501.501575, -413.275148, 20118.442801, 100
494.085711, -416.292363, 20075.280244, 101
497.449404, -454.121743, 20107.733966, 102
522.611020, -425.292987, 20076.505963, 103
455.839665, -433.264184, 20085.565703, 104
470.780131, -414.129174, 20119.223998, 105
504.997991, -439.558730, 20079.577691, 106
520.487698, -438.934074, 20131.100050, 107
470.574502, -392.765583, 20070.026826, 108
495.319490, -447.974405, 20123.960849, 109
494.900713, -402.219233, 20097.909958, 110
478.460806, -432.599220, 20068.848260, 111
487.584078, -390.896023, 20070.677002, 112
460.438852, -392.750712, 20101.333790, 113
470.785724, -392.657324, 20124.021710, 114
490.193538, -446.343368, 20097.116825, 115
474.526849, -397.091547, 20113.511113, 116
487.946328, -401.069677, 20130.530391, 117
484.165238, -454.960939, 20124.992030, 118
488.033506, -415.387694, 20132.975338, 119
477.112016, -444.952741, 20117.978368, 120
508.865430, -422.238284, 20072.604511, 121
511.556105, -390.400507, 20068.939265, 122
516.074306, -454.427508, 20132.139683, 123
482.529237, -439.388156, 20126.719016, 124
471.669621, -404.940761, 20067.595624, 125
502.629408, -454.879909, 20126.456627, 126
481.260517, -422.679907, 20112.614495, 127
