x coord, y coord, z coord, scalar
435.345166, -364.246056, 15931.417616, 0
425.795641, -358.397357, 15948.140165, 1
438.127993, -370.025628, 15953.860085, 2
470.654878, -333.278763, 15925.087482, 3
431.617271, -326.599915, 15910.038180, 4
456.423120, -333.529481, 15945.700799, 5
421.339971, -346.408887, 15959.924571, 6
474.019710, -357.147843, 15971.786741, 7
475.279344, -337.050937, 15961.465875, 8
482.469370, -367.263206, 15916.555971, 9
449.411167, -347.340992, 15946.977390, 10
473.604267, -336.968111, 15914.536695, 11
445.798094, -382.981094, 15939.180123, 12
423.705401, -327.749023, 15931.856332, 13
441.561365, -380.274119, 15931.206126, 14
444.368342, -339.273931, 15923.630709, 15
482.837704, -333.356926, 15971.896868, 16
466.808672, -343.479586, 15940.699625, 17
462.641966, -352.342585, 15929.599929, 18
448.156136, -354.016101, 15957.023538, 19
457.479884, -388.746948, 15935.621754, 20
428.510947, -330.565477, 15924.606357, 21
435.816036, -368.909505, 15936.288387, 22
467.767418, -360.627151, 15934.499965, 23
423.673121, -334.488390, 15948.899685, 24
447.650652, -374.262539, 15935.572370, 25
464.051615, -375.567159, 15928.172395, 26
459.996043, -392.900817, 15910.646626, 27
424.745429, -345.681539, 15952.976952, 28
447.115594, -381.668590, 15924.911464, 29
428.175469, -339.611425, 15930.836840, 30
456.566427, -326.523413, 15926.225350, 31
473.941817, -374.849644, 15951.988844, 32
434.288785, -391.224454, 15917.312973, 33
461.558768, -382.974286, 15908.777330, 34
434.507263, -350.746301, 15929.182825, 35
462.853675, -370.837184, 15948.291466, 36
483.795984, -326.263813, 15950.064290, 37
418.491712, -385.660787, 15930.333644, 38
464.236602, -353.968162, 15943.336203, 39
481.918474, -341.215485, 15929.679028, 40
436.805971, -368.791352, 15929.102620, 41
455.799982, -378.991981, 15948.929815, 42
431.837391, -360.124540, 15952.371601, 43
441.919137, -382.709410, 15964.080386, 44
443.465444, -363.625124, 15939.262797, 45
465.421232, -384.913668, 15963.119090, 46
437.762363, -385.259939, 15962.809331, 47
480.594457, -382.191082, 15971.818846, 48
434.977930, -333.377299, 15943.801044, 49
471.084129, -335.601220, 15928.538673, 50
424.811882, -382.937389, 15954.420618, 51
446.688705, -342.560221, 15970.105084, 52
419.668189, -326.145756, 15935.926449, 53
464.814732, -368.368946, 15947.888410, 54
452.939727, -340.326106, 15910.215930, 55
416.270869, -359.047079, 15919.973881, 56
472.156568, -336.707465, 15929.386972, 57
459.011610, -340.255342, 15941.867120, 58
454.877655, -389.419804, 15934.442544, 59
422.728507, -333.758483, 15924.794140, 60
444.035736, -393.088821, 15936.528605, 61
422.504346, -361.823038, 15919.919936, 62
416.653087, -357.577731, 15919.727325, 63
445.347682, -376.905406, 15946.026550, 64
417.286123, -339.388393, 15931.657487, 65
420.271249, -338.540348, 15967.285712, 66
433.015200, -350.525823, 15956.534211, 67
455.170225, -375.657121, 15942.222334, 68
421.087596, -336.202036, 15947.477994, 69
448.299471, -328.896490, 15939.671516, 70
465.862616, -369.003096, 15941.253746, 71
426.440989, -361.921359, 15974.110991, 72
439.131254, -360.691079, 15942.445190, 73
451.628290, -330.766097, 15960.247430, 74
421.709037, -328.902781, 15946.810179, 75
446.135631, -392.773970, 15934.221178, 76
437.467865, -375.182068, 15909.647244, 77
418.045238, -335.434520, 15928.662865, 78
453.039328, -329.769892, 15918.413418, 79
424.566183, -365.612779, 15915.468500, 80
457.006530, -383.892540, 15941.137912, 81
422.310758, -372.874234, 15973.894023, 82
420.464030, -349.165841, 15939.148843, 83
455.711329, -381.680132, 15934.335614, 84
440.006007, -375.393939, 15931.382572, 85
479.584414, -344.681124, 15933.285314, 86
437.855244, -391.355505, 15952.776040, 87
440.272079, -388.733153, 15943.292312, 88
461.704162, -351.116814, 15939.473671, 89
472.886493, -341.973400, 15968.537173, 90
481.124906, -369.109060, 15910.595296, 91
446.312948, -362.221125, 15932.384820, 92
444.251586, -357.179941, 15909.178325, 93
476.171010, -385.610878, 15922.171588, 94
434.557512, -361.027312, 15941.429459, 95
458.713191, -365.585559, 15922.719101, 96
416.047538, -343.152939, 15926.036897, 97
461.591221, -387.023130, 15931.975944, 98
428.933634, -340.741786, 15975.535842, 99
461.178118, -351.997877, 15959.514296, 100
453.762260, -355.015116, 15916.353003, 101
457.125966, -392.844496, 15948.806155, 102
482.287571, -364.015739, 15917.578284, 103
415.516217, -371.986947, 15926.638326, 104
430.456634, -352.851969, 15960.293746, 105
464.674545, -378.281482, 15920.650214, 106
480.164252, -377.656825, 15972.171889, 107
430.251049, -331.488339, 15911.099226, 108
454.996055, -386.697156, 15965.032458, 109
454.577251, -340.941978, 15938.982766, 110
438.137358, -371.321977, 15909.920897, 111
447.260625, -329.618778, 15911.749400, 112
420.115393, -331.473472, 15942.406094, 113
430.462262, -331.380082, 15965.093417, 114
449.870103, -385.066121, 15938.189596, 115
434.203377, -335.814304, 15954.583117, 116
447.622865, -339.792426, 15971.601562, 117
443.841800, -393.683696, 15966.063737, 118
447.710049, -354.110439, 15974.045309, 119
436.788592, -383.675507, 15959.049922, 120
468.541981, -360.961036, 15913.676988, 121
471.232654, -329.123260, 15910.011543, 122
475.750861, -393.150261, 15973.211569, 123
442.205812, -378.110915, 15967.789472, 124
431.346169, -343.663517, 15908.668132, 125
462.305966, -393.602662, 15967.528448, 126
440.937059, -361.402666, 15953.686795, 127
