x coord, y coord, z coord, scalar
267.424195, -198.064095, 5629.825886, 0
257.874627, -192.215539, 5646.546828, 1
270.207568, -203.843822, 5652.262354, 2
302.733885, -167.096769, 5623.491113, 3
263.696280, -160.417935, 5608.441841, 4
288.502100, -167.347477, 5644.104413, 5
253.418946, -180.226962, 5658.326402, 6
306.098724, -190.965831, 5670.188711, 7
307.358347, -170.868933, 5659.868531, 8
314.548390, -201.081212, 5614.959545, 9
281.490064, -181.158937, 5645.383896, 10
305.683279, -170.786119, 5612.940285, 11
277.877169, -216.799098, 5637.585391, 12
255.784400, -161.567050, 5630.260058, 13
273.640419, -214.092135, 5629.611702, 14
276.447340, -173.091946, 5622.035347, 15
314.916714, -167.174930, 5670.299467, 16
298.887668, -177.297572, 5639.103547, 17
294.720973, -186.160575, 5628.004744, 18
280.234874, -187.833849, 5655.418787, 19
289.558928, -222.564949, 5634.025783, 20
260.589948, -164.383501, 5623.010305, 21
267.895102, -202.727555, 5634.698145, 22
299.846435, -194.445133, 5632.904495, 23
255.752101, -168.306432, 5647.303055, 24
279.729719, -208.080530, 5633.979605, 25
296.130646, -209.385155, 5626.576808, 26
292.075069, -226.718829, 5609.050277, 27
256.824382, -179.499624, 5651.380083, 28
279.194633, -215.486600, 5623.316278, 29
260.254461, -173.429458, 5629.241500, 30
288.645429, -160.341424, 5624.629078, 31
306.020849, -208.667627, 5650.391904, 32
266.367817, -225.042475, 5615.716925, 33
293.637793, -216.792296, 5607.181126, 34
266.586257, -184.564334, 5627.589266, 35
294.932723, -204.655129, 5646.695505, 36
315.874992, -160.081818, 5648.467302, 37
250.570747, -219.478820, 5628.737634, 38
296.315600, -187.786119, 5641.740786, 39
313.997485, -175.033488, 5628.082495, 40
268.885009, -202.609381, 5627.509707, 41
287.879065, -212.809943, 5647.333846, 42
263.916336, -193.943105, 5650.779396, 43
273.998231, -216.527423, 5662.481036, 44
275.544495, -197.443103, 5637.678899, 45
297.500276, -218.731658, 5661.521403, 46
269.841449, -219.077965, 5661.210698, 47
312.673484, -216.009082, 5670.221319, 48
267.056900, -167.195327, 5642.205043, 49
303.163135, -169.419223, 5626.942340, 50
256.890954, -216.755445, 5652.823456, 51
278.767669, -176.378222, 5668.505154, 52
251.747189, -159.963785, 5634.329983, 53
296.893770, -202.186894, 5646.292389, 54
285.018736, -174.144119, 5608.619920, 55
248.349886, -192.865112, 5618.378191, 56
304.235575, -170.525468, 5627.790632, 57
291.090591, -174.073328, 5640.271335, 58
286.956700, -223.237807, 5632.846640, 59
254.807509, -167.576510, 5623.198098, 60
276.114786, -226.906835, 5634.932626, 61
254.583364, -195.641071, 5618.324641, 62
248.732103, -191.395764, 5618.131637, 63
277.426831, -210.723385, 5644.433484, 64
249.365124, -173.206430, 5630.061525, 65
252.350238, -172.358392, 5665.687610, 66
265.094019, -184.343989, 5654.933929, 67
287.249298, -209.475083, 5640.628007, 68
253.166579, -170.020081, 5645.881471, 69
280.378456, -162.714500, 5638.075341, 70
297.941649, -202.821064, 5639.658223, 71
258.520009, -195.739421, 5672.510099, 72
271.210249, -194.509155, 5640.870633, 73
283.707268, -164.584100, 5658.649844, 74
253.788028, -162.720815, 5645.213489, 75
278.214678, -226.591982, 5632.625237, 76
269.546890, -209.000087, 5608.051507, 77
250.124240, -169.252552, 5627.066764, 78
285.118333, -163.587904, 5616.817260, 79
256.645204, -199.430808, 5613.872999, 80
289.085587, -217.710530, 5639.542189, 81
254.389797, -206.692285, 5672.294711, 82
252.543022, -182.983904, 5637.553764, 83
287.790378, -215.498126, 5632.740362, 84
272.085062, -209.211959, 5629.789129, 85
311.663425, -178.499123, 5631.688851, 86
269.934315, -225.173527, 5651.179090, 87
272.351149, -222.551171, 5641.696492, 88
293.783155, -184.934782, 5637.878713, 89
304.965497, -175.791394, 5666.939449, 90
313.203926, -202.927068, 5608.998853, 91
278.391970, -196.039118, 5630.793701, 92
276.330602, -190.997956, 5607.582737, 93
308.250036, -219.428884, 5620.575160, 94
266.636524, -194.845445, 5639.846156, 95
290.792213, -199.403557, 5621.124021, 96
248.126544, -176.970973, 5624.440995, 97
293.670259, -220.841131, 5630.379942, 98
261.012623, -174.559821, 5673.936889, 99
293.257099, -185.815815, 5657.915843, 100
285.841273, -188.833124, 5614.757679, 101
289.205017, -226.662496, 5647.209421, 102
314.366590, -197.833745, 5615.981877, 103
247.595244, -205.804985, 5625.042667, 104
262.535533, -186.670135, 5658.690970, 105
296.753572, -212.099486, 5619.054308, 106
312.243278, -211.474823, 5670.574289, 107
262.330058, -165.306360, 5609.503015, 108
287.075113, -220.515150, 5663.434290, 109
286.656227, -174.759967, 5637.387566, 110
270.216381, -205.139996, 5608.325271, 111
279.339633, -163.436793, 5610.153184, 112
252.194386, -165.291507, 5640.809645, 113
262.541243, -165.198113, 5663.495491, 114
281.949165, -218.884122, 5636.594302, 115
266.282329, -169.632340, 5652.985925, 116
279.701840, -173.610430, 5670.002308, 117
275.920855, -227.501709, 5664.465810, 118
279.789037, -187.928428, 5672.443083, 119
268.867696, -217.493539, 5657.451617, 120
300.620999, -194.779041, 5612.080968, 121
303.311665, -162.941272, 5608.415029, 122
307.829890, -226.968265, 5671.614084, 123
274.284906, -211.928926, 5666.188450, 124
263.425180, -177.481539, 5607.072190, 125
294.385007, -227.420664, 5665.930805, 126
273.016055, -195.220698, 5652.090337, 127
