x coord, y coord, z coord, scalar
315.165219, -256.728469, 7918.323073, 0
305.615669, -250.879869, 7935.044372, 1
317.948420, -262.508133, 7940.760874, 2
350.474916, -225.761155, 7911.989330, 3
311.437311, -219.082316, 7896.940052, 4
336.243140, -226.011867, 7932.602634, 5
301.159989, -238.891326, 7946.825018, 6
353.839752, -249.630223, 7958.687296, 7
355.099378, -229.533322, 7948.366965, 8
362.289416, -259.745597, 7903.457775, 9
329.231129, -239.823346, 7933.881475, 10
353.424308, -229.450504, 7901.438512, 11
325.618178, -275.463483, 7926.083245, 12
303.525434, -220.231429, 7918.758254, 13
321.381435, -272.756516, 7918.109488, 14
324.188374, -231.756329, 7910.533340, 15
362.657744, -225.839316, 7958.797913, 16
346.628702, -235.961964, 7927.601700, 17
342.462003, -244.824966, 7916.502698, 18
327.975986, -246.498325, 7943.918865, 19
337.299947, -281.229335, 7922.523911, 20
308.330981, -223.047881, 7911.508452, 21
315.636115, -261.391925, 7923.195002, 22
347.587462, -253.109526, 7921.402513, 23
303.493141, -226.970807, 7935.801330, 24
327.470730, -266.744919, 7922.477022, 25
343.871669, -268.049544, 7915.074851, 26
339.816094, -285.383213, 7897.548490, 27
304.565433, -238.163985, 7939.878411, 28
326.935654, -274.150984, 7911.814233, 29
307.995497, -232.093836, 7917.739488, 30
336.386462, -219.005808, 7913.127274, 31
353.761871, -267.332020, 7938.890248, 32
314.108840, -283.706855, 7904.215071, 33
341.378818, -275.456680, 7895.679307, 34
314.327292, -243.228711, 7916.086859, 35
342.673739, -263.319534, 7935.193632, 36
363.616023, -218.746204, 7936.965656, 37
298.311769, -278.143196, 7917.235771, 38
344.056633, -246.450521, 7930.238791, 39
361.738514, -233.697875, 7916.580748, 40
316.626030, -261.273759, 7916.007157, 41
335.620070, -271.474341, 7935.831974, 42
311.657401, -252.607311, 7939.276689, 43
321.739234, -275.191805, 7950.979915, 44
323.285511, -256.107497, 7926.174347, 45
345.241295, -277.396048, 7950.019913, 46
317.582455, -277.742343, 7949.709417, 47
360.414508, -274.673469, 7958.719793, 48
314.797943, -225.859707, 7930.703179, 49
350.904166, -228.083610, 7915.440550, 50
304.631965, -275.419813, 7941.321849, 51
326.508714, -235.042611, 7957.004162, 52
299.488223, -218.628164, 7922.828222, 53
344.634789, -260.851298, 7934.790529, 54
332.759766, -232.808503, 7897.118057, 55
296.090914, -251.529489, 7906.876257, 56
351.976605, -229.189854, 7916.288843, 57
338.831630, -232.737721, 7928.769422, 58
334.697718, -281.902193, 7921.344754, 59
302.548542, -226.240889, 7911.696243, 60
323.855803, -285.571217, 7923.430756, 61
302.324392, -254.305448, 7906.822620, 62
296.473132, -250.060141, 7906.629702, 63
325.167815, -269.387776, 7932.930968, 64
297.106157, -231.870806, 7918.559652, 65
300.091275, -231.022766, 7954.186212, 66
312.835114, -243.008328, 7943.433015, 67
334.990306, -268.139482, 7929.125771, 68
300.907619, -228.684455, 7934.379722, 69
328.119494, -221.378885, 7926.573515, 70
345.682670, -261.485461, 7928.156252, 71
306.261037, -254.403788, 7961.009321, 72
318.951286, -253.173519, 7929.364006, 73
331.448308, -223.248488, 7947.148331, 74
301.529065, -221.385192, 7933.711777, 75
325.955696, -285.256365, 7921.123359, 76
317.287915, -267.664468, 7896.549584, 77
297.865273, -227.916930, 7915.564922, 78
332.859364, -222.252288, 7905.315430, 79
304.386231, -258.095186, 7902.371024, 80
336.826601, -276.374920, 7928.040263, 81
302.130818, -265.356656, 7960.793581, 82
300.284059, -241.648272, 7926.051695, 83
335.531395, -274.162515, 7921.238331, 84
319.826077, -267.876339, 7918.286697, 85
359.404454, -237.163511, 7920.187089, 86
317.675326, -283.837906, 7939.677436, 87
320.092160, -281.215552, 7930.194588, 88
341.524189, -243.599181, 7926.376617, 89
352.706528, -234.455784, 7955.437967, 90
360.944953, -261.591453, 7897.497086, 91
326.132996, -254.703508, 7919.290753, 92
324.071630, -249.662339, 7896.080781, 93
355.991061, -278.093269, 7909.073391, 94
314.377556, -253.509790, 7928.341472, 95
338.533239, -258.067945, 7909.621952, 96
295.867576, -235.635350, 7912.939109, 97
341.411280, -279.505518, 7918.878078, 98
308.753660, -233.224198, 7962.435680, 99
340.998137, -244.480223, 7946.414523, 100
333.582302, -247.497509, 7903.255664, 101
336.946033, -285.326882, 7935.707719, 102
362.107617, -256.498130, 7904.480102, 103
295.336269, -264.469360, 7913.540726, 104
310.276603, -245.334472, 7947.190609, 105
344.494597, -270.763872, 7907.552422, 106
359.984302, -270.139211, 7959.072780, 107
310.071088, -223.970741, 7898.001197, 108
334.816127, -279.179539, 7951.932907, 109
334.397268, -233.424359, 7925.885524, 110
317.957407, -263.804377, 7896.823324, 111
327.080664, -222.101176, 7898.651367, 112
299.935422, -223.955884, 7929.307880, 113
310.282282, -223.862491, 7951.994054, 114
329.690178, -277.548508, 7925.092280, 115
314.023378, -228.296717, 7941.484325, 116
327.442881, -232.274817, 7958.501166, 117
323.661871, -286.166092, 7952.964373, 118
327.530073, -246.592820, 7960.942600, 119
316.608696, -276.157914, 7945.950264, 120
348.362026, -253.443427, 7900.579107, 121
351.052695, -221.605656, 7896.913279, 122
355.570914, -285.632651, 7960.112549, 123
322.025909, -270.593308, 7954.687700, 124
311.166210, -236.145919, 7895.570313, 125
342.126026, -286.085050, 7954.429305, 126
320.757090, -253.885076, 7940.588574, 127
