x coord, y coord, z coord, scalar
248.096058, -197.255488, 4953.831462, 0
238.546495, -191.406942, 4970.552299, 1
250.879466, -203.035198, 4976.267537, 2
283.405745, -166.288162, 4947.496385, 3
244.368141, -159.609328, 4932.447115, 4
269.173959, -166.538871, 4968.109684, 5
234.090807, -179.418360, 4982.331556, 6
286.770583, -190.157223, 4994.193874, 7
288.030206, -170.060326, 4983.873739, 8
295.220250, -200.272604, 4938.964813, 9
262.161915, -180.350333, 4969.389356, 10
286.355139, -169.977512, 4936.945554, 11
258.549032, -215.990488, 4961.590770, 12
236.456261, -160.758444, 4954.265335, 13
254.312282, -213.283526, 4953.617102, 14
257.119200, -172.283339, 4946.040684, 15
295.588574, -166.366323, 4994.304671, 16
279.559527, -176.488964, 4963.108838, 17
275.392832, -185.351968, 4952.010094, 18
260.906708, -187.025242, 4979.423510, 19
270.230790, -221.756340, 4958.031080, 20
241.261809, -163.574895, 4947.015598, 21
248.566967, -201.918947, 4958.703818, 22
280.518294, -193.636524, 4956.909826, 23
236.423961, -167.497828, 4971.308309, 24
260.401581, -207.271919, 4957.985113, 25
276.802507, -208.576546, 4950.582131, 26
272.746930, -225.910222, 4933.055550, 27
237.496243, -178.691024, 4975.385322, 28
259.866495, -214.677992, 4947.321628, 29
240.926321, -172.620853, 4953.246839, 30
269.317289, -159.532817, 4948.634356, 31
286.692709, -207.859017, 4974.397138, 32
247.039679, -224.233867, 4939.722218, 33
274.309654, -215.983689, 4931.186409, 34
247.258117, -183.755729, 4951.594722, 35
275.604582, -203.846517, 4970.700803, 36
296.546852, -159.273211, 4972.472533, 37
231.242610, -218.670213, 4952.742929, 38
276.987458, -186.977510, 4965.746120, 39
294.669345, -174.224881, 4952.087756, 40
249.556872, -201.800773, 4951.515205, 41
268.550926, -212.001330, 4971.339144, 42
244.588220, -193.134529, 4974.784940, 43
254.670096, -215.718813, 4986.486112, 44
256.216356, -196.634493, 4961.684989, 45
278.172137, -217.923049, 4985.526588, 46
250.513314, -218.269355, 4985.215821, 47
293.345344, -215.200474, 4994.226515, 48
247.728759, -166.386723, 4966.210339, 49
283.834995, -168.610616, 4950.947615, 50
237.562819, -215.946838, 4976.828675, 51
259.439527, -175.569617, 4992.510192, 52
232.419050, -159.155179, 4958.335248, 53
277.565628, -201.378283, 4970.297684, 54
265.690597, -173.335512, 4932.625215, 55
229.021747, -192.056506, 4942.383507, 56
284.907434, -169.716860, 4951.795905, 57
271.762449, -173.264721, 4964.276645, 58
267.628562, -222.429199, 4956.851943, 59
235.479370, -166.767905, 4947.203391, 60
256.786649, -226.098226, 4958.937924, 61
235.255226, -194.832465, 4942.329983, 62
229.403965, -190.587158, 4942.136953, 63
258.098697, -209.914770, 4968.438972, 64
230.036985, -172.397825, 4954.066823, 65
233.022099, -171.549787, 4989.692769, 66
245.765876, -183.535399, 4978.938944, 67
267.921159, -208.666471, 4964.633412, 68
233.838440, -169.211477, 4969.886732, 69
261.050315, -161.905894, 4962.080626, 70
278.613508, -202.012453, 4963.663550, 71
239.191872, -194.930816, 4996.515074, 72
251.882112, -193.700552, 4964.877335, 73
264.379126, -163.775494, 4982.655036, 74
234.459888, -161.912210, 4969.218739, 75
258.886541, -225.783374, 4956.630537, 76
250.218751, -208.191480, 4932.056820, 77
230.796101, -168.443946, 4951.072054, 78
265.790193, -162.779298, 4940.822545, 79
237.317066, -198.622201, 4937.878328, 80
269.757448, -216.901920, 4963.547503, 81
235.061661, -205.883679, 4996.299789, 82
233.214884, -182.175301, 4961.559121, 83
268.462239, -214.689517, 4956.745707, 84
252.756925, -208.403350, 4953.794593, 85
292.335284, -177.690516, 4955.694117, 86
250.606179, -224.364918, 4975.184324, 87
253.023013, -221.742562, 4965.701800, 88
274.455012, -184.126174, 4961.884077, 89
285.637356, -174.982786, 4990.944632, 90
293.875787, -202.118460, 4933.004120, 91
259.063830, -195.230510, 4954.799317, 92
257.002463, -190.189349, 4931.588060, 93
288.921897, -218.620276, 4944.580428, 94
247.308391, -194.036844, 4963.852284, 95
271.464073, -198.594949, 4945.129377, 96
228.798405, -176.162368, 4948.446298, 97
274.342121, -220.032523, 4954.385238, 98
241.684484, -173.751216, 4997.941991, 99
273.928955, -185.007206, 4981.920978, 100
266.513134, -188.024516, 4938.763020, 101
269.876879, -225.853886, 4971.214669, 102
295.038451, -197.025137, 4939.987146, 103
228.267106, -204.996379, 4949.047985, 104
243.207395, -185.861542, 4982.695822, 105
277.425433, -211.290877, 4943.059610, 106
292.915138, -210.666215, 4994.579480, 107
243.001918, -164.497754, 4933.508297, 108
267.746975, -219.706540, 4987.439444, 109
267.328085, -173.951361, 4961.392914, 110
250.888243, -204.331388, 4932.330592, 111
260.011493, -162.628187, 4934.158465, 112
232.866246, -164.482902, 4964.814911, 113
243.213102, -164.389508, 4987.500660, 114
262.621027, -218.075512, 4960.599644, 115
246.954188, -168.823737, 4976.991143, 116
260.373698, -172.801825, 4994.007391, 117
256.592718, -226.693101, 4988.470979, 118
260.460895, -187.119821, 4996.447971, 119
249.539562, -216.684929, 4981.456761, 120
281.292860, -193.970434, 4936.086262, 121
283.983526, -162.132665, 4932.420292, 122
288.501751, -226.159657, 4995.619283, 123
254.956771, -211.120315, 4990.193417, 124
244.097041, -176.672932, 4931.077490, 125
275.056868, -226.612055, 4989.935993, 126
253.687916, -194.412093, 4976.095603, 127
