x coord, y coord, z coord, scalar
313.828626, -261.983274, 8479.945653, 0
304.279080, -256.134672, 8496.667040, 1
316.611821, -267.762920, 8502.383781, 2
349.138322, -231.015961, 8473.612163, 3
310.100717, -224.337121, 8458.562883, 4
334.906546, -231.266674, 8494.225468, 5
299.823397, -244.146132, 8508.447949, 6
352.503157, -254.885029, 8520.310220, 7
353.762784, -234.788129, 8509.989850, 8
360.952822, -265.000403, 8465.080611, 9
327.894535, -245.078156, 8495.504151, 10
352.087714, -234.705310, 8463.061347, 11
324.281582, -280.718287, 8487.705988, 12
302.188841, -225.486235, 8480.381081, 13
320.044840, -278.011321, 8479.732214, 14
322.851781, -237.011135, 8472.156118, 15
361.321149, -231.094122, 8520.420802, 16
345.292108, -241.216771, 8489.224517, 17
341.125409, -250.079773, 8478.125466, 18
326.639389, -251.753143, 8505.542154, 19
335.963352, -286.484140, 8484.146722, 20
306.994388, -228.302687, 8473.131268, 21
314.299521, -266.646728, 8484.817501, 22
346.250867, -258.364332, 8483.025296, 23
302.156549, -232.225613, 8497.424177, 24
326.134134, -271.999724, 8484.099658, 25
342.535074, -273.304349, 8476.697642, 26
338.479500, -290.638018, 8459.171322, 27
303.228842, -243.418792, 8501.501271, 28
325.599059, -279.405789, 8473.437001, 29
306.658904, -237.348642, 8479.362265, 30
335.049868, -224.260614, 8474.750101, 31
352.425276, -272.586825, 8500.513112, 32
312.772246, -288.961660, 8465.837886, 33
340.042224, -280.711486, 8457.302130, 34
312.990699, -248.483517, 8477.709539, 35
341.337143, -268.574340, 8496.816442, 36
362.279429, -224.001010, 8498.588523, 37
296.975176, -283.398001, 8478.858585, 38
342.720038, -251.705328, 8491.861572, 39
360.401920, -238.952681, 8478.203590, 40
315.289437, -266.528563, 8477.629801, 41
334.283473, -276.729146, 8497.454785, 42
310.320824, -257.862110, 8500.899295, 43
320.402639, -280.446608, 8512.602910, 44
321.948915, -261.362302, 8487.796500, 45
343.904699, -282.650853, 8511.642817, 46
316.245860, -282.997146, 8511.332373, 47
359.077913, -279.928275, 8520.342689, 48
313.461350, -231.114513, 8492.325991, 49
349.567572, -233.338416, 8477.063380, 50
303.295371, -280.674616, 8502.944725, 51
325.172120, -240.297418, 8518.627188, 52
298.151629, -223.882969, 8484.451060, 53
343.298193, -266.106104, 8496.413343, 54
331.423173, -238.063308, 8458.740871, 55
294.754321, -256.784294, 8468.499053, 56
350.640011, -234.444660, 8477.911674, 57
337.495036, -237.992528, 8490.392223, 58
333.361123, -287.156998, 8482.967561, 59
301.211949, -231.495695, 8473.319058, 60
322.519209, -290.826021, 8485.053568, 61
300.987799, -259.560253, 8468.445394, 62
295.136538, -255.314946, 8468.252498, 63
323.831218, -274.642579, 8494.553621, 64
295.769564, -237.125612, 8480.182462, 65
298.754683, -236.277572, 8515.809139, 66
311.498528, -248.263136, 8505.056061, 67
333.653710, -273.394286, 8490.748492, 68
299.571026, -233.939261, 8496.002563, 69
326.782900, -226.633691, 8488.196337, 70
344.346074, -266.740267, 8489.779039, 71
304.924444, -259.658593, 8522.632400, 72
317.614694, -258.428324, 8490.985649, 73
330.111714, -228.503294, 8508.771231, 74
300.192472, -226.639998, 8495.334628, 75
324.619102, -290.511170, 8482.746169, 76
315.951321, -272.919273, 8458.172382, 77
296.528680, -233.171735, 8477.187740, 78
331.522770, -227.507094, 8466.938251, 79
303.049637, -263.349991, 8463.993809, 80
335.490006, -281.629725, 8489.663060, 81
300.794225, -270.611460, 8522.416574, 82
298.947467, -246.903077, 8487.674457, 83
334.194800, -279.417320, 8482.861103, 84
318.489483, -273.131143, 8479.909370, 85
358.067860, -242.418317, 8481.809927, 86
316.338731, -289.092710, 8501.300301, 87
318.755565, -286.470356, 8491.817390, 88
340.187594, -248.853988, 8487.999373, 89
351.369934, -239.710590, 8517.060874, 90
359.608358, -266.846258, 8459.119923, 91
324.796401, -259.958313, 8480.913299, 92
322.735036, -254.917144, 8457.703571, 93
354.654466, -283.348075, 8470.696226, 94
313.040966, -258.764593, 8489.963592, 95
337.196644, -263.322751, 8471.244714, 96
294.530983, -240.890156, 8474.561916, 97
340.074685, -284.760323, 8480.500890, 98
307.417068, -238.479004, 8524.058653, 99
339.661541, -249.735031, 8508.037469, 100
332.245708, -252.752314, 8464.878440, 101
335.609439, -290.581687, 8497.330572, 102
360.771023, -261.752936, 8466.102937, 103
293.999675, -269.724165, 8475.163520, 104
308.940015, -250.589278, 8508.813791, 105
343.158002, -276.018677, 8469.175230, 106
358.647708, -275.394016, 8520.695679, 107
308.734495, -229.225547, 8459.624021, 108
333.479532, -284.434343, 8513.555837, 109
333.060674, -238.679166, 8487.508293, 110
316.620813, -269.059182, 8458.446116, 111
325.744070, -227.355982, 8460.274192, 112
298.598829, -229.210689, 8490.930717, 113
308.945690, -229.117297, 8513.616971, 114
328.353583, -282.803313, 8486.715054, 115
312.686786, -233.551524, 8503.107203, 116
326.106287, -237.529624, 8520.124156, 117
322.325276, -291.420896, 8514.587290, 118
326.193479, -251.847627, 8522.565752, 119
315.272101, -281.412717, 8507.573202, 120
347.025432, -258.698233, 8462.201921, 121
349.716101, -226.860461, 8458.536119, 122
354.234319, -290.887456, 8521.735443, 123
320.689313, -275.848111, 8516.310786, 124
309.829616, -241.400725, 8457.193122, 125
340.789432, -291.339855, 8516.052207, 126
319.420497, -259.139882, 8502.211412, 127
