x coord, y coord, z coord, scalar
182.939367, -132.182932, 2526.252792, 0
173.389787, -126.334442, 2542.973252, 1
185.722988, -137.962704, 2548.687457, 2
218.249046, -101.215593, 2519.916624, 3
179.211443, -94.536765, 2504.867362, 4
204.017249, -101.466298, 2540.529920, 5
168.934096, -114.345818, 2554.751372, 6
221.613887, -125.084647, 2566.613723, 7
222.873505, -104.987753, 2556.293750, 8
230.063556, -135.200035, 2511.385039, 9
197.005173, -115.277740, 2541.810272, 10
221.198442, -104.904945, 2509.365784, 11
193.392359, -150.917919, 2534.011394, 12
171.299558, -95.685884, 2526.685597, 13
189.155601, -148.210961, 2526.037799, 14
191.962498, -107.210774, 2518.461161, 15
230.431875, -101.293753, 2566.724669, 16
214.402823, -111.416387, 2535.529146, 17
210.236133, -120.279392, 2524.430612, 18
195.749905, -121.952571, 2551.841780, 19
205.074106, -156.683769, 2530.451414, 20
176.105107, -98.502334, 2519.435912, 21
183.410291, -136.846395, 2531.125499, 22
215.361599, -128.563946, 2529.330277, 23
171.267251, -102.425274, 2543.728488, 24
195.244906, -142.199345, 2530.406201, 25
211.645817, -143.503974, 2523.002554, 26
207.590239, -160.837655, 2505.475795, 27
172.339523, -113.618486, 2547.805444, 28
194.709809, -149.605425, 2519.742146, 29
175.769616, -107.548295, 2525.667321, 30
204.160588, -94.460250, 2521.054619, 31
221.536020, -142.786439, 2546.817244, 32
181.882989, -159.161304, 2512.142533, 33
209.152962, -150.911122, 2503.606687, 34
182.101413, -118.683170, 2524.015623, 35
210.447900, -138.773925, 2543.121139, 36
231.390154, -94.200642, 2544.892627, 37
166.085922, -153.597655, 2525.163254, 38
211.830756, -121.904923, 2538.166584, 39
229.512647, -109.152311, 2524.507957, 40
184.400185, -136.728213, 2523.936257, 41
203.394257, -146.928745, 2543.759478, 42
179.431495, -128.062178, 2547.206158, 43
189.513431, -150.646247, 2558.905651, 44
191.059674, -131.561914, 2534.108162, 45
213.015453, -152.850474, 2557.946518, 46
185.356645, -153.196795, 2557.635528, 47
228.188653, -150.127903, 2566.646482, 48
182.572045, -101.314163, 2538.630666, 49
218.678296, -103.538046, 2523.367863, 50
172.406145, -150.874289, 2549.248729, 51
194.282811, -110.497046, 2564.929595, 52
167.262348, -94.082620, 2530.755465, 53
212.408942, -136.305692, 2542.718006, 54
200.533899, -108.262946, 2505.045540, 55
163.865052, -126.983948, 2514.803907, 56
219.750735, -104.644290, 2524.216152, 57
206.605740, -108.192144, 2536.697022, 58
202.471877, -157.356629, 2529.272292, 59
170.322669, -101.695344, 2519.623708, 60
191.629967, -161.025660, 2531.358256, 61
170.098532, -129.759906, 2514.750476, 62
164.247269, -125.514600, 2514.557353, 63
192.942053, -144.842191, 2540.859989, 64
164.880283, -107.325268, 2526.487159, 65
167.865393, -106.477233, 2562.112601, 66
180.609103, -118.462891, 2551.358264, 67
202.764486, -143.593885, 2537.054132, 68
168.681732, -104.138924, 2542.306936, 69
195.893607, -96.833327, 2534.500911, 70
213.456819, -136.939870, 2536.083989, 71
174.035178, -129.858269, 2568.934250, 72
186.725408, -128.628011, 2537.302708, 73
199.222416, -98.702924, 2555.074990, 74
169.303183, -96.839652, 2541.638903, 75
193.729857, -160.710807, 2529.050878, 76
185.062059, -143.118916, 2504.477209, 77
165.639400, -103.371388, 2523.492356, 78
200.633493, -97.706731, 2513.242834, 79
172.160372, -133.549641, 2510.298771, 80
204.600769, -151.829344, 2535.967895, 81
169.904974, -140.811128, 2568.719337, 82
168.058179, -117.102754, 2533.979664, 83
203.305557, -149.616944, 2529.166209, 84
187.600244, -143.330787, 2526.215521, 85
227.178587, -112.617944, 2528.114335, 86
185.449505, -159.292356, 2547.604427, 87
187.866339, -156.669998, 2538.122168, 88
209.298308, -119.053590, 2534.304648, 89
220.480656, -109.910213, 2563.364553, 90
228.719093, -137.045892, 2505.424342, 91
193.907137, -130.157936, 2527.220791, 92
191.845767, -125.116784, 2504.008483, 93
223.765205, -153.547707, 2517.000654, 94
182.151693, -128.964325, 2536.275598, 95
206.307380, -133.522378, 2517.549920, 96
163.641706, -111.089810, 2520.866648, 97
209.185434, -154.959952, 2526.805564, 98
176.527777, -108.678658, 2570.361623, 99
208.772245, -119.934610, 2554.340728, 100
201.356437, -122.951948, 2511.183505, 101
204.720197, -160.781315, 2543.634823, 102
229.881756, -131.952568, 2512.407377, 103
163.110415, -139.923823, 2521.468392, 104
178.050654, -120.789035, 2555.114555, 105
212.268742, -146.218308, 2515.479958, 106
227.758447, -145.593643, 2566.999430, 107
177.845220, -99.425191, 2505.928574, 108
202.590296, -154.633967, 2559.859261, 109
202.171374, -108.878786, 2533.813428, 110
185.731550, -139.258825, 2504.751006, 111
194.854795, -97.555622, 2506.578741, 112
167.709542, -99.410345, 2537.235132, 113
178.056393, -99.316949, 2559.920534, 114
197.464350, -153.002941, 2533.020136, 115
181.797467, -103.751179, 2549.411189, 116
195.216986, -107.729255, 2566.426952, 117
191.436038, -161.620535, 2560.890853, 118
195.304188, -122.047246, 2568.866833, 119
184.382900, -151.612371, 2553.876546, 120
216.136165, -128.897865, 2508.506584, 121
218.826828, -97.060098, 2504.840497, 122
223.345061, -161.087088, 2568.039260, 123
189.800106, -146.047748, 2562.612563, 124
178.940343, -111.600369, 2503.497830, 125
209.900182, -161.539485, 2562.355934, 126
188.531213, -129.339535, 2548.515822, 127
