x coord, y coord, z coord, scalar
358.615622, -293.391847, 10919.409243, 0
349.066081, -287.543212, 10936.131010, 1
361.398691, -299.171478, 10941.848792, 2
393.925324, -262.424541, 10913.076852, 3
354.887718, -255.745698, 10898.027564, 4
379.693554, -262.675255, 10933.690160, 5
344.610404, -275.554695, 10947.913064, 6
397.290159, -286.293613, 10959.775302, 7
398.549788, -266.196711, 10949.454770, 8
405.739822, -296.408983, 10904.545313, 9
372.681564, -276.486745, 10934.968159, 10
396.874716, -266.113890, 10902.526045, 11
369.068570, -312.126870, 10927.170289, 12
346.975844, -256.894810, 10919.845748, 13
364.831832, -309.419900, 10919.196442, 14
367.638785, -268.419713, 10911.620568, 15
406.108151, -262.502703, 10959.885735, 16
390.079113, -272.625355, 10928.689136, 17
385.912412, -281.488356, 10917.589875, 18
371.426460, -283.161771, 10945.008827, 19
380.750346, -317.892723, 10923.611317, 20
351.781391, -259.711263, 10912.595881, 21
359.086509, -298.055301, 10924.280738, 22
391.037868, -289.772918, 10922.489772, 23
346.943556, -263.634184, 10936.888928, 24
370.921124, -303.408309, 10923.563493, 25
387.322072, -304.712932, 10916.162145, 26
383.266497, -322.046597, 10898.636005, 27
348.015853, -274.827352, 10940.966078, 28
370.386054, -310.814369, 10912.901409, 29
351.445909, -268.757215, 10918.826710, 30
379.836871, -255.669193, 10914.214767, 31
397.212273, -303.995411, 10939.977935, 32
357.559242, -320.370238, 10905.302499, 33
384.829222, -312.120065, 10896.766780, 34
357.777704, -279.892091, 10917.173562, 35
386.124138, -299.982934, 10936.281034, 36
407.066431, -255.409590, 10938.053358, 37
341.762171, -314.806576, 10918.323188, 38
387.507043, -283.113918, 10931.326035, 39
405.188921, -270.361262, 10917.668317, 40
360.076431, -297.937139, 10917.093671, 41
379.070460, -308.137738, 10936.919379, 42
355.107820, -289.270564, 10940.362997, 43
365.189621, -311.855189, 10952.068305, 44
366.735909, -292.770889, 10927.258236, 45
388.691694, -314.059438, 10951.107818, 46
361.032844, -314.405724, 10950.797598, 47
403.864912, -311.336857, 10959.807651, 48
358.248360, -262.523087, 10931.790593, 49
394.354575, -264.746996, 10916.528060, 50
348.082357, -312.083187, 10942.409601, 51
369.959132, -271.705997, 10958.092720, 52
342.938633, -255.291544, 10923.915771, 53
388.085190, -297.514698, 10935.877949, 54
376.210174, -269.471887, 10898.205474, 55
339.541320, -288.192868, 10907.963581, 56
395.427014, -265.853241, 10917.376356, 57
382.282044, -269.401111, 10929.856774, 58
378.148117, -318.565580, 10922.432140, 59
345.998951, -262.904270, 10912.783669, 60
367.306201, -322.234601, 10924.518164, 61
345.774798, -290.968827, 10907.909829, 62
339.923538, -286.723520, 10907.717025, 63
368.618189, -306.051170, 10934.017527, 64
340.556567, -268.534185, 10919.647054, 65
343.541688, -267.686143, 10955.274238, 66
356.285567, -279.671674, 10944.521676, 67
378.440699, -304.802878, 10930.212697, 68
344.358032, -265.347831, 10935.467289, 69
371.569907, -258.042269, 10927.660980, 70
389.133072, -298.148857, 10929.243527, 71
349.711441, -291.067161, 10962.098159, 72
362.401696, -289.836888, 10930.445173, 73
374.898723, -259.911874, 10948.236207, 74
344.979477, -258.048571, 10934.799392, 75
369.406095, -321.919750, 10922.210756, 76
360.738319, -304.327851, 10897.636921, 77
341.315682, -264.580309, 10916.652365, 78
376.309773, -258.915672, 10906.402890, 79
347.836636, -294.758567, 10903.458292, 80
380.276998, -313.038310, 10929.127596, 81
345.581219, -302.020031, 10961.881960, 82
343.734471, -278.311644, 10927.138840, 83
378.981793, -310.825904, 10922.325527, 84
363.276474, -304.539722, 10919.373365, 85
402.854862, -273.826899, 10921.274638, 86
361.125719, -320.501288, 10940.765127, 87
363.542553, -317.878935, 10931.281949, 88
384.974601, -280.262576, 10927.463727, 89
396.156938, -271.119172, 10956.525883, 90
404.395358, -298.254838, 10898.584629, 91
369.583401, -291.366897, 10920.376745, 92
367.522036, -286.325723, 10897.168075, 93
399.441464, -314.756655, 10910.160929, 94
357.827963, -290.173145, 10929.425187, 95
381.983643, -294.731333, 10910.709098, 96
339.317984, -272.298729, 10914.026494, 97
384.861681, -316.168905, 10919.965492, 98
352.204073, -269.887577, 10963.523954, 99
384.448552, -281.143625, 10947.502651, 100
377.032709, -284.160894, 10904.342881, 101
380.396431, -321.990270, 10936.795347, 102
405.558023, -293.161517, 10905.567635, 103
338.786672, -301.132738, 10914.628041, 104
353.727036, -281.997819, 10948.279997, 105
387.945000, -307.427258, 10908.639809, 106
403.434706, -306.802599, 10960.160660, 107
353.521496, -260.634123, 10899.088672, 108
378.266523, -315.842928, 10953.020952, 109
377.847684, -270.087749, 10926.972705, 110
361.407811, -300.467760, 10897.910629, 111
370.531072, -258.764560, 10899.738844, 112
343.385834, -260.619262, 10930.395424, 113
353.732697, -260.525871, 10953.082029, 114
373.140573, -314.211896, 10926.179488, 115
357.473800, -264.960096, 10942.572086, 116
370.893297, -268.938203, 10959.589527, 117
367.112267, -322.829476, 10954.052348, 118
370.980486, -283.256210, 10962.031828, 119
360.059081, -312.821294, 10947.038349, 120
391.812432, -290.106813, 10901.666527, 121
394.503102, -258.269040, 10898.000842, 122
399.021317, -322.296038, 10961.200396, 123
365.476296, -307.256693, 10955.776576, 124
354.616617, -272.809302, 10896.657710, 125
385.576427, -322.748437, 10955.517197, 126
364.207501, -290.548456, 10941.676122, 127
