x coord, y coord, z coord, scalar
508.738412, -457.509002, 22817.266804, 0
499.188917, -451.660232, 22833.990426, 1
511.520970, -463.288464, 22839.713287, 2
544.048134, -426.541727, 22810.939773, 3
505.010527, -419.862872, 22795.890451, 4
529.816389, -426.792451, 22831.553100, 5
494.733247, -439.671818, 22845.778066, 6
547.412961, -450.410816, 22857.640143, 7
548.672601, -430.313906, 22847.318818, 8
555.862619, -460.526169, 22802.408300, 9
522.804475, -440.603994, 22832.827757, 10
546.997521, -430.231073, 22800.389013, 11
519.191316, -476.244055, 22825.031319, 12
497.098662, -421.011976, 22817.708559, 13
514.954597, -473.537075, 22817.057114, 14
517.761603, -432.536892, 22809.482326, 15
556.230959, -426.619891, 22857.749850, 16
540.201932, -436.742561, 22826.551721, 17
536.035221, -445.605558, 22815.451427, 18
521.549513, -447.279212, 22842.881438, 19
530.873120, -482.009912, 22821.473778, 20
501.904207, -423.828432, 22810.458435, 21
509.209264, -462.172444, 22822.136578, 22
541.160667, -453.890127, 22820.351653, 23
497.066392, -427.751337, 22834.752151, 24
521.043876, -467.525507, 22821.422249, 25
537.444858, -468.830127, 22814.024162, 26
533.389289, -486.163777, 22796.498904, 27
498.138717, -438.944465, 22838.829577, 28
520.508833, -474.931550, 22810.762962, 29
501.568734, -432.874376, 22816.688442, 30
529.959686, -419.786376, 22812.077575, 31
547.335058, -468.112619, 22837.841516, 32
507.682029, -484.487410, 22803.165050, 33
534.952015, -476.237246, 22794.629510, 34
507.900527, -444.009253, 22815.033236, 35
536.246906, -464.100177, 22834.143484, 36
557.189239, -419.526777, 22835.916994, 37
491.884954, -478.923735, 22816.185694, 38
537.629859, -447.231151, 22829.187856, 39
555.311727, -434.478451, 22815.531428, 40
510.199212, -462.054303, 22814.952598, 41
529.193196, -472.254964, 22834.781839, 42
505.230710, -453.387223, 22838.221102, 43
515.312348, -475.972366, 22849.934671, 44
516.858676, -456.888099, 22825.106748, 45
538.814468, -478.176638, 22848.972263, 46
511.155580, -478.522889, 22848.663135, 47
553.987702, -475.454048, 22857.671911, 48
508.371206, -426.640254, 22829.653088, 49
544.477385, -428.864185, 22814.390939, 50
498.205108, -476.200323, 22840.273439, 51
520.081982, -435.823190, 22855.959756, 52
493.061450, -419.408709, 22821.778805, 53
538.207969, -461.631938, 22833.740467, 54
526.332981, -433.589067, 22796.067980, 55
489.664121, -452.310028, 22805.825717, 56
545.549824, -429.970431, 22815.239243, 57
532.404878, -433.518318, 22827.719020, 58
528.270891, -482.682767, 22820.294522, 59
496.121766, -427.021436, 22810.646212, 60
517.428970, -486.351778, 22822.380634, 61
495.897597, -455.085988, 22805.771508, 62
490.046340, -450.840681, 22805.579160, 63
518.740863, -470.168376, 22831.876631, 64
490.679384, -432.651342, 22817.509505, 65
493.664515, -431.803294, 22853.139161, 66
506.408561, -443.788717, 22842.389121, 67
528.563445, -468.920104, 22828.073258, 68
494.480865, -429.464982, 22833.330388, 69
521.692738, -422.159453, 22825.523676, 70
539.255856, -462.266079, 22827.105471, 71
499.834241, -455.184294, 22859.966307, 72
512.524519, -453.954008, 22828.282904, 73
525.021561, -424.029064, 22846.100535, 74
495.102303, -422.165732, 22832.662684, 75
519.528866, -486.036929, 22820.073181, 76
510.861112, -468.445024, 22795.499112, 77
491.438497, -428.697472, 22814.514975, 78
526.432584, -423.032853, 22804.265567, 79
497.959433, -458.875732, 22801.320209, 80
530.399759, -477.155510, 22826.989769, 81
495.703999, -466.137174, 22859.748282, 82
493.857297, -442.428778, 22825.000271, 83
529.104563, -474.943099, 22820.187158, 84
513.399239, -468.656894, 22817.232905, 85
552.977668, -437.944091, 22819.137667, 86
511.248468, -484.618457, 22838.628720, 87
513.665303, -481.996108, 22829.144235, 88
535.097422, -444.379799, 22825.325017, 89
546.279750, -435.236371, 22854.390370, 90
554.518155, -462.372022, 22796.447637, 91
519.706196, -455.484095, 22818.233599, 92
517.644838, -450.442900, 22795.030094, 93
549.564256, -478.873841, 22808.023917, 94
507.950772, -454.290211, 22827.273011, 95
532.106438, -458.848525, 22808.570530, 96
489.440796, -436.415889, 22811.888875, 97
534.984461, -480.286095, 22817.827988, 98
502.326900, -434.004737, 22861.389861, 99
534.571383, -445.260877, 22845.367980, 100
527.155513, -448.278079, 22802.204594, 101
530.519199, -486.107460, 22834.658690, 102
555.680821, -457.278703, 22803.430600, 103
488.909464, -465.249893, 22812.490143, 104
503.849954, -446.114858, 22846.150323, 105
538.067790, -471.544446, 22806.502195, 106
553.557497, -470.919792, 22858.025003, 107
503.644305, -424.751296, 22796.951411, 108
528.389283, -479.960123, 22850.885952, 109
527.970522, -434.204952, 22824.834274, 110
511.530606, -464.584934, 22795.772690, 111
520.653881, -422.881737, 22797.601588, 112
493.508658, -424.736421, 22828.258438, 113
503.855532, -424.643035, 22850.946750, 114
523.263331, -478.329085, 22824.041167, 115
507.596662, -429.077257, 22840.435958, 116
521.016137, -433.055393, 22857.455783, 117
517.235031, -486.946653, 22851.917069, 118
521.103313, -447.373412, 22859.901517, 119
510.181801, -476.938452, 22844.903508, 120
541.935231, -454.223999, 22799.529045, 121
544.625907, -422.386222, 22795.863931, 122
549.144105, -486.413224, 22859.064605, 123
515.599023, -471.373871, 22853.644875, 124
504.739423, -436.926474, 22794.520137, 125
535.699204, -486.865626, 22853.381591, 126
514.330322, -454.665617, 22839.539145, 127
