x coord, y coord, z coord, scalar
397.082795, -328.011767, 13307.217302, 0
387.533262, -322.163101, 13323.939441, 1
399.865745, -333.791370, 13329.658241, 2
432.392502, -297.044468, 13300.885986, 3
393.354896, -290.365622, 13285.836691, 4
418.160738, -297.295183, 13321.499298, 5
383.077589, -310.174607, 13335.722615, 6
435.757336, -320.913544, 13347.584821, 7
437.016967, -300.816639, 13337.264130, 8
444.206997, -331.028910, 13292.354460, 9
411.148767, -311.106684, 13322.776626, 10
435.341893, -300.733816, 13290.335188, 11
407.535734, -346.746798, 13314.979044, 12
385.443024, -291.514732, 13307.654859, 13
403.299000, -344.039825, 13307.005125, 14
406.105965, -303.039638, 13299.429469, 15
444.575329, -297.122630, 13347.695109, 16
428.546294, -307.245286, 13316.498203, 17
424.379590, -316.108286, 13305.398734, 18
409.893699, -317.781750, 13332.819904, 19
419.217516, -352.512651, 13311.420359, 20
390.248570, -294.331185, 13300.404941, 21
397.553674, -332.675219, 13312.088452, 22
429.505045, -324.392850, 13310.298697, 23
385.410739, -298.254103, 13324.698122, 24
409.388289, -338.028240, 13311.371792, 25
425.789245, -339.332861, 13303.971098, 26
421.733671, -356.666523, 13286.445135, 27
386.483042, -309.447261, 13328.775327, 28
408.853226, -345.434295, 13300.710269, 29
389.913090, -303.377136, 13306.635605, 30
418.304051, -290.289119, 13302.023878, 31
435.679446, -338.615343, 13327.787202, 32
396.026415, -354.990162, 13293.111559, 33
423.296397, -346.739991, 13284.575876, 34
396.244885, -314.512012, 13304.982045, 35
424.591308, -334.602875, 13324.090074, 36
445.533609, -290.029517, 13325.862635, 37
380.229342, -349.426497, 13306.132239, 38
425.974224, -317.733855, 13319.134949, 39
443.656099, -304.981189, 13305.477489, 40
398.543602, -332.557062, 13304.902004, 41
417.537623, -342.757675, 13324.728421, 42
393.575005, -323.890369, 13328.171166, 43
403.656780, -346.475116, 13339.878130, 44
405.203078, -327.390822, 13315.064478, 45
427.158865, -348.679369, 13338.917258, 46
399.500005, -349.025648, 13338.607257, 47
442.332085, -345.956785, 13347.617054, 48
396.715546, -297.143009, 13319.599641, 49
432.821753, -299.366923, 13304.337186, 50
386.549521, -346.703104, 13330.218919, 51
408.426320, -306.325925, 13345.902680, 52
381.405812, -289.911466, 13311.724928, 53
426.552363, -332.134638, 13323.687002, 54
414.677352, -304.091812, 13286.014525, 55
378.008496, -322.812789, 13295.772558, 56
433.894192, -300.473169, 13305.185483, 57
420.749228, -304.021042, 13317.665772, 58
416.615287, -353.185508, 13310.241166, 59
384.466130, -297.524192, 13300.592727, 60
405.773370, -356.854527, 13312.327207, 61
384.241973, -325.588748, 13295.718713, 62
378.390714, -321.343441, 13295.526001, 63
407.085337, -340.671104, 13321.825895, 64
379.023746, -303.154105, 13307.456094, 65
382.008869, -302.306061, 13343.083774, 66
394.752784, -314.291564, 13332.331717, 67
416.907864, -339.422815, 13318.021357, 68
382.825215, -299.967750, 13323.276458, 69
410.037090, -292.662195, 13315.470069, 70
427.600245, -332.768792, 13317.052465, 71
388.178616, -325.687076, 13349.908342, 72
400.868876, -324.456799, 13318.249250, 73
413.365908, -294.531801, 13336.045623, 74
383.446658, -292.668492, 13322.608601, 75
407.873264, -356.539676, 13310.019790, 76
399.205493, -338.947775, 13285.445908, 77
379.782861, -299.200231, 13304.461437, 78
414.776952, -293.535598, 13294.211975, 79
386.303811, -329.378489, 13291.267224, 80
418.744165, -347.658241, 13316.936580, 81
384.048389, -336.639949, 13349.691776, 82
382.201652, -312.931559, 13314.947675, 83
417.448963, -345.445833, 13310.134402, 84
401.743642, -339.159646, 13307.181821, 85
441.322039, -308.446827, 13309.083793, 86
399.592883, -355.121212, 13328.574396, 87
402.009717, -352.498860, 13319.090956, 88
423.441783, -314.882510, 13315.272534, 89
434.624117, -305.739102, 13344.335331, 90
442.862533, -332.874765, 13286.393781, 91
408.050576, -325.986827, 13308.184661, 92
405.989213, -320.945647, 13284.977028, 93
437.908639, -349.376582, 13297.970076, 94
396.295138, -324.793044, 13317.231292, 95
420.450818, -329.351261, 13298.517933, 96
377.785162, -306.918650, 13301.835519, 97
423.328852, -350.788833, 13307.774541, 98
390.671255, -304.507497, 13351.333687, 99
422.915736, -315.763566, 13335.312268, 100
415.499886, -318.780821, 13292.151773, 101
418.863600, -356.610199, 13324.604565, 102
444.025198, -327.781444, 13293.376778, 103
377.253846, -335.752658, 13302.437010, 104
392.194236, -316.617710, 13336.090616, 105
426.412174, -342.047186, 13296.448835, 106
441.901880, -341.422527, 13347.970079, 107
391.988674, -295.254047, 13286.897769, 108
416.733690, -350.462857, 13340.830503, 109
416.314869, -304.707679, 13314.781568, 110
399.874986, -335.087684, 13285.719590, 111
408.998250, -293.384484, 13287.547943, 112
381.853015, -295.239183, 13318.204577, 113
392.199881, -295.145792, 13340.891524, 114
411.607740, -348.831824, 13313.988373, 115
395.940989, -299.580016, 13330.381411, 116
409.360482, -303.558130, 13347.399330, 117
405.579435, -357.449402, 13341.861843, 118
409.447669, -317.876140, 13349.842319, 119
398.526238, -347.441216, 13334.847932, 120
430.279608, -324.726740, 13289.475580, 121
432.970279, -292.888966, 13285.810010, 122
437.488490, -356.915965, 13349.009788, 123
403.943455, -341.876620, 13343.586789, 124
393.083794, -307.429225, 13284.466745, 125
424.043598, -357.368365, 13343.326627, 126
402.674681, -325.168376, 13329.485276, 127
