x coord, y coord, z coord, scalar
219.016617, -163.165410, 3923.660723, 0
209.467045, -157.316891, 3940.381400, 1
221.800128, -168.945153, 3946.096199, 2
254.326301, -132.198077, 3917.325183, 3
215.288697, -125.519246, 3902.275916, 4
240.094509, -132.448784, 3937.938481, 5
205.011356, -145.328288, 3952.160174, 6
257.691141, -156.067135, 3964.022506, 7
258.950761, -135.970239, 3953.702440, 8
266.140808, -166.182519, 3908.793605, 9
233.082450, -146.260235, 3939.218441, 10
257.275696, -135.887428, 3906.774348, 11
229.469600, -181.900403, 3931.419731, 12
207.376814, -126.668363, 3924.094143, 13
225.232846, -179.193443, 3923.446094, 14
228.039754, -138.193256, 3915.869583, 15
266.509130, -132.276237, 3964.133367, 16
250.480080, -142.398875, 3932.937665, 17
246.313388, -151.261879, 3921.839010, 18
231.827215, -152.935105, 3949.251472, 19
241.151353, -187.666254, 3927.859918, 20
212.182363, -129.484814, 3916.844427, 21
219.487533, -167.828871, 3928.533228, 22
251.438852, -159.546434, 3926.738714, 23
207.344511, -133.407750, 3941.137081, 24
231.322149, -173.181832, 3927.814271, 25
247.723067, -174.486460, 3920.411007, 26
243.667490, -191.820138, 3902.884350, 27
208.416788, -144.600953, 3945.214070, 28
230.787057, -180.587908, 3917.150544, 29
211.846873, -138.530773, 3923.075740, 30
240.237844, -125.442733, 3918.463164, 31
257.613269, -173.768928, 3944.225880, 32
217.960239, -190.143785, 3909.551048, 33
245.230213, -181.893605, 3901.015223, 34
218.178670, -149.665649, 3921.423801, 35
246.525146, -169.756421, 3940.529642, 36
267.467408, -125.183126, 3942.301269, 37
202.163171, -184.580134, 3922.571763, 38
247.908012, -152.887416, 3935.575013, 39
265.589901, -140.134796, 3921.916537, 40
220.477433, -167.710693, 3921.344348, 41
239.471497, -177.911238, 3941.167982, 42
215.508759, -159.044550, 3944.614154, 43
225.590668, -181.628730, 3956.314613, 44
227.136920, -162.544403, 3931.515032, 45
249.092700, -183.832961, 3955.355255, 46
221.433884, -184.179275, 3955.044393, 47
264.265904, -181.110388, 3964.055197, 48
218.649307, -132.296642, 3936.039174, 49
254.755551, -134.520530, 3920.776416, 50
208.483387, -181.856763, 3946.657394, 51
230.360074, -141.479531, 3962.338635, 52
203.339603, -125.065099, 3928.164037, 53
248.486190, -167.288187, 3940.126517, 54
236.611153, -139.245428, 3902.454049, 55
199.942305, -157.966426, 3912.212373, 56
255.827990, -135.626775, 3921.624706, 57
242.683000, -139.174632, 3934.105502, 58
238.549124, -188.339113, 3926.680787, 59
206.399925, -132.677824, 3917.032222, 60
227.707213, -192.008143, 3928.766761, 61
206.175784, -160.742385, 3912.158889, 62
200.324522, -156.497078, 3911.965819, 63
229.019279, -175.824681, 3938.268101, 64
200.957539, -138.307745, 3923.895662, 65
203.942651, -137.459709, 3959.521394, 66
216.686395, -149.445342, 3948.767352, 67
238.841727, -174.576378, 3934.462414, 68
204.758991, -135.121399, 3939.715515, 69
231.970866, -127.815809, 3931.909443, 70
249.534069, -167.922361, 3933.492433, 71
210.112429, -160.840742, 3966.343421, 72
222.802665, -159.610481, 3934.708313, 73
235.299676, -129.685409, 3952.483713, 74
205.380440, -127.822130, 3939.047505, 75
229.807104, -191.693290, 3926.459379, 76
221.139310, -174.101397, 3901.885681, 77
201.716655, -134.353866, 3920.900879, 78
236.710748, -128.689214, 3910.651364, 79
208.237624, -164.532120, 3907.707212, 80
240.678013, -182.811832, 3933.376366, 81
205.982222, -171.793603, 3966.128294, 82
204.135436, -148.085226, 3931.388048, 83
239.382803, -180.599430, 3926.574616, 84
223.677489, -174.313268, 3923.623683, 85
263.255841, -143.600429, 3925.522906, 86
221.526747, -190.274836, 3945.013064, 87
223.943581, -187.652480, 3935.530652, 88
245.375566, -150.036081, 3931.713016, 89
256.557911, -140.892699, 3960.773295, 90
264.796345, -168.028376, 3902.832911, 91
229.984388, -161.140422, 3924.628639, 92
227.923020, -156.099266, 3901.416936, 93
259.842456, -184.530191, 3914.409221, 94
218.228946, -159.946784, 3933.682387, 95
242.384632, -164.504863, 3914.958304, 96
199.718960, -142.072288, 3918.275143, 97
245.262682, -185.942437, 3924.214073, 98
212.605035, -139.661136, 3967.770531, 99
244.849506, -150.917107, 3951.749568, 100
237.433691, -153.934432, 3908.591922, 101
240.797443, -191.763800, 3941.043431, 102
265.959008, -162.935052, 3909.815940, 103
199.187665, -170.906300, 3918.876854, 104
214.127929, -151.771486, 3952.523981, 105
248.345993, -177.200792, 3912.888454, 106
263.835697, -176.576128, 3964.408155, 107
213.922474, -130.407672, 3903.337111, 108
238.667541, -185.616453, 3957.268062, 109
238.248635, -139.861273, 3931.221829, 110
221.808801, -170.241306, 3902.159464, 111
230.932049, -128.538103, 3903.987279, 112
203.786799, -130.392823, 3934.643701, 113
214.133653, -130.299428, 3957.329303, 114
233.541593, -183.985426, 3930.428549, 115
217.874732, -134.733657, 3946.819859, 116
231.294247, -138.711739, 3963.835901, 117
227.513283, -192.603017, 3958.299622, 118
231.381447, -153.029733, 3966.276184, 119
220.460135, -182.594850, 3951.285366, 120
252.213417, -159.880349, 3905.915095, 121
254.904082, -128.042581, 3902.249075, 122
259.422311, -192.069572, 3965.447970, 123
225.877343, -177.030231, 3960.021751, 124
215.017597, -142.582850, 3900.906331, 125
245.977430, -192.521970, 3959.764665, 126
224.608469, -160.322013, 3945.924392, 127
