x coord, y coord, z coord, scalar
378.414286, -327.389659, 12254.925000, 0
368.864757, -321.541001, 12271.646976, 1
381.197269, -333.169245, 12277.365327, 2
413.723991, -296.422358, 12248.593210, 3
374.686385, -289.743513, 12233.543919, 4
399.492225, -296.673075, 12269.206521, 5
364.409078, -309.552502, 12283.429656, 6
417.088823, -320.291433, 12295.291876, 7
418.348455, -300.194530, 12284.971255, 8
425.538486, -330.406800, 12240.061679, 9
392.480247, -310.484577, 12270.484145, 10
416.673381, -300.111706, 12238.042409, 11
388.867225, -346.124685, 12262.686436, 12
366.774513, -290.892624, 12255.362094, 13
384.630491, -343.417714, 12254.712548, 14
387.437453, -302.417529, 12247.136796, 15
425.906817, -296.500520, 12295.402228, 16
409.877781, -306.623176, 12264.205457, 17
405.711078, -315.486176, 12253.106080, 18
391.225162, -317.159641, 12280.526273, 19
400.549006, -351.890539, 12259.127624, 20
371.580059, -293.709077, 12248.112198, 21
378.885167, -332.053109, 12259.796303, 22
410.836532, -323.770739, 12258.006014, 23
366.742228, -297.631996, 12272.405320, 24
390.719780, -337.406127, 12259.079385, 25
407.120734, -338.710750, 12251.678402, 26
403.065161, -356.044413, 12234.152362, 27
367.814532, -308.825158, 12276.482501, 28
390.184716, -344.812184, 12248.417614, 29
371.244579, -302.755028, 12254.342935, 30
399.635539, -289.667010, 12249.731113, 31
417.010935, -337.993232, 12275.494368, 32
377.357905, -354.368052, 12240.818816, 33
404.627886, -346.117881, 12232.283117, 34
377.576373, -313.889904, 12252.689556, 35
405.922795, -333.980761, 12271.797340, 36
426.865097, -289.407408, 12273.569797, 37
361.560833, -348.804388, 12253.839500, 38
407.305710, -317.111744, 12266.842271, 39
424.987587, -304.359080, 12253.184697, 40
379.875093, -331.934952, 12252.609582, 41
398.869113, -342.135561, 12272.435686, 42
374.906516, -323.268290, 12275.878816, 43
384.988273, -345.853003, 12287.585050, 44
386.534567, -326.768709, 12262.772977, 45
408.490354, -348.057257, 12286.624348, 46
380.831498, -348.403536, 12286.314250, 47
423.663574, -345.334674, 12295.324160, 48
378.047034, -296.520902, 12267.306904, 49
414.153242, -298.744814, 12252.044414, 50
367.881015, -346.080994, 12277.926063, 51
389.757806, -305.703817, 12293.609541, 52
362.737301, -289.289358, 12259.432142, 53
407.883850, -331.512524, 12271.394262, 54
396.008840, -303.469703, 12233.721786, 55
359.339986, -322.190681, 12243.479852, 56
415.225681, -299.851059, 12252.892710, 57
402.080715, -303.398933, 12265.373057, 58
397.946777, -352.563396, 12257.948438, 59
365.797619, -296.902084, 12248.299985, 60
387.104861, -356.232416, 12260.034472, 61
365.573463, -324.966640, 12243.426048, 62
359.722204, -320.721333, 12243.233296, 63
388.416831, -340.048987, 12269.533457, 64
360.355236, -302.531997, 12255.163360, 65
363.340358, -301.683954, 12290.790821, 66
376.084270, -313.669471, 12280.038542, 67
398.239353, -338.800701, 12265.728791, 68
364.156704, -299.345643, 12270.983667, 69
391.368578, -292.040087, 12263.177313, 70
408.931733, -332.146680, 12264.759776, 71
369.510108, -325.064969, 12297.615105, 72
382.200367, -323.834694, 12265.958703, 73
394.697395, -293.909693, 12283.752724, 74
364.778147, -292.046384, 12270.315793, 75
389.204755, -355.917565, 12257.727059, 76
380.536983, -338.325666, 12233.153197, 77
361.114351, -298.578123, 12252.168689, 78
396.108440, -292.913489, 12241.919221, 79
367.635301, -328.756380, 12238.974538, 80
400.075655, -347.036128, 12264.643871, 81
365.379881, -336.017840, 12297.398700, 82
363.533142, -312.309453, 12262.655032, 83
398.780452, -344.823722, 12257.841741, 84
383.075133, -338.537536, 12254.889345, 85
422.653528, -307.824717, 12256.791008, 86
380.924375, -354.499101, 12276.281561, 87
383.341209, -351.876748, 12266.798237, 88
404.773269, -314.260400, 12262.979903, 89
415.955604, -305.116992, 12292.042417, 90
424.194022, -332.252655, 12234.100998, 91
389.382064, -325.364716, 12255.892423, 92
387.320702, -320.323538, 12232.684332, 93
419.240128, -348.754472, 12245.677295, 94
377.626633, -324.170941, 12264.939851, 95
401.782307, -328.729151, 12246.225289, 96
359.116652, -306.296542, 12249.542792, 97
404.660342, -350.166722, 12255.481803, 98
372.002743, -303.885390, 12299.040647, 99
404.247220, -315.141455, 12283.019280, 100
396.831375, -318.158711, 12239.859104, 101
400.195090, -355.988087, 12272.311753, 102
425.356687, -327.159334, 12241.083999, 103
358.585336, -335.130550, 12250.144307, 104
373.525726, -315.995613, 12283.797186, 105
407.743663, -341.425075, 12244.156107, 106
423.233369, -340.800417, 12295.677178, 107
373.320163, -294.631938, 12234.605010, 108
398.065181, -349.840745, 12288.537544, 109
397.646355, -304.085570, 12262.488912, 110
381.206476, -334.465575, 12233.426891, 111
390.329738, -292.762376, 12235.255183, 112
363.184504, -294.617075, 12265.911794, 113
373.531369, -294.523685, 12288.598589, 114
392.939230, -348.209712, 12261.695708, 115
377.272476, -298.957910, 12278.088551, 116
390.691969, -302.936022, 12295.106260, 117
386.910926, -356.827290, 12289.568909, 118
390.779155, -317.254030, 12297.548946, 119
379.857733, -346.819104, 12282.554959, 120
411.611097, -324.104630, 12237.182840, 121
414.301768, -292.266857, 12233.517220, 122
418.819979, -356.293854, 12296.716899, 123
385.274948, -341.254506, 12291.293538, 124
374.415283, -306.807116, 12232.174013, 125
405.375088, -356.746254, 12291.033721, 126
384.006170, -324.546269, 12277.192492, 127
