x coord, y coord, z coord, scalar
282.585182, -219.216974, 6104.610494, 0
273.035620, -213.368403, 6121.331511, 1
285.368496, -224.996680, 6127.047239, 2
317.894874, -188.249653, 6098.275935, 3
278.857269, -181.570817, 6083.226662, 4
303.663092, -188.500362, 6118.889236, 5
268.579939, -201.379838, 6133.111306, 6
321.259712, -212.118717, 6144.973609, 7
322.519336, -192.021818, 6134.653398, 8
329.709377, -222.234095, 6089.744369, 9
296.651064, -202.311829, 6120.168585, 10
320.844268, -191.939003, 6087.725109, 11
293.038150, -237.951982, 6112.370137, 12
270.945390, -182.719931, 6105.044875, 13
288.801403, -235.245017, 6104.396435, 14
291.608330, -194.244828, 6096.820122, 15
330.077702, -188.327814, 6145.084336, 16
314.048658, -198.450458, 6113.888356, 17
309.881962, -207.313461, 6102.789511, 18
295.395891, -208.986764, 6130.203995, 19
304.719913, -243.717832, 6108.810586, 20
275.750938, -185.536383, 6097.795113, 21
283.056085, -223.880433, 6109.482685, 22
315.007423, -215.598019, 6107.689276, 23
270.913093, -189.459312, 6122.087889, 24
294.890701, -229.233415, 6108.764261, 25
311.291633, -230.538039, 6101.361594, 26
307.236056, -247.871712, 6083.835098, 27
271.985378, -200.652499, 6126.164928, 28
294.355619, -236.639483, 6098.101046, 29
275.415452, -194.582339, 6104.026274, 30
303.806419, -181.494307, 6099.413896, 31
321.181835, -229.820513, 6125.176752, 32
281.528803, -246.195356, 6090.501732, 33
308.798780, -237.945179, 6081.965940, 34
281.747247, -205.717215, 6102.373958, 35
310.093707, -225.808019, 6121.480308, 36
331.035981, -181.234702, 6123.252152, 37
265.731733, -240.631700, 6103.522439, 38
311.476590, -208.939008, 6116.525564, 39
329.158473, -196.186372, 6102.867324, 40
284.045995, -223.762262, 6102.294369, 41
303.040045, -233.962831, 6122.118650, 42
279.077337, -215.095927, 6125.564026, 43
289.159211, -237.680305, 6137.265995, 44
290.705479, -218.595989, 6112.463147, 45
312.661261, -239.884543, 6136.306285, 46
285.002429, -240.230846, 6135.995624, 47
327.834470, -237.161966, 6145.006194, 48
282.217893, -188.348209, 6116.989848, 49
318.324125, -190.572107, 6101.727161, 50
272.051936, -237.908323, 6127.608314, 51
293.928663, -197.531107, 6143.290140, 52
266.908179, -181.116666, 6109.114809, 53
312.054755, -223.339784, 6121.077195, 54
300.179725, -195.297002, 6083.404725, 55
263.510874, -214.017992, 6093.162981, 56
319.396564, -191.678351, 6102.575452, 57
306.251583, -195.226214, 6115.056130, 58
302.117685, -244.390691, 6107.631441, 59
269.968499, -188.729392, 6097.982905, 60
291.275771, -248.059717, 6109.717430, 61
269.744353, -216.793951, 6093.109414, 62
263.893091, -212.548645, 6092.916427, 63
292.587804, -231.876271, 6119.218154, 64
264.526114, -194.359310, 6104.846328, 65
267.511229, -193.511271, 6140.472512, 66
280.255030, -205.496856, 6129.718931, 67
302.410279, -230.627971, 6115.412734, 68
268.327571, -191.172961, 6120.666300, 69
295.539447, -183.867383, 6112.860154, 70
313.102634, -223.973951, 6114.443005, 71
273.680997, -216.892298, 6147.295129, 72
286.371240, -215.662031, 6115.654450, 73
298.868260, -185.736984, 6133.434722, 74
268.949019, -183.873695, 6119.998325, 75
293.375663, -247.744865, 6107.410040, 76
284.707877, -230.152969, 6082.836300, 77
265.285230, -190.405433, 6101.851574, 78
300.279322, -184.740787, 6091.602072, 79
271.806192, -220.583689, 6088.657781, 80
304.246570, -238.863415, 6114.326981, 81
269.550783, -227.845164, 6147.079668, 82
267.704013, -204.136781, 6112.338527, 83
302.951362, -236.651011, 6107.525132, 84
287.246046, -230.364840, 6104.573816, 85
326.824413, -199.652007, 6106.473678, 86
285.095297, -246.326408, 6125.963939, 87
287.512132, -243.704053, 6116.481289, 88
308.944145, -206.087670, 6112.663470, 89
320.126486, -196.944279, 6141.724333, 90
328.364914, -224.079951, 6083.783678, 91
293.552957, -217.192003, 6105.578281, 92
291.491590, -212.150839, 6082.367523, 93
323.411023, -240.581767, 6095.359985, 94
281.797514, -215.998314, 6114.630376, 95
305.953200, -220.556442, 6095.908783, 96
263.287533, -198.123854, 6099.225796, 97
308.831245, -241.994015, 6105.164747, 98
276.173614, -195.712701, 6148.721830, 99
308.418091, -206.968706, 6132.700761, 100
301.002262, -209.986007, 6089.542453, 101
304.366001, -247.815379, 6121.994260, 102
329.527578, -218.986628, 6090.766700, 103
262.756231, -226.957865, 6099.827456, 104
277.696536, -207.823002, 6133.476087, 105
311.914559, -233.252369, 6093.839108, 106
327.404265, -232.627707, 6145.359168, 107
277.491047, -186.459242, 6084.287829, 108
302.236096, -241.668035, 6138.219195, 109
301.817220, -195.912853, 6112.172334, 110
285.377369, -226.292878, 6083.110059, 111
294.500622, -184.589676, 6084.937999, 112
267.355377, -186.444387, 6115.594470, 113
277.702235, -186.350994, 6138.280384, 114
297.110148, -240.037006, 6111.379074, 115
281.443324, -190.785220, 6127.770785, 116
294.862832, -194.763314, 6144.787263, 117
291.081839, -248.654592, 6139.250703, 118
294.950028, -209.081314, 6147.228174, 119
284.028674, -238.646419, 6132.236528, 120
315.781987, -215.931925, 6086.865773, 121
318.472654, -184.094155, 6083.199858, 122
322.990877, -248.121149, 6146.398958, 123
289.445886, -233.081808, 6140.973486, 124
278.586169, -198.634421, 6081.856993, 125
309.545992, -248.573548, 6140.715686, 126
288.177046, -216.373579, 6126.875163, 127
