x coord, y coord, z coord, scalar
477.833265, -413.762197, 19219.963594, 0
468.283754, -407.913459, 19236.686655, 1
480.615943, -419.541718, 19242.407980, 2
513.142983, -382.794914, 19213.634942, 3
474.105376, -376.116061, 19198.585630, 4
498.911233, -383.045634, 19234.248264, 5
463.828086, -395.925019, 19248.472605, 6
516.507813, -406.663998, 19260.334732, 7
517.767450, -386.567090, 19250.013646, 8
524.957472, -416.779356, 19205.103449, 9
491.899302, -396.857161, 19235.523931, 10
516.092371, -386.484261, 19203.084167, 11
488.286181, -432.497244, 19227.727060, 12
466.193509, -377.265167, 19220.403761, 13
484.049457, -429.790266, 19219.752963, 14
486.856450, -388.790080, 19212.177847, 15
525.325809, -382.873077, 19260.444658, 16
509.296780, -392.995742, 19229.246992, 17
505.130071, -401.858740, 19218.147010, 18
490.644312, -403.532328, 19245.573676, 19
499.967978, -438.263099, 19224.169086, 20
470.999054, -380.081622, 19213.153715, 21
478.304125, -418.425643, 19224.833889, 22
510.255520, -410.143308, 19223.047136, 23
466.161234, -384.004531, 19237.447228, 24
490.138740, -423.778693, 19224.118678, 25
506.539713, -425.083312, 19216.719604, 26
502.484143, -442.416966, 19199.194080, 27
467.233551, -395.197668, 19241.524571, 28
489.603690, -431.184738, 19213.458545, 29
470.663579, -389.127569, 19219.383971, 30
499.054534, -376.039563, 19214.772778, 31
516.429915, -424.365801, 19240.536486, 32
476.776884, -440.740601, 19205.860331, 33
504.046869, -432.490434, 19197.324737, 34
476.995372, -400.262445, 19217.729387, 35
505.341767, -420.353351, 19236.838796, 36
526.284089, -375.779964, 19238.611947, 37
460.979809, -435.176929, 19218.880989, 38
506.724709, -403.484326, 19231.883358, 39
524.406578, -390.731637, 19218.226540, 40
479.294068, -418.307496, 19217.648975, 41
498.288065, -428.508143, 19237.477147, 42
474.325522, -409.640536, 19240.917729, 43
484.407217, -432.225557, 19252.628798, 44
485.953537, -413.141281, 19227.806274, 45
507.909327, -434.429822, 19251.666971, 46
480.250447, -434.776083, 19251.357513, 47
523.082556, -431.707234, 19260.366675, 48
477.466046, -382.893444, 19232.348386, 49
513.572235, -385.117371, 19217.086121, 50
467.299970, -432.453524, 19242.968331, 51
489.176822, -392.076373, 19258.653681, 52
462.156297, -375.661901, 19224.473940, 53
507.302828, -417.885112, 19236.435758, 54
495.427831, -389.842255, 19198.763274, 55
458.758972, -408.563221, 19208.521124, 56
514.644674, -386.223616, 19217.934422, 57
501.499722, -389.771498, 19230.414393, 58
497.365749, -438.935955, 19222.989855, 59
465.216613, -383.274627, 19213.341495, 60
486.523829, -442.604968, 19225.075940, 61
464.992448, -411.339181, 19208.467053, 62
459.141190, -407.093874, 19208.274567, 63
487.835747, -426.421562, 19234.572954, 64
459.774231, -388.904536, 19220.204816, 65
462.759359, -388.056489, 19255.833725, 66
475.503360, -400.041933, 19245.082921, 67
497.658311, -425.173283, 19230.769141, 68
463.575708, -385.718176, 19236.025503, 69
490.787582, -378.412639, 19228.218913, 70
508.350713, -418.519257, 19229.800936, 71
468.929091, -411.437494, 19262.659896, 72
481.619363, -410.207210, 19230.985688, 73
494.116404, -380.282248, 19248.795278, 74
464.197147, -378.418924, 19235.357741, 75
488.623725, -442.290118, 19222.768500, 76
479.955965, -424.698215, 19198.194501, 77
460.533345, -384.950664, 19217.210238, 78
495.527433, -379.286041, 19206.960810, 79
467.054285, -415.128924, 19204.015681, 80
499.494621, -433.408695, 19229.685165, 81
464.798854, -422.390372, 19262.442422, 82
462.952141, -398.681976, 19227.695891, 83
498.199423, -431.196285, 19222.882717, 84
482.494099, -424.910085, 19219.929097, 85
522.072519, -394.197276, 19221.832803, 86
480.343332, -440.871650, 19241.323686, 87
482.760167, -438.249299, 19231.839596, 88
504.192270, -400.632976, 19228.020679, 89
515.374599, -391.489554, 19257.085065, 90
523.613008, -418.625210, 19199.142780, 91
488.801049, -411.737279, 19220.930603, 92
486.739689, -406.696089, 19197.725536, 93
518.659110, -435.127028, 19210.719066, 94
477.045618, -410.543427, 19229.972745, 95
501.201291, -415.101711, 19211.266149, 96
458.535644, -392.669082, 19214.584207, 97
504.079318, -436.539282, 19220.523286, 98
471.421745, -390.257929, 19264.084127, 99
503.666230, -401.514046, 19248.062421, 100
496.250364, -404.531266, 19204.900128, 101
499.614059, -442.360647, 19237.353731, 102
524.775673, -413.531890, 19206.125756, 103
458.004317, -421.503088, 19215.185559, 104
472.944772, -402.368077, 19248.843252, 105
507.162644, -427.797633, 19209.197526, 106
522.652352, -427.172977, 19260.719742, 107
472.739154, -381.004486, 19199.646635, 108
497.484145, -436.213309, 19253.580493, 109
497.065365, -390.458133, 19227.529852, 110
480.625459, -420.838124, 19198.468119, 111
489.748730, -379.134926, 19200.296811, 112
462.603503, -380.989614, 19230.953579, 113
472.950375, -380.896226, 19253.641374, 114
492.358193, -434.582273, 19226.736712, 115
476.691498, -385.330448, 19243.130840, 116
490.110979, -389.308577, 19260.149943, 117
486.329892, -443.199843, 19254.611694, 118
490.198159, -403.626594, 19262.594639, 119
479.276671, -433.191648, 19247.598000, 120
511.030083, -410.477186, 19202.224336, 121
513.720758, -378.639409, 19198.559049, 122
518.238960, -442.666411, 19261.759385, 123
484.693893, -427.627062, 19256.338418, 124
473.834273, -393.179664, 19197.215456, 125
504.794062, -443.118813, 19256.076315, 126
483.425168, -410.918810, 19242.234283, 127
