x coord, y coord, z coord, scalar
423.453587, -358.451627, 15542.058862, 0
413.904063, -352.602936, 15558.781350, 1
426.236444, -364.231195, 15564.501104, 2
458.763298, -327.484333, 15535.728552, 3
419.725691, -320.805485, 15520.679251, 4
444.531538, -327.735050, 15556.341868, 5
409.448390, -340.614461, 15570.565573, 6
462.128129, -351.353412, 15582.427748, 7
463.387763, -331.256506, 15572.106908, 8
470.577790, -361.468775, 15527.197039, 9
437.519580, -341.546561, 15557.618569, 10
461.712687, -331.173681, 15525.177764, 11
433.906517, -377.186662, 15549.821255, 12
411.813821, -321.954594, 15542.497406, 13
429.669787, -374.479688, 15541.847269, 14
432.476762, -333.479502, 15534.271817, 15
470.946124, -327.562495, 15582.537899, 16
454.917091, -337.685155, 15551.340706, 17
450.750386, -346.548154, 15540.241044, 18
436.264537, -348.221664, 15567.664291, 19
445.588305, -382.952516, 15546.262839, 20
416.619367, -324.771048, 15535.247439, 21
423.924459, -363.115076, 15546.929688, 22
455.875838, -354.832720, 15545.141069, 23
411.781540, -328.693962, 15559.540746, 24
435.759074, -368.468107, 15546.213576, 25
452.160036, -369.772728, 15538.813495, 26
448.104463, -387.106387, 15521.287697, 27
412.853848, -339.887113, 15563.618003, 28
435.224015, -375.874159, 15535.552579, 29
416.283888, -333.816997, 15541.477949, 30
444.674847, -320.728983, 15536.866424, 31
462.050237, -369.055212, 15562.629892, 32
422.397206, -385.430024, 15527.954056, 33
449.667189, -377.179855, 15519.418406, 34
422.615683, -344.951873, 15539.824002, 35
450.962095, -365.042750, 15558.932552, 36
471.904404, -320.469383, 15560.705336, 37
406.600133, -379.866357, 15540.974728, 38
452.345020, -348.173729, 15553.977309, 39
470.026893, -335.421055, 15540.320092, 40
424.914393, -362.996922, 15539.743821, 41
443.908404, -373.197547, 15559.570901, 42
419.945820, -354.330138, 15563.012828, 43
430.027561, -376.914978, 15574.721344, 44
431.573865, -357.830691, 15549.904339, 45
453.529653, -379.119236, 15573.760111, 46
425.870787, -379.465508, 15573.450315, 47
468.702877, -376.396651, 15582.459872, 48
423.086348, -327.582871, 15554.442128, 49
459.192549, -329.806789, 15539.179744, 50
412.920306, -377.142959, 15565.061658, 51
434.797122, -336.765791, 15580.746019, 52
407.776609, -320.351327, 15546.567516, 53
452.923152, -362.574512, 15558.529493, 54
441.048146, -334.531676, 15520.857013, 55
404.379290, -353.252649, 15530.614977, 56
460.264988, -330.913034, 15540.028043, 57
447.120028, -334.460911, 15552.508212, 58
442.986076, -383.625373, 15545.083632, 59
410.836927, -327.964054, 15535.435223, 60
432.144158, -387.294390, 15547.169689, 61
410.612767, -356.028609, 15530.561047, 62
404.761508, -351.783302, 15530.368420, 63
433.456108, -371.110972, 15556.667745, 64
405.394543, -333.593965, 15542.298572, 65
408.379668, -332.745920, 15577.926717, 66
421.123614, -344.731405, 15567.175133, 67
443.278647, -369.862687, 15552.863481, 68
409.196015, -330.407608, 15558.119059, 69
436.407889, -323.102060, 15550.312593, 70
453.971036, -363.208664, 15551.894848, 71
414.549410, -356.126931, 15584.751890, 72
427.239674, -354.896652, 15553.087085, 73
439.736708, -324.971667, 15570.888454, 74
409.817457, -323.108352, 15557.451237, 75
434.244053, -386.979539, 15544.862264, 76
425.576286, -369.387638, 15520.288338, 77
406.153658, -329.640091, 15539.303945, 78
441.147747, -323.975462, 15529.054496, 79
412.674604, -359.818350, 15526.109603, 80
445.114952, -378.098108, 15551.779006, 81
410.419180, -367.079805, 15584.534981, 82
408.572451, -343.371414, 15549.789962, 83
443.819750, -375.885700, 15544.976726, 84
428.114429, -369.599509, 15542.023753, 85
467.692834, -338.886693, 15543.926380, 86
425.963668, -385.561074, 15563.417089, 87
428.380502, -382.938722, 15553.933403, 88
449.812580, -345.322383, 15550.114794, 89
460.994912, -336.178969, 15579.178192, 90
469.233326, -363.314629, 15521.236364, 91
434.421368, -356.426694, 15543.026089, 92
432.360006, -351.385511, 15519.819425, 93
464.279431, -379.816447, 15532.812656, 94
422.665935, -355.232887, 15552.071023, 95
446.821611, -359.791128, 15533.360220, 96
404.155958, -337.358510, 15536.677985, 97
449.699642, -381.228699, 15542.617028, 98
417.042053, -334.947358, 15586.176814, 99
449.286535, -346.203443, 15570.155287, 100
441.870680, -349.220685, 15526.994112, 101
445.234388, -387.050064, 15559.447211, 102
470.395991, -358.221309, 15528.219353, 103
403.624638, -366.192518, 15537.279423, 104
418.565052, -347.057549, 15570.934574, 105
452.782965, -372.487051, 15531.291302, 106
468.272672, -371.862394, 15582.812913, 107
418.359469, -325.693910, 15521.740302, 108
443.104476, -380.902724, 15575.673460, 109
442.685669, -335.147547, 15549.623881, 110
426.245778, -365.527547, 15520.561996, 111
435.369045, -323.824348, 15522.390476, 112
408.223813, -325.679043, 15553.047161, 113
418.570681, -325.585653, 15575.734428, 114
437.978525, -379.271690, 15548.830707, 115
422.311795, -330.019877, 15565.224156, 116
435.731283, -333.997996, 15582.242523, 117
431.950222, -387.889265, 15576.704748, 118
435.818467, -348.316008, 15584.686157, 119
424.897017, -377.881076, 15569.690919, 120
456.650401, -355.166605, 15524.318071, 121
459.341074, -323.328830, 15520.652608, 122
463.859281, -387.355830, 15583.852597, 123
430.314236, -372.316483, 15578.430366, 124
419.454589, -337.869088, 15519.309219, 125
450.414387, -387.808231, 15578.169470, 126
429.045479, -355.608237, 15564.327862, 127
