x coord, y coord, z coord, scalar
443.617116, -375.363225, 16325.600702, 0
434.067594, -369.514518, 16342.323312, 1
446.399912, -381.142786, 16348.043401, 2
478.926830, -344.395934, 16319.270746, 3
439.889223, -337.717085, 16304.221443, 4
464.695073, -344.646652, 16339.884063, 5
429.611925, -357.526054, 16354.107904, 6
482.291661, -368.265015, 16365.970069, 7
483.551296, -348.168109, 16355.649176, 8
490.741321, -378.380377, 16310.739237, 9
457.683125, -358.458167, 16341.160544, 10
481.876219, -348.085282, 16308.719960, 11
454.070042, -394.098265, 16333.363325, 12
431.977354, -338.866192, 16326.039592, 13
449.833314, -391.391289, 16325.389315, 14
452.640295, -350.391102, 16317.813934, 15
491.109656, -344.474097, 16366.080172, 16
475.080624, -354.596758, 16334.882878, 17
470.913918, -363.459757, 16323.783147, 18
456.428103, -365.133288, 16351.207123, 19
465.751833, -399.864119, 16329.805002, 20
436.782899, -341.682647, 16318.789609, 21
444.087984, -380.026673, 16330.471416, 22
476.039369, -371.744324, 16328.683194, 23
431.945074, -345.605559, 16343.082959, 24
455.922600, -385.379711, 16329.755496, 25
472.323565, -386.684331, 16322.355629, 26
468.267993, -404.017988, 16304.829890, 27
433.017385, -356.798705, 16347.160235, 28
455.387544, -392.785760, 16319.094682, 29
436.447422, -350.728595, 16325.020064, 30
464.838380, -337.640584, 16320.408610, 31
482.213767, -385.966817, 16346.172129, 32
442.560736, -402.341625, 16311.496225, 33
469.830719, -394.091456, 16302.960588, 34
442.779216, -361.863471, 16323.365982, 35
471.125624, -381.954359, 16342.474715, 36
492.067936, -337.380984, 16344.247577, 37
426.763662, -396.777956, 16324.516894, 38
472.508554, -365.085335, 16337.519430, 39
490.190425, -352.332657, 16323.862298, 40
445.077921, -379.908522, 16323.285751, 41
464.071929, -390.109155, 16343.113064, 42
440.109348, -371.241679, 16346.554705, 43
450.191083, -393.826580, 16358.263764, 44
451.737393, -374.742296, 16333.445583, 45
473.693182, -396.030840, 16357.302405, 46
446.034311, -396.377109, 16356.992681, 47
488.866407, -393.308253, 16366.002154, 48
443.249884, -344.494469, 16337.984294, 49
479.356081, -346.718391, 16322.721935, 50
433.083830, -394.054556, 16348.603912, 51
454.960659, -353.677392, 16364.288484, 52
427.940142, -337.262926, 16330.109717, 53
473.086682, -379.486120, 16342.071660, 54
461.211678, -351.443277, 16304.399180, 55
424.542820, -370.164248, 16314.157119, 56
480.428520, -347.824636, 16323.570235, 57
467.283563, -351.372514, 16336.050362, 58
463.149604, -400.536975, 16328.625790, 59
431.000459, -344.875652, 16318.977392, 60
452.307685, -404.205991, 16330.711854, 61
430.776297, -372.940207, 16314.103159, 62
424.925039, -368.694900, 16313.910562, 63
453.619625, -388.022578, 16340.209687, 64
425.558075, -350.505563, 16325.840735, 65
428.543201, -349.657517, 16361.469042, 66
441.287164, -361.642986, 16350.717625, 67
463.442173, -386.774294, 16336.405519, 68
429.359549, -347.319205, 16341.661264, 69
456.571424, -340.013660, 16333.854772, 70
474.134566, -380.120269, 16335.436978, 71
434.712940, -373.038527, 16368.294428, 72
447.403207, -371.808246, 16336.627620, 73
459.900244, -341.883268, 16354.430741, 74
429.980990, -340.019950, 16340.993455, 75
454.407580, -403.891140, 16328.404425, 76
445.739816, -386.299238, 16303.830483, 77
426.317190, -346.551690, 16322.846118, 78
461.311279, -340.887062, 16312.596673, 79
432.838134, -376.729949, 16309.651730, 80
465.278479, -395.009712, 16335.321151, 81
430.582708, -383.991402, 16368.077399, 82
428.735983, -360.283009, 16333.332058, 83
463.983278, -392.797303, 16328.518835, 84
448.277956, -386.511109, 16325.565724, 85
487.856366, -355.798295, 16327.468581, 86
446.127193, -402.472675, 16346.959327, 87
448.544027, -399.850323, 16337.475555, 88
469.976114, -362.233988, 16333.656880, 89
481.158445, -353.090572, 16362.720489, 90
489.396857, -380.226231, 16304.778563, 91
454.584899, -373.338297, 16326.567883, 92
452.523537, -368.297111, 16303.361559, 93
484.442961, -396.728049, 16316.354854, 94
442.829464, -372.144475, 16335.612222, 95
466.985141, -376.702730, 16316.902316, 96
424.319490, -354.270108, 16320.220143, 97
469.863171, -398.140301, 16326.159193, 98
437.205587, -351.858956, 16369.719205, 99
469.450072, -363.115052, 16353.697639, 100
462.034212, -366.132287, 16310.536226, 101
465.397915, -403.961667, 16342.989433, 102
490.559522, -375.132910, 16311.761549, 103
423.788167, -383.104116, 16320.821563, 104
438.728593, -363.969131, 16354.477255, 105
472.946495, -389.398653, 16314.833460, 106
488.436202, -388.773996, 16366.355200, 107
438.523001, -342.605509, 16305.282484, 108
463.268003, -397.814327, 16359.215791, 109
462.849205, -352.059150, 16333.165985, 110
446.409309, -382.439147, 16304.104133, 111
455.532577, -340.735948, 16305.932658, 112
428.387346, -342.590641, 16336.589361, 113
438.734215, -342.497252, 16359.276741, 114
458.142052, -396.183292, 16332.372818, 115
442.475332, -346.931474, 16348.766413, 116
455.894819, -350.909597, 16365.784936, 117
452.113749, -404.800866, 16360.247060, 118
455.982002, -365.227611, 16368.228797, 119
445.060539, -394.792676, 16353.233260, 120
476.813932, -372.078207, 16307.860238, 121
479.504605, -340.240431, 16304.194813, 122
484.022811, -404.267432, 16367.394876, 123
450.477758, -389.228085, 16361.972914, 124
439.618120, -354.780688, 16302.851380, 125
470.577916, -404.719833, 16361.711761, 126
449.209012, -372.519836, 16347.870063, 127
