x coord, y coord, z coord, scalar
320.698313, -260.303465, 8767.993441, 0
311.148765, -254.454860, 8784.714872, 1
323.481499, -266.083121, 8790.431736, 2
356.008010, -229.336152, 8761.660080, 3
316.970405, -222.657312, 8746.610799, 4
341.776234, -229.586864, 8782.273385, 5
306.693084, -242.466321, 8796.495917, 6
359.372846, -253.205220, 8808.358184, 7
360.632473, -233.108320, 8798.037795, 8
367.822510, -263.320594, 8753.128530, 9
334.764226, -243.398345, 8783.551988, 10
358.957402, -233.025501, 8751.109265, 11
331.151270, -279.038480, 8775.753860, 12
309.058529, -223.806425, 8768.428996, 13
326.914528, -276.331513, 8767.780077, 14
329.721469, -235.331326, 8760.204007, 15
368.190838, -229.414313, 8808.468748, 16
352.161796, -239.536962, 8777.272426, 17
347.995098, -248.399964, 8766.173351, 18
333.509086, -250.073331, 8793.590306, 19
342.833040, -284.804332, 8772.194629, 20
313.864076, -226.622878, 8761.179176, 21
321.169207, -264.966920, 8772.865247, 22
353.120556, -256.684524, 8771.073189, 23
309.026236, -230.545803, 8785.472102, 24
333.003822, -270.319916, 8772.147475, 25
349.404762, -271.624541, 8764.745537, 26
345.349188, -288.958209, 8747.219238, 27
310.098529, -241.738980, 8789.549202, 28
332.468747, -277.725980, 8761.484885, 29
313.528592, -235.668832, 8767.410154, 30
341.919556, -222.580805, 8762.798016, 31
359.294964, -270.907017, 8788.561045, 32
319.641934, -287.281852, 8753.885795, 33
346.911912, -279.031677, 8745.350043, 34
319.860387, -246.803708, 8765.757378, 35
348.206832, -266.894532, 8784.864348, 36
369.149117, -222.321201, 8786.636457, 37
303.844863, -281.718192, 8766.906492, 38
349.589727, -250.025519, 8779.909463, 39
367.271608, -237.272872, 8766.251512, 40
322.159124, -264.848755, 8765.677622, 41
341.153162, -275.049339, 8785.502692, 42
317.190500, -256.182293, 8788.947096, 43
327.272326, -278.766801, 8800.650911, 44
328.818604, -259.682494, 8775.844069, 45
350.774388, -280.971045, 8799.690772, 46
323.115547, -281.317338, 8799.380354, 47
365.947602, -278.248466, 8808.390638, 48
320.331039, -229.434703, 8780.373898, 49
356.437261, -231.658607, 8765.111297, 50
310.165058, -278.994808, 8790.992664, 51
332.041809, -238.617608, 8806.675205, 52
305.021317, -222.203160, 8772.498980, 53
350.167882, -264.426296, 8784.461250, 54
338.292861, -236.383499, 8746.788778, 55
301.624008, -255.104485, 8756.546951, 56
357.509700, -232.764851, 8765.959590, 57
344.364725, -236.312718, 8778.440124, 58
340.230811, -285.477190, 8771.015466, 59
308.081637, -229.815886, 8761.366966, 60
329.388896, -289.146213, 8773.101474, 61
307.857486, -257.880444, 8756.493282, 62
302.006226, -253.635137, 8756.300396, 63
330.700905, -272.962773, 8782.601445, 64
302.639252, -235.445802, 8768.230368, 65
305.624370, -234.597762, 8803.857105, 66
318.368215, -246.583321, 8793.104087, 67
340.523398, -271.714479, 8778.796352, 68
306.440714, -232.259451, 8784.050485, 69
333.652589, -224.953882, 8776.244249, 70
351.215763, -265.060459, 8777.826932, 71
311.794131, -257.978783, 8810.680444, 72
324.484381, -256.748514, 8779.032957, 73
336.981403, -226.823485, 8796.819182, 74
307.062159, -224.960188, 8783.382554, 75
331.488789, -288.831361, 8770.794074, 76
322.821009, -271.239464, 8746.220281, 77
303.398368, -231.491926, 8765.235650, 78
338.392459, -225.827285, 8754.986163, 79
309.919325, -261.670182, 8752.041702, 80
342.359694, -279.949917, 8777.710960, 81
307.663912, -268.931651, 8810.464574, 82
305.817154, -245.223267, 8775.722339, 83
341.064488, -277.737512, 8770.908989, 84
325.359170, -271.451335, 8767.957205, 85
364.937548, -240.738508, 8769.857847, 86
323.208418, -287.412902, 8789.348234, 87
325.625253, -284.790548, 8779.865292, 88
347.057284, -247.174179, 8776.047250, 89
358.239623, -238.030781, 8805.108829, 90
366.478047, -265.166450, 8747.167843, 91
331.666089, -258.278505, 8768.961070, 92
329.604724, -253.237335, 8745.751467, 93
361.524154, -281.668266, 8758.744145, 94
319.910651, -257.084783, 8778.011145, 95
344.066332, -261.642942, 8759.292595, 96
301.400670, -239.210346, 8762.609820, 97
346.944373, -283.080515, 8768.548797, 98
314.286755, -236.799194, 8812.106643, 99
346.531231, -248.055222, 8796.085445, 100
339.115396, -251.072505, 8752.926328, 101
342.479126, -288.901879, 8785.378499, 102
367.640711, -260.073127, 8754.150856, 103
300.869363, -268.044356, 8763.211418, 104
315.809701, -248.909465, 8796.861888, 105
350.027690, -274.338868, 8757.223134, 106
365.517396, -273.714208, 8808.743631, 107
315.604182, -227.545737, 8747.671934, 108
340.349220, -282.754535, 8801.603805, 109
339.930363, -236.999357, 8775.556178, 110
323.490501, -267.379373, 8746.494013, 111
332.613758, -225.676173, 8748.322105, 112
305.468517, -227.530880, 8778.978637, 113
315.815378, -227.437487, 8801.664932, 114
335.223270, -281.123505, 8774.762942, 115
319.556474, -231.871714, 8791.155143, 116
332.975976, -235.849814, 8808.172154, 117
329.194963, -289.741088, 8802.635251, 118
333.063168, -250.167817, 8810.613833, 119
322.141788, -279.732909, 8795.621173, 120
353.895120, -257.018424, 8750.249829, 121
356.585789, -225.180652, 8746.584041, 122
361.104007, -289.207648, 8809.783391, 123
327.559001, -274.168304, 8804.358834, 124
316.699304, -239.720916, 8745.241028, 125
347.659120, -289.660047, 8804.100160, 126
326.290185, -257.460072, 8790.259332, 127
