x coord, y coord, z coord, scalar
378.866048, -327.151864, 12600.864769, 0
369.316520, -321.303207, 12617.586798, 1
381.649031, -332.931448, 12623.305297, 2
414.175753, -296.184564, 12594.533135, 3
375.138147, -289.505719, 12579.483842, 4
399.943987, -296.435281, 12615.146446, 5
364.860841, -309.314708, 12629.369641, 6
417.540585, -320.053639, 12641.231856, 7
418.800217, -299.956736, 12630.911212, 8
425.990248, -330.169006, 12586.001605, 9
392.932008, -310.246783, 12616.423973, 10
417.125143, -299.873912, 12583.982335, 11
389.318987, -345.886891, 12608.626305, 12
367.226275, -290.654830, 12601.302015, 13
385.082253, -343.179920, 12600.652408, 14
387.889215, -302.179735, 12593.076687, 15
426.358579, -296.262726, 12641.342187, 16
410.329543, -306.385382, 12610.145372, 17
406.162840, -315.248382, 12599.045964, 18
391.676924, -316.921848, 12626.466479, 19
401.000768, -351.652745, 12605.067535, 20
372.031821, -293.471283, 12594.052112, 21
379.336929, -331.815315, 12605.736021, 22
411.288294, -323.532945, 12603.945908, 23
367.193990, -297.394202, 12618.345253, 24
391.171542, -337.168333, 12605.019188, 25
407.572496, -338.472956, 12597.618300, 26
403.516923, -355.806619, 12580.092285, 27
368.266294, -308.587364, 12622.422442, 28
390.636478, -344.574390, 12594.357499, 29
371.696341, -302.517234, 12600.282825, 30
400.087301, -289.429216, 12595.671034, 31
417.462697, -337.755438, 12621.434312, 32
377.809667, -354.130258, 12586.758730, 33
405.079648, -345.880087, 12578.223036, 34
378.028136, -313.652110, 12598.629387, 35
406.374557, -333.742967, 12617.737251, 36
427.316859, -289.169614, 12619.509742, 37
362.012595, -348.566594, 12599.779413, 38
407.757471, -316.873950, 12612.782163, 39
425.439349, -304.121285, 12599.124627, 40
380.326855, -331.697158, 12598.549390, 41
399.320874, -341.897766, 12618.375597, 42
375.358280, -323.030495, 12621.818601, 43
385.440035, -345.615208, 12633.525075, 44
386.986329, -326.530915, 12608.712483, 45
408.942116, -347.819463, 12632.564317, 46
381.283260, -348.165741, 12632.254251, 47
424.115336, -345.096880, 12641.264124, 48
378.498796, -296.283108, 12613.246816, 49
414.605003, -298.507020, 12597.984337, 50
368.332777, -345.843200, 12623.866014, 51
390.209568, -305.466023, 12639.549585, 52
363.189063, -289.051564, 12605.372070, 53
408.335612, -331.274730, 12617.334175, 54
396.460602, -303.231909, 12579.661698, 55
359.791748, -321.952886, 12589.419753, 56
415.677442, -299.613265, 12598.832634, 57
402.532476, -303.161139, 12611.312962, 58
398.398539, -352.325602, 12603.888347, 59
366.249381, -296.664290, 12594.239899, 60
387.556623, -355.994621, 12605.974383, 61
366.025225, -324.728846, 12589.365936, 62
360.173966, -320.483539, 12589.173197, 63
388.868593, -339.811192, 12615.473271, 64
360.806998, -302.294203, 12601.103271, 65
363.792121, -301.446160, 12636.730804, 66
376.536033, -313.431678, 12625.978598, 67
398.691115, -338.562907, 12611.668647, 68
364.608466, -299.107849, 12616.923597, 69
391.820340, -291.802293, 12609.117231, 70
409.383495, -331.908886, 12610.699672, 71
369.961870, -324.827174, 12643.555181, 72
382.652129, -323.596900, 12611.897895, 73
395.149157, -293.671899, 12629.692689, 74
365.229909, -291.808590, 12616.255728, 75
389.656517, -355.679770, 12603.666969, 76
380.988745, -338.087871, 12579.093101, 77
361.566113, -298.340329, 12598.108604, 78
396.560202, -292.675695, 12587.859139, 79
368.087063, -328.518586, 12584.914433, 80
400.527417, -346.798334, 12610.583774, 81
365.831643, -335.780046, 12643.338723, 82
363.984904, -312.071659, 12608.594913, 83
399.232214, -344.585927, 12603.781628, 84
383.526895, -338.299741, 12600.829171, 85
423.105289, -307.586923, 12602.730936, 86
381.376137, -354.261307, 12622.221505, 87
383.792971, -351.638954, 12612.738143, 88
405.225031, -314.022606, 12608.919780, 89
416.407366, -304.879198, 12637.982387, 90
424.645784, -332.014861, 12580.040925, 91
389.833826, -325.126922, 12601.832171, 92
387.772464, -320.085744, 12578.624231, 93
419.691890, -348.516678, 12591.617222, 94
378.078395, -323.933147, 12610.879337, 95
402.234069, -328.491357, 12592.165170, 96
359.568414, -306.058748, 12595.482701, 97
405.112104, -349.928928, 12601.421715, 98
372.454505, -303.647596, 12644.980659, 99
404.698982, -314.903661, 12628.959274, 100
397.283137, -317.920917, 12585.798993, 101
400.646852, -355.750293, 12618.251690, 102
425.808449, -326.921540, 12587.023924, 103
359.037098, -334.892755, 12596.084208, 104
373.977489, -315.757820, 12629.737326, 105
408.195425, -341.187281, 12590.096016, 106
423.685131, -340.562623, 12641.617144, 107
373.771925, -294.394144, 12580.544929, 108
398.516942, -349.602951, 12634.477529, 109
398.098117, -303.847776, 12608.428797, 110
381.658237, -334.227780, 12579.366790, 111
390.781500, -292.524581, 12581.195102, 112
363.636266, -294.379281, 12611.851721, 113
373.983131, -294.285891, 12634.538566, 114
393.390992, -347.971918, 12607.635596, 115
377.724238, -298.720116, 12624.028504, 116
391.143731, -302.698228, 12641.046281, 117
387.362688, -356.589496, 12635.508885, 118
391.230917, -317.016236, 12643.489067, 119
380.309494, -346.581309, 12628.494948, 120
412.062859, -323.866836, 12583.122753, 121
414.753530, -292.029063, 12579.457149, 122
419.271741, -356.056060, 12642.656861, 123
385.726710, -341.016712, 12637.233619, 124
374.867045, -306.569322, 12578.113923, 125
405.826850, -356.508460, 12636.973689, 126
384.457932, -324.308475, 12623.132419, 127
