x coord, y coord, z coord, scalar
85.019410, -34.716842, 444.850051, 0
75.469805, -28.868436, 461.570189, 1
87.803349, -40.496704, 467.283511, 2
120.329076, -3.749484, 438.512951, 3
81.291473, 2.929336, 423.463695, 4
106.097263, -4.000184, 459.126244, 5
71.014107, -16.879749, 473.347338, 6
123.693921, -27.618528, 485.209717, 7
124.953533, -7.521639, 474.889881, 8
132.143593, -37.733926, 429.981355, 9
99.085138, -17.811595, 460.407176, 10
123.278474, -7.438837, 427.962103, 11
95.472428, -53.451809, 452.608050, 12
73.379583, 1.780213, 445.281943, 13
91.235658, -50.744858, 444.634517, 14
94.042522, -9.744669, 437.057691, 15
132.511906, -3.827643, 485.320789, 16
116.482847, -13.950267, 454.125532, 17
112.316162, -22.813274, 443.027178, 18
97.829778, -24.486311, 470.436424, 19
107.154157, -59.217657, 449.047821, 20
78.185133, -1.036235, 438.032303, 21
85.490355, -39.380311, 449.723057, 22
117.441635, -31.097822, 447.926785, 23
73.347265, -4.959185, 462.324762, 24
97.324971, -44.733227, 449.003252, 25
113.725861, -46.037858, 441.599038, 26
109.670280, -63.371550, 424.072126, 27
74.419521, -16.152423, 466.401671, 28
96.789857, -52.139318, 438.338711, 29
77.849637, -10.082202, 444.263855, 30
106.240615, 3.005857, 439.650966, 31
123.616064, -45.320316, 465.413457, 32
83.963033, -61.695203, 430.738925, 33
111.233002, -53.445016, 422.203048, 34
84.181435, -21.217076, 442.612514, 35
112.527954, -41.307780, 461.717548, 36
133.470184, 3.265467, 463.488830, 37
68.165969, -56.131562, 443.759653, 38
113.910780, -24.438785, 456.763103, 39
131.592679, -11.686200, 443.104251, 40
86.480233, -39.262117, 442.533279, 41
105.474331, -49.462609, 462.355886, 42
81.511489, -30.596395, 465.803321, 43
91.593512, -53.180142, 477.501380, 44
93.139729, -34.095789, 452.706995, 45
115.095504, -55.384355, 476.542580, 46
87.436721, -55.730697, 476.231401, 47
130.268694, -52.661790, 485.242577, 48
84.652053, -3.848066, 457.227067, 49
120.758325, -6.071935, 441.964197, 50
74.486213, -53.408209, 467.844897, 51
96.362816, -13.030934, 483.525207, 52
69.342373, 3.383476, 449.351772, 53
114.488989, -38.839549, 461.314403, 54
102.613930, -10.796841, 423.641939, 55
65.945087, -29.517855, 433.400370, 56
121.830764, -7.178179, 442.812484, 57
108.685754, -10.726024, 455.293467, 58
104.551929, -59.890518, 447.868713, 59
72.402696, -4.229248, 438.220100, 60
93.710022, -63.559556, 449.954661, 61
72.178568, -32.293813, 433.347018, 62
66.327304, -28.048506, 433.153817, 63
95.022166, -47.376066, 459.456980, 64
66.960309, -9.859176, 445.083568, 65
69.945413, -9.011146, 480.708580, 66
82.689023, -20.996875, 469.953805, 67
104.844554, -46.127750, 455.650869, 68
70.761748, -6.672837, 460.903232, 69
97.973624, 0.632780, 453.097278, 70
115.536864, -39.473738, 454.680486, 71
76.115215, -32.392192, 487.529669, 72
88.805431, -31.161943, 455.903421, 73
101.302428, -1.236814, 473.671073, 74
71.383203, 0.626441, 460.235166, 75
95.809910, -63.244702, 447.647292, 76
87.142099, -45.652814, 423.073663, 77
67.719427, -5.905293, 442.088738, 78
102.713522, -0.240626, 431.839204, 79
74.240410, -36.083544, 428.895273, 80
106.680827, -54.363225, 454.564351, 81
71.985023, -43.345045, 487.315073, 82
70.138199, -19.636678, 452.576251, 83
105.385610, -52.150828, 447.762761, 84
89.680302, -45.864685, 444.812436, 85
129.258618, -15.151831, 446.710644, 86
87.529572, -61.826256, 466.200637, 87
89.946406, -59.203896, 456.718605, 88
111.378330, -21.587459, 452.901259, 89
122.560683, -12.444096, 481.960608, 90
130.799130, -39.579784, 424.020654, 91
95.987175, -32.691819, 445.818173, 92
93.925802, -27.650681, 422.604967, 93
125.845246, -56.081598, 435.596970, 94
84.231726, -31.498291, 454.874550, 95
108.387419, -36.056264, 436.146506, 96
65.721735, -13.623717, 439.463069, 97
111.265482, -57.493840, 445.401965, 98
78.607797, -11.212566, 488.957431, 99
110.852260, -22.468462, 472.936636, 100
103.436471, -25.485840, 429.780043, 101
106.800253, -63.315202, 462.231077, 102
131.961793, -34.486458, 431.003696, 103
65.190456, -42.457732, 440.064862, 104
80.130620, -23.323019, 473.709596, 105
114.348784, -48.752197, 434.076378, 106
129.838487, -48.127529, 485.595510, 107
79.925250, -1.959090, 424.524933, 108
104.670356, -57.167851, 478.455227, 109
104.251386, -11.412667, 452.409990, 110
87.811589, -41.792723, 423.347482, 111
96.934825, -0.089518, 425.175099, 112
69.789563, -1.944253, 455.831443, 113
80.136407, -1.850854, 478.516549, 114
99.544411, -55.536829, 451.616679, 115
83.877465, -6.285087, 468.007351, 116
97.296997, -10.263145, 485.022700, 117
93.516096, -64.154430, 479.486867, 118
97.384207, -24.581127, 487.461984, 119
86.462986, -54.146277, 472.472484, 120
118.216201, -31.431756, 427.102981, 121
120.906861, 0.406008, 423.436796, 122
125.425104, -63.620978, 486.635363, 123
91.880187, -48.581642, 481.207956, 124
81.020375, -14.134269, 422.094244, 125
111.980231, -64.073374, 480.952006, 126
90.611236, -31.873441, 467.112131, 127
