x coord, y coord, z coord, scalar
313.611254, -245.708580, 7644.748281, 0
304.061698, -239.859984, 7661.469537, 1
316.394474, -251.488265, 7667.185922, 2
348.920951, -214.741264, 7638.414415, 3
309.883345, -208.062425, 7623.365137, 4
334.689173, -214.991975, 7659.027718, 5
299.606020, -227.871437, 7673.250055, 6
352.285788, -238.610331, 7685.112337, 7
353.545413, -218.513431, 7674.792023, 8
360.735452, -248.725706, 7629.882858, 9
327.677160, -228.803449, 7660.306636, 10
351.870343, -218.430613, 7627.863595, 11
324.064215, -264.443594, 7652.508373, 12
301.971468, -209.211539, 7645.183341, 13
319.827471, -261.736627, 7644.534624, 14
322.634408, -220.736438, 7636.958452, 15
361.103779, -214.819425, 7685.222971, 16
345.074737, -224.942072, 7654.026792, 17
340.908039, -233.805075, 7642.927814, 18
326.422016, -235.478416, 7670.343727, 19
335.745983, -270.209445, 7648.949007, 20
306.777015, -212.027991, 7637.933545, 21
314.082151, -250.372037, 7649.620249, 22
346.033498, -242.089634, 7647.827621, 23
301.939174, -215.950917, 7662.226408, 24
325.916768, -255.725029, 7648.902202, 25
342.317705, -257.029653, 7641.499957, 26
338.262129, -274.363322, 7623.973575, 27
303.011463, -227.144096, 7666.303482, 28
325.381690, -263.131094, 7638.239349, 29
306.441530, -221.073945, 7644.164600, 30
334.832496, -207.985917, 7639.552361, 31
352.207907, -256.312128, 7665.315317, 32
312.554875, -272.686965, 7630.640164, 33
339.824854, -264.436790, 7622.104396, 34
312.773326, -232.208821, 7642.512019, 35
341.119777, -252.299641, 7661.618727, 36
362.062058, -207.726313, 7663.390724, 37
296.757805, -267.123307, 7643.660866, 38
342.502668, -235.430628, 7656.663901, 39
360.184549, -222.677984, 7643.005828, 40
315.072066, -250.253869, 7642.432333, 41
334.066109, -260.454450, 7662.257070, 42
310.103418, -241.587443, 7665.701884, 43
320.185272, -264.171916, 7677.404921, 44
321.731548, -245.087606, 7652.599763, 45
343.687331, -266.376157, 7676.444962, 46
316.028492, -266.722454, 7676.134442, 47
358.860544, -263.653579, 7685.144847, 48
313.243976, -214.839816, 7657.128273, 49
349.350201, -217.063718, 7641.865635, 50
303.078001, -264.399926, 7667.746912, 51
324.954747, -224.022718, 7683.429152, 52
297.934257, -207.608273, 7649.253304, 53
343.080827, -249.831405, 7661.215623, 54
331.205801, -221.788612, 7623.543151, 55
294.536948, -240.509599, 7633.301360, 56
350.422640, -218.169963, 7642.713928, 57
337.277664, -221.717828, 7655.194522, 58
333.143755, -270.882303, 7647.769851, 59
300.994576, -215.220999, 7638.121336, 60
322.301840, -274.551327, 7649.855851, 61
300.770427, -243.285558, 7633.247733, 62
294.919166, -239.040251, 7633.054805, 63
323.613856, -258.367888, 7659.356140, 64
295.552191, -220.850916, 7644.984747, 65
298.537309, -220.002876, 7680.611251, 66
311.281137, -231.988438, 7669.857995, 67
333.436345, -257.119590, 7655.550909, 68
299.353651, -217.664565, 7660.804803, 69
326.565528, -210.358993, 7652.998605, 70
344.128707, -250.465569, 7654.581359, 71
304.707070, -243.383900, 7687.434285, 72
317.397318, -242.153630, 7655.789669, 73
329.894342, -212.228596, 7673.573384, 74
299.975098, -210.365302, 7660.136854, 75
324.401733, -274.236475, 7647.548455, 76
315.733950, -256.644578, 7622.974685, 77
296.311307, -216.897040, 7641.990014, 78
331.305399, -211.232397, 7631.740520, 79
302.832266, -247.075296, 7628.796131, 80
335.272638, -265.355029, 7654.465365, 81
300.576853, -254.336767, 7687.218588, 82
298.730092, -230.628383, 7652.476814, 83
333.977432, -263.142624, 7647.663445, 84
318.272114, -256.856450, 7644.711859, 85
357.850489, -226.143620, 7646.612171, 86
316.121363, -272.818017, 7666.102506, 87
318.538197, -270.195663, 7656.619687, 88
339.970225, -232.579288, 7652.801739, 89
351.152563, -223.435892, 7681.863016, 90
359.390988, -250.571562, 7623.922169, 91
324.579031, -243.683616, 7645.715976, 92
322.517665, -238.642448, 7622.505887, 93
354.437096, -267.073379, 7635.498474, 94
312.823588, -242.489904, 7654.766903, 95
336.979274, -247.048054, 7636.047070, 96
294.313610, -224.615460, 7639.364206, 97
339.857316, -268.485627, 7645.303172, 98
307.199694, -222.204308, 7688.860696, 99
339.444172, -233.460329, 7672.839552, 100
332.028337, -236.477618, 7629.680777, 101
335.392070, -274.306992, 7662.132794, 102
360.553652, -245.478240, 7630.905186, 103
293.782304, -253.449471, 7639.965830, 104
308.722629, -234.314585, 7673.615524, 105
342.940632, -259.743981, 7633.977519, 106
358.430338, -259.119320, 7685.497832, 107
308.517123, -212.950851, 7624.426285, 108
333.262164, -268.159648, 7678.357943, 109
332.843302, -222.404467, 7652.310639, 110
316.403442, -252.784487, 7623.248428, 111
325.526698, -211.081285, 7625.076456, 112
298.381455, -212.935993, 7655.732962, 113
308.728316, -212.842600, 7678.419097, 114
328.136215, -266.528618, 7651.517393, 115
312.469410, -217.276826, 7667.909388, 116
325.888914, -221.254925, 7684.926174, 117
322.107907, -275.146202, 7679.389416, 118
325.976108, -235.572928, 7687.367529, 119
315.054734, -265.138027, 7672.375297, 120
346.808062, -242.423536, 7627.004201, 121
349.498730, -210.585765, 7623.338360, 122
354.016950, -274.612761, 7686.537604, 123
320.471947, -259.573419, 7681.112661, 124
309.612244, -225.126029, 7621.995409, 125
340.572063, -275.065160, 7680.854356, 126
319.203124, -242.865186, 7667.013657, 127
