x coord, y coord, z coord, scalar
119.718651, -61.990862, 823.736004, 0
110.169050, -56.142428, 840.456199, 1
122.502488, -67.770711, 846.169682, 2
155.028322, -31.023509, 817.399072, 3
115.990718, -24.344686, 802.349815, 4
140.796514, -31.274209, 838.012366, 5
105.713356, -44.153760, 852.233524, 6
158.393166, -54.892556, 864.095898, 7
159.652780, -34.795665, 853.776038, 8
166.842837, -65.007951, 808.867478, 9
133.784405, -45.085628, 839.293193, 10
157.977719, -34.712861, 806.848226, 11
130.171662, -80.725835, 831.494111, 12
108.078830, -25.493808, 824.168061, 13
125.934895, -78.018882, 823.520567, 14
128.741769, -37.018692, 815.943775, 15
167.211152, -31.101668, 864.206948, 16
151.182095, -41.224295, 833.011642, 17
147.015409, -50.087301, 821.913256, 18
132.529079, -51.760375, 849.322850, 19
141.853396, -86.491683, 827.933928, 20
112.884380, -28.310256, 816.918412, 21
120.189589, -66.654330, 828.608955, 22
152.140879, -58.371851, 826.812873, 23
108.046515, -32.233203, 841.210893, 24
132.024206, -72.007256, 827.889242, 25
148.425103, -73.311885, 820.485131, 26
144.369522, -90.645574, 802.958246, 27
109.118775, -43.426432, 845.287811, 28
131.489097, -79.413343, 817.224789, 29
112.548885, -37.356221, 823.149939, 30
140.939862, -24.268167, 818.537083, 31
158.315306, -72.594346, 844.299598, 32
118.662274, -88.969226, 809.625034, 33
145.932244, -80.719040, 801.089163, 34
118.880682, -48.491096, 821.498533, 35
147.227194, -68.581817, 840.603654, 36
168.169430, -24.008557, 842.374973, 37
102.865209, -83.405582, 822.645761, 38
148.610029, -51.712818, 835.649189, 39
166.291924, -38.960225, 821.990378, 40
121.179473, -66.536139, 821.419274, 41
140.173564, -76.736644, 841.241992, 42
116.210731, -57.870318, 844.689291, 43
126.292742, -80.454167, 856.387609, 44
127.838968, -61.369820, 831.592662, 45
149.794743, -82.658384, 855.428749, 46
122.135952, -83.004720, 855.117605, 47
164.967937, -79.935817, 864.128740, 48
119.351305, -31.122086, 836.113174, 49
155.457571, -33.345960, 820.850317, 50
109.185446, -80.682227, 846.731047, 51
131.062069, -40.304959, 862.411458, 52
104.041619, -23.890544, 828.237897, 53
149.188231, -66.113585, 840.200511, 54
137.313175, -38.070864, 802.528047, 55
100.644331, -56.791875, 812.286467, 56
156.530010, -34.452204, 821.698604, 57
143.385005, -38.000051, 834.179567, 58
139.251168, -87.164544, 826.754817, 59
107.101942, -31.503268, 817.106209, 60
128.409260, -90.833580, 828.840768, 61
106.877811, -59.567833, 812.233100, 62
101.026547, -55.322526, 812.039914, 63
129.721387, -74.650099, 838.342981, 64
101.659555, -37.133195, 823.969674, 65
104.644661, -36.285163, 859.594764, 66
117.388298, -48.270866, 848.840069, 67
139.543789, -73.401784, 834.536916, 68
105.460997, -33.946854, 839.789359, 69
132.672874, -26.641243, 831.983392, 70
150.236106, -66.747770, 833.566576, 71
110.814457, -59.666207, 866.415955, 72
123.504677, -58.435954, 834.788747, 73
136.001679, -28.510838, 852.557239, 74
106.082451, -26.647578, 839.121299, 75
130.509149, -90.518726, 826.533397, 76
121.841342, -72.926837, 801.959761, 77
102.418673, -33.179313, 820.974849, 78
137.412768, -27.514649, 810.725317, 79
108.939653, -63.357566, 807.781362, 80
141.380065, -81.637254, 833.450449, 81
106.684261, -70.619062, 866.201301, 82
104.837446, -46.910692, 831.462325, 83
140.084849, -79.424856, 826.648841, 84
124.379539, -73.138709, 823.698450, 85
163.957864, -42.425857, 825.596768, 86
122.228806, -89.100279, 845.086779, 87
124.645640, -86.477920, 835.604706, 88
146.077579, -48.861490, 831.787328, 89
157.259930, -39.718123, 860.846779, 90
165.498373, -66.853809, 802.906778, 91
130.686418, -59.965846, 824.704103, 92
128.625046, -54.924704, 801.491060, 93
160.544488, -83.355623, 814.483093, 94
118.930967, -58.772293, 833.760195, 95
143.086662, -63.330291, 815.032580, 96
100.420980, -40.897737, 818.349173, 97
145.964722, -84.767866, 824.288073, 98
113.307045, -38.486585, 867.843646, 99
145.551512, -49.742498, 851.822833, 100
138.135715, -52.759864, 808.666125, 101
141.499491, -90.589229, 841.117212, 102
166.661037, -61.760483, 809.889819, 103
99.889698, -69.731752, 818.950957, 104
114.829881, -50.597012, 852.595950, 105
149.048026, -76.026223, 812.962482, 106
164.537730, -75.401556, 864.481676, 107
114.624496, -29.233112, 803.411048, 108
139.369593, -84.441879, 857.341413, 109
138.950637, -38.686694, 831.296068, 110
122.510832, -69.066746, 802.233576, 111
131.634070, -27.363541, 804.061214, 112
104.488810, -29.218272, 834.717567, 113
114.835657, -29.124874, 857.402727, 114
134.243647, -82.810856, 830.502761, 115
118.576719, -33.559105, 846.893502, 116
131.996249, -37.537169, 863.908926, 117
128.215333, -91.428455, 858.373045, 118
132.083456, -51.855154, 866.348318, 119
121.162214, -81.420299, 851.358675, 120
152.915445, -58.705781, 805.989090, 121
155.606106, -26.868016, 802.322922, 122
160.124346, -90.895003, 865.521525, 123
126.579417, -75.855668, 860.094246, 124
115.719620, -41.408291, 800.980349, 125
146.679471, -91.347400, 859.838173, 126
125.310483, -59.147460, 845.998255, 127
