x coord, y coord, z coord, scalar
228.943589, -163.283605, 4120.046207, 0
219.394013, -157.435082, 4136.766915, 1
231.727082, -169.063361, 4142.481798, 2
264.253274, -132.316273, 4113.710755, 3
225.215669, -125.637441, 4098.661488, 4
250.021483, -132.566979, 4134.324053, 5
214.938328, -145.446481, 4148.545781, 6
267.618114, -156.185331, 4160.408110, 7
268.877734, -136.088435, 4150.088031, 8
276.067781, -166.300715, 4105.179179, 9
243.009428, -146.378429, 4135.603959, 10
267.202669, -136.005624, 4103.159922, 11
239.396572, -182.018601, 4127.805272, 12
217.303787, -126.786558, 4120.479714, 13
235.159818, -179.311640, 4119.831630, 14
237.966727, -138.311451, 4112.255137, 15
276.436103, -132.394433, 4160.518959, 16
260.407054, -142.517071, 4129.323232, 17
256.240361, -151.380076, 4118.224560, 18
241.754202, -153.053300, 4145.637204, 19
251.078325, -187.784451, 4124.245483, 20
222.109336, -129.603009, 4113.229994, 21
229.414504, -167.947067, 4124.918684, 22
261.365826, -159.664631, 4123.124269, 23
217.271484, -133.525944, 4137.522659, 24
241.249121, -173.300030, 4124.199775, 25
257.650040, -174.604656, 4116.796564, 26
253.594462, -191.938334, 4099.269922, 27
218.343760, -144.719146, 4141.599652, 28
240.714029, -180.706105, 4113.536094, 29
221.773846, -138.648968, 4119.461293, 30
250.164817, -125.560928, 4114.848735, 31
267.540243, -173.887125, 4140.611463, 32
227.887211, -190.261981, 4105.936614, 33
255.157185, -182.011801, 4097.400793, 34
228.105643, -149.783843, 4117.809320, 35
256.452120, -169.874619, 4136.915207, 36
277.394381, -125.301322, 4138.686853, 37
212.090143, -184.698330, 4118.957329, 38
257.834987, -153.005613, 4131.960568, 39
275.516874, -140.252992, 4118.302113, 40
230.404405, -167.828889, 4117.729855, 41
249.398469, -178.029437, 4137.553547, 42
225.435718, -159.162730, 4140.999647, 43
235.517639, -181.746928, 4152.700242, 44
237.063893, -162.662601, 4127.900368, 45
259.019673, -183.951158, 4151.740852, 46
231.360855, -184.297472, 4151.430009, 47
274.192877, -181.228585, 4160.440792, 48
228.576281, -132.414836, 4132.424740, 49
264.682524, -134.638726, 4117.161988, 50
218.410357, -181.974959, 4143.042982, 51
240.287049, -141.597725, 4158.724275, 52
213.266576, -125.183294, 4124.549611, 53
258.413164, -167.406385, 4136.512083, 54
246.538126, -139.363624, 4098.839615, 55
209.869277, -158.084622, 4108.597933, 56
265.754963, -135.744971, 4118.010278, 57
252.609974, -139.292828, 4130.491063, 58
248.476097, -188.457310, 4123.066351, 59
216.326897, -132.796019, 4113.417788, 60
237.634184, -192.126340, 4125.152326, 61
216.102756, -160.860580, 4108.544441, 62
210.251494, -156.615274, 4108.351379, 63
238.946250, -175.942882, 4134.653610, 64
210.884511, -138.425940, 4120.281227, 65
213.869623, -137.577904, 4155.906999, 66
226.613368, -149.563529, 4145.152999, 67
248.768700, -174.694577, 4130.847948, 68
214.685963, -135.239594, 4136.101091, 69
241.897840, -127.934004, 4128.295012, 70
259.461042, -168.040559, 4129.877989, 71
220.039401, -160.958936, 4162.729080, 72
232.729636, -159.728674, 4131.093470, 73
245.226650, -129.803604, 4148.869309, 74
215.307413, -127.940325, 4135.433084, 75
239.734076, -191.811487, 4122.844943, 76
231.066283, -174.219593, 4098.271242, 77
211.643628, -134.472061, 4117.286446, 78
246.637721, -128.807409, 4107.036933, 79
218.164596, -164.650316, 4104.092768, 80
250.604986, -182.930029, 4129.761926, 81
215.909193, -171.911799, 4162.513922, 82
214.062408, -148.203420, 4127.773596, 83
249.309775, -180.717627, 4122.960168, 84
233.604461, -174.431465, 4120.009200, 85
273.182814, -143.718625, 4121.908480, 86
231.453718, -190.393034, 4141.398648, 87
233.870552, -187.770677, 4131.916214, 88
255.302540, -150.154278, 4128.098561, 89
266.484885, -141.010895, 4157.158893, 90
274.723317, -168.146572, 4099.218484, 91
239.911362, -161.258619, 4121.014112, 92
237.849993, -156.217462, 4097.802494, 93
269.769429, -184.648387, 4110.794794, 94
228.155915, -160.064977, 4130.067711, 95
252.311605, -164.623060, 4111.343852, 96
209.645933, -142.190483, 4114.660706, 97
255.189655, -186.060634, 4120.599638, 98
222.532008, -139.779331, 4164.156153, 99
254.776481, -151.035304, 4148.135180, 100
247.360664, -154.052628, 4104.977475, 101
250.724415, -191.881998, 4137.429010, 102
275.885981, -163.053248, 4106.201514, 103
209.114637, -171.024496, 4115.262413, 104
224.054900, -151.889675, 4148.909675, 105
258.272966, -177.318989, 4109.274017, 106
273.762670, -176.694325, 4160.793751, 107
223.849447, -130.525867, 4099.722680, 108
248.594513, -185.734651, 4153.653669, 109
248.175609, -139.979468, 4127.607379, 110
231.735774, -170.359502, 4098.545022, 111
240.859022, -128.656299, 4100.372848, 112
213.713772, -130.511017, 4131.029275, 113
224.060626, -130.417622, 4153.714905, 114
243.468565, -184.103624, 4126.814101, 115
227.801706, -134.851850, 4143.205447, 116
241.221221, -138.829934, 4160.221528, 117
237.440254, -192.721214, 4154.685224, 118
241.308421, -153.147929, 4162.661868, 119
230.387105, -182.713048, 4147.670976, 120
262.140390, -159.998545, 4102.300661, 121
264.831055, -128.160777, 4098.634651, 122
269.349284, -192.187769, 4161.833563, 123
235.804314, -177.148429, 4156.407412, 124
224.944570, -142.701046, 4097.291895, 125
255.904402, -192.640167, 4156.150261, 126
234.535442, -160.440208, 4142.309966, 127
