x coord, y coord, z coord, scalar
190.941465, -130.058227, 2846.658785, 0
181.391883, -124.209734, 2863.379294, 1
193.725075, -135.838008, 2869.093635, 2
226.251145, -99.090888, 2840.322760, 3
187.213541, -92.412059, 2825.273497, 4
212.019349, -99.341593, 2860.936057, 5
176.936194, -112.221111, 2875.157564, 6
229.615987, -122.959942, 2887.019911, 7
230.875605, -102.863048, 2876.699916, 8
238.065655, -133.075330, 2831.791177, 9
205.007275, -113.153033, 2862.216319, 10
229.200541, -102.780239, 2829.771922, 11
201.394457, -148.793215, 2854.417479, 12
179.301657, -93.561178, 2847.091730, 13
197.157699, -146.086257, 2846.443875, 14
199.964597, -105.086068, 2838.867266, 15
238.433975, -99.169048, 2887.130837, 16
222.404923, -109.291682, 2855.935273, 17
218.238232, -118.154687, 2844.836712, 18
203.752013, -119.827864, 2872.248175, 19
213.076204, -154.559065, 2850.857538, 20
184.107206, -96.377628, 2839.842038, 21
191.412388, -134.721691, 2851.531445, 22
223.363699, -126.439241, 2849.736385, 23
179.269350, -100.300567, 2864.134632, 24
203.247005, -140.074641, 2850.812225, 25
219.647916, -141.379269, 2843.408666, 26
215.592338, -158.712950, 2825.881930, 27
180.341621, -111.493778, 2868.211596, 28
202.711908, -147.480720, 2840.148245, 29
183.771715, -105.423589, 2846.073425, 30
212.162688, -92.335544, 2841.460752, 31
229.538119, -140.661735, 2867.223398, 32
189.885088, -157.036599, 2832.548659, 33
217.155061, -148.786417, 2824.012818, 34
190.103512, -116.558464, 2844.421672, 35
218.450000, -136.649221, 2863.527262, 36
239.392253, -92.075937, 2865.298782, 37
174.088020, -151.472950, 2845.569379, 38
219.832856, -119.780218, 2858.572690, 39
237.514746, -107.027606, 2844.914098, 40
192.402283, -134.603509, 2844.342286, 41
211.396356, -144.804041, 2864.165602, 42
187.433584, -125.937464, 2867.612165, 43
197.515529, -148.521543, 2879.311880, 44
199.061773, -129.437210, 2854.513911, 45
221.017552, -150.725769, 2878.352694, 46
193.358743, -151.072091, 2878.041735, 47
236.190752, -148.003198, 2887.052654, 48
190.574145, -99.189456, 2859.036790, 49
226.680395, -101.413341, 2843.773998, 50
180.408243, -148.749584, 2869.654889, 51
202.284911, -108.372340, 2885.335841, 52
175.264446, -91.957914, 2851.161604, 53
220.411042, -134.180988, 2863.124131, 54
208.535998, -106.138241, 2825.451665, 55
171.867151, -124.859243, 2835.210022, 56
227.752834, -102.519585, 2844.622287, 57
214.607840, -106.067439, 2857.103140, 58
210.473976, -155.231924, 2849.678414, 59
178.324768, -99.570639, 2840.029834, 60
199.632065, -158.900956, 2851.764379, 61
178.100630, -127.635201, 2835.156578, 62
172.249367, -123.389894, 2834.963468, 63
200.944151, -142.717489, 2861.266023, 64
172.882382, -105.200562, 2846.893282, 65
175.867492, -104.352527, 2882.518791, 66
188.611202, -116.338180, 2871.764521, 67
210.766585, -141.469182, 2857.460205, 68
176.683830, -102.014217, 2862.713077, 69
203.895707, -94.708621, 2854.907041, 70
221.458919, -134.815166, 2856.490098, 71
182.037276, -127.733563, 2889.340527, 72
194.727506, -126.503304, 2857.708167, 73
207.224515, -96.578219, 2875.481164, 74
177.305282, -94.714946, 2862.045049, 75
201.731956, -158.586103, 2849.457001, 76
193.064158, -140.994211, 2824.883325, 77
173.641499, -101.246682, 2843.898484, 78
208.635592, -95.582026, 2833.648964, 79
180.162471, -131.424936, 2830.704880, 80
212.602867, -149.704640, 2856.374011, 81
177.907072, -138.686423, 2889.125564, 82
176.060277, -114.978048, 2854.385760, 83
211.307655, -147.492240, 2849.572311, 84
195.602343, -141.206082, 2846.621566, 85
235.180686, -110.493239, 2848.520474, 86
193.451603, -157.167651, 2868.010581, 87
195.868437, -154.545294, 2858.528287, 88
217.300408, -116.928885, 2854.710741, 89
228.482755, -107.785508, 2883.770731, 90
236.721192, -134.921188, 2825.830480, 91
201.909236, -128.033231, 2847.626765, 92
199.847866, -122.992079, 2824.414595, 93
231.767304, -151.423002, 2837.406792, 94
190.153790, -126.839619, 2856.681328, 95
214.309479, -131.397673, 2837.956016, 96
171.643804, -108.965104, 2841.272769, 97
217.187533, -152.835247, 2847.211689, 98
184.529876, -106.553952, 2890.767839, 99
216.774346, -117.809905, 2874.746928, 100
209.358536, -120.827243, 2831.589609, 101
212.722296, -158.656611, 2864.040971, 102
237.883855, -129.827863, 2832.813514, 103
171.112513, -137.799118, 2841.874506, 104
186.052751, -118.664325, 2875.520890, 105
220.270841, -144.093603, 2835.886080, 106
235.760546, -143.468938, 2887.405604, 107
185.847319, -97.300485, 2826.334705, 108
210.592395, -152.509263, 2880.265452, 109
210.173474, -106.754080, 2854.219528, 110
193.733649, -137.134120, 2825.157119, 111
202.856894, -95.430916, 2826.984872, 112
175.711640, -97.285639, 2857.641270, 113
186.058492, -97.192243, 2880.326718, 114
205.466448, -150.878237, 2853.426239, 115
189.799566, -101.626472, 2869.817351, 116
203.219086, -105.604549, 2886.833178, 117
199.438136, -159.495831, 2881.297037, 118
203.306288, -119.922541, 2889.273151, 119
192.384997, -149.487667, 2874.282742, 120
224.138264, -126.773160, 2828.912709, 121
226.828927, -94.935393, 2825.246638, 122
231.347160, -158.962383, 2888.445431, 123
197.802204, -143.923045, 2883.018843, 124
186.942442, -109.475664, 2823.903953, 125
217.902281, -159.414781, 2882.762109, 126
196.533311, -127.214829, 2868.921960, 127
