x coord, y coord, z coord, scalar
370.486595, -299.345199, 11246.051685, 0
360.937053, -293.496556, 11262.773503, 1
373.269634, -305.124834, 11268.491423, 2
405.796299, -268.377894, 11239.719440, 3
366.758693, -261.699051, 11224.670152, 4
391.564531, -268.628607, 11260.332749, 5
356.481379, -281.508044, 11274.555710, 6
409.161134, -292.246967, 11286.417943, 7
410.420763, -272.150064, 11276.097389, 8
417.610796, -302.362336, 11231.187903, 9
384.552545, -282.440099, 11261.610656, 10
408.745690, -272.067242, 11229.168635, 11
380.939541, -318.080224, 11253.812826, 12
358.846819, -262.848161, 11246.488333, 13
376.702804, -315.373253, 11245.838969, 14
379.509760, -274.373065, 11238.263125, 15
417.979126, -268.456055, 11286.528357, 16
401.950089, -278.578708, 11255.331716, 17
397.783387, -287.441710, 11244.232426, 18
383.297453, -289.115130, 11271.651682, 19
392.621319, -323.846076, 11250.253893, 20
363.652366, -265.664614, 11239.238460, 21
370.957480, -304.008653, 11250.923133, 22
402.908843, -295.726272, 11249.132332, 23
358.814531, -269.587534, 11263.531525, 24
382.792096, -309.361664, 11250.205968, 25
399.193045, -310.666286, 11242.804709, 26
395.137471, -327.999950, 11225.278594, 27
359.886829, -280.780700, 11267.608682, 28
382.257027, -316.767722, 11239.543960, 29
363.316884, -274.710566, 11245.469266, 30
391.707846, -261.622545, 11240.857352, 31
409.083247, -309.948766, 11266.620542, 32
369.430216, -326.323591, 11231.945077, 33
396.700196, -318.073418, 11223.409363, 34
369.648679, -285.845442, 11243.816062, 35
397.995112, -305.936291, 11262.923610, 36
418.937406, -261.362943, 11264.695966, 37
353.633144, -320.759928, 11244.965765, 38
399.378020, -289.067273, 11257.968594, 39
417.059896, -276.314615, 11244.310911, 40
371.947404, -303.890492, 11243.736150, 41
390.941432, -314.091095, 11263.561955, 42
366.978786, -295.223888, 11267.005454, 43
377.060592, -317.808544, 11278.710988, 44
378.606882, -298.724244, 11253.900429, 45
400.562668, -320.012792, 11277.750449, 46
372.903815, -320.359078, 11277.440259, 47
415.735885, -317.290210, 11286.450277, 48
370.119336, -268.476438, 11258.433170, 49
406.225550, -270.700349, 11243.170648, 50
359.953328, -318.036539, 11269.052215, 51
381.830109, -277.659349, 11284.735422, 52
354.809607, -261.244895, 11250.558363, 53
399.956165, -303.468054, 11262.520526, 54
388.081149, -275.425239, 11224.848051, 55
351.412293, -294.146220, 11234.606148, 56
407.297989, -271.806594, 11244.018943, 57
394.153021, -275.354464, 11256.499344, 58
390.019090, -324.518934, 11249.074714, 59
357.869926, -268.857622, 11239.426247, 60
379.177174, -328.187954, 11251.160740, 61
357.645771, -296.922179, 11234.552383, 62
351.794511, -292.676872, 11234.359592, 63
380.489158, -312.004527, 11260.660011, 64
352.427541, -274.487536, 11246.289630, 65
355.412663, -273.639493, 11281.916882, 66
368.156547, -285.625015, 11271.164389, 67
390.311672, -310.756235, 11256.855221, 68
356.229007, -271.301182, 11262.109882, 69
383.440883, -263.995621, 11254.303562, 70
401.004047, -304.102212, 11255.886089, 71
361.582414, -297.020511, 11288.740892, 72
374.272670, -295.790237, 11257.087070, 73
386.769700, -265.865226, 11274.878835, 74
356.850452, -264.001922, 11261.441991, 75
381.277068, -327.873103, 11248.853331, 76
372.609293, -310.281203, 11224.279489, 77
353.186657, -270.533661, 11243.294945, 78
388.180748, -264.869025, 11233.045472, 79
359.707609, -300.711919, 11230.100853, 80
392.147970, -318.991664, 11255.770164, 81
357.452191, -307.973382, 11288.524642, 82
355.605445, -284.264994, 11253.781388, 83
390.852766, -316.779258, 11248.968080, 84
375.147446, -310.493075, 11246.015861, 85
414.725837, -279.780252, 11247.917229, 86
372.996690, -326.454642, 11267.407734, 87
375.413524, -323.832289, 11257.924520, 88
396.845577, -286.215930, 11254.106271, 89
408.027913, -277.072526, 11283.168515, 90
416.266332, -304.208191, 11225.227220, 91
381.454375, -297.320251, 11247.019167, 92
379.393010, -292.279075, 11223.810639, 93
411.312438, -320.710008, 11236.803519, 94
369.698935, -296.126492, 11256.067361, 95
393.854617, -300.684686, 11237.351646, 96
351.188958, -278.252081, 11240.669068, 97
396.732654, -322.122259, 11246.608069, 98
364.075048, -275.840928, 11290.166624, 99
396.319529, -287.096981, 11274.145306, 100
388.903684, -290.114247, 11230.985437, 101
392.267404, -327.943624, 11263.437947, 102
417.428997, -299.114870, 11232.210225, 103
350.657645, -307.086090, 11241.270607, 104
365.598013, -287.951162, 11274.922789, 105
399.815974, -313.380611, 11235.282383, 106
415.305680, -312.755952, 11286.803287, 107
365.392470, -266.587475, 11225.731256, 108
390.137496, -321.796282, 11279.663598, 109
389.718660, -276.041102, 11253.615256, 110
373.278785, -306.421112, 11224.553194, 111
382.402046, -264.717912, 11226.381428, 112
355.256808, -266.572613, 11257.038016, 113
365.603672, -266.479222, 11279.724667, 114
385.011545, -320.165250, 11252.822043, 115
369.344776, -270.913446, 11269.214701, 116
382.764273, -274.891556, 11286.232208, 117
378.983240, -328.782829, 11280.694986, 118
382.851462, -289.209563, 11288.674602, 119
371.930051, -318.774648, 11273.680999, 120
403.683406, -296.060166, 11228.309105, 121
406.374076, -264.222393, 11224.643436, 122
410.892290, -328.249391, 11287.843020, 123
377.347267, -313.210047, 11282.419313, 124
366.487591, -278.762654, 11223.300285, 125
397.447400, -328.701791, 11282.159827, 126
376.078476, -296.501807, 11268.318713, 127
