x coord, y coord, z coord, scalar
385.581040, -325.430242, 12951.628870, 0
376.031509, -319.581582, 12968.350953, 1
388.364014, -331.209836, 12974.069602, 2
420.890746, -294.462942, 12945.297393, 3
381.853140, -287.784097, 12930.248100, 4
406.658980, -294.713658, 12965.910705, 5
371.575832, -307.593085, 12980.133961, 6
424.255578, -318.332017, 12991.996171, 7
425.515210, -298.235113, 12981.675504, 8
432.705241, -328.447384, 12936.765866, 9
399.647004, -308.525159, 12967.188133, 10
423.840136, -298.152290, 12934.746594, 11
396.033979, -344.165270, 12959.390508, 12
373.941267, -288.933207, 12952.066270, 13
391.797245, -341.458299, 12951.416600, 14
394.604208, -300.458112, 12943.840911, 15
433.073572, -294.541104, 12992.106481, 16
417.044536, -304.663760, 12960.909620, 17
412.877833, -313.526760, 12949.810182, 18
398.391925, -315.200223, 12977.231023, 19
407.715761, -349.931124, 12955.831780, 20
378.746814, -291.749661, 12944.816360, 21
386.051920, -330.093693, 12956.500071, 22
418.003287, -321.811323, 12954.710136, 23
373.908982, -295.672579, 12969.109521, 24
397.886534, -335.446712, 12955.783324, 25
414.287488, -336.751335, 12948.382532, 26
410.231915, -354.084997, 12930.856543, 27
374.981286, -306.865740, 12973.186718, 28
397.351470, -342.852768, 12945.121717, 29
378.411333, -300.795611, 12951.047049, 30
406.802294, -287.707593, 12946.435289, 31
424.177690, -336.033816, 12972.198590, 32
384.524659, -352.408636, 12937.522977, 33
411.794640, -344.158465, 12928.987289, 34
384.743128, -311.930487, 12949.393549, 35
413.089551, -332.021346, 12968.501495, 36
434.031852, -287.447992, 12970.274021, 37
368.727587, -346.844972, 12950.543659, 38
414.472465, -315.152328, 12963.546389, 39
432.154342, -302.399663, 12949.888891, 40
387.041847, -329.975536, 12949.313531, 41
406.035867, -340.176146, 12969.139842, 42
382.073262, -321.308865, 12972.582717, 43
392.155027, -343.893588, 12984.289435, 44
393.701322, -324.809294, 12959.476317, 45
415.657109, -346.097841, 12983.328620, 46
387.998252, -346.444121, 12983.018586, 47
430.830329, -343.375259, 12992.028422, 48
385.213789, -294.561485, 12964.011062, 49
421.319996, -296.785398, 12948.748595, 50
375.047768, -344.121578, 12974.630299, 51
396.924561, -303.744400, 12990.313964, 52
369.904056, -287.329941, 12956.136332, 53
415.050605, -329.553109, 12968.098422, 54
403.175595, -301.510287, 12930.425945, 55
366.506740, -320.231264, 12940.183989, 56
422.392435, -297.891643, 12949.596891, 57
409.247470, -301.439516, 12962.077200, 58
405.113532, -350.603981, 12954.652590, 59
372.964374, -294.942667, 12945.004146, 60
394.271615, -354.273000, 12956.738629, 61
372.740217, -323.007223, 12940.130158, 62
366.888958, -318.761916, 12939.937433, 63
395.583585, -338.089573, 12966.237417, 64
367.521990, -300.572580, 12951.867516, 65
370.507113, -299.724537, 12987.495122, 66
383.251024, -311.710050, 12976.742990, 67
405.406108, -336.841286, 12962.432836, 68
371.323458, -297.386226, 12967.687861, 69
398.535333, -290.080670, 12959.881483, 70
416.098488, -330.187264, 12961.463902, 71
376.676861, -323.105552, 12994.319593, 72
389.367121, -321.875276, 12962.661411, 73
401.864150, -291.950276, 12980.456989, 74
371.944901, -290.086967, 12967.019997, 75
396.371509, -353.958149, 12954.431213, 76
387.703737, -336.366249, 12929.857338, 77
368.281105, -296.618706, 12948.872854, 78
403.275195, -290.954072, 12938.623390, 79
374.802055, -326.796963, 12935.678662, 80
407.242410, -345.076713, 12961.348010, 81
372.546635, -334.058424, 12994.103082, 82
370.699896, -310.350035, 12959.359127, 83
405.947207, -342.864306, 12954.545848, 84
390.241887, -336.578120, 12951.593330, 85
429.820282, -305.865301, 12953.495198, 86
388.091129, -352.539686, 12972.985783, 87
390.507963, -349.917333, 12963.502382, 88
411.940024, -312.300984, 12959.683990, 89
423.122359, -303.157576, 12988.746692, 90
431.360777, -330.293239, 12930.805186, 91
396.548819, -323.405300, 12952.596250, 92
394.487456, -318.364122, 12929.388462, 93
426.406882, -346.795056, 12942.381482, 94
384.793385, -322.211523, 12961.643150, 95
408.949062, -326.769735, 12942.929385, 96
366.283406, -304.337125, 12946.246943, 97
411.827096, -348.207307, 12952.185961, 98
379.169498, -301.925973, 12995.745005, 99
411.413977, -313.182039, 12979.723604, 100
403.998129, -316.199295, 12936.563216, 101
407.361845, -354.028671, 12969.015960, 102
432.523442, -325.199917, 12937.788184, 103
365.752090, -333.171133, 12946.848442, 104
380.692479, -314.036193, 12980.501803, 105
414.910418, -339.465659, 12940.860259, 106
430.400124, -338.841001, 12992.381444, 107
380.486917, -292.672522, 12931.309182, 108
405.231935, -347.881330, 12985.241849, 109
404.813110, -302.126153, 12959.193016, 110
388.373230, -332.506158, 12930.131024, 111
397.496493, -290.802959, 12931.959355, 112
370.351258, -292.657658, 12962.615982, 113
380.698123, -292.564268, 12985.302877, 114
400.105984, -346.250297, 12958.399818, 115
384.439231, -296.998493, 12974.792790, 116
397.858724, -300.976605, 12991.810638, 117
394.077680, -354.867875, 12986.273197, 118
397.945911, -315.294614, 12994.253525, 119
387.024486, -344.859689, 12979.259272, 120
418.777852, -322.145214, 12933.887000, 121
421.468522, -290.307440, 12930.221412, 122
425.986734, -354.334438, 12993.421157, 123
392.441702, -339.295092, 12987.998036, 124
381.582038, -304.847700, 12928.878167, 125
412.541842, -354.786838, 12987.737990, 126
391.172925, -322.586852, 12973.896681, 127
