x coord, y coord, z coord, scalar
118.739866, -66.473009, 1009.060707, 0
109.190269, -60.624575, 1025.780931, 1
121.523699, -72.252842, 1031.494492, 2
154.049537, -35.505657, 1002.723858, 3
115.011934, -28.826834, 987.674600, 4
139.817729, -35.756359, 1023.337152, 5
104.734573, -48.635909, 1037.558342, 6
157.414381, -59.374705, 1049.420714, 7
158.673994, -39.277814, 1039.100841, 8
165.864052, -69.490100, 994.192265, 9
132.805621, -49.567780, 1024.617927, 10
156.998934, -39.195010, 992.173012, 11
129.192876, -85.207983, 1016.818868, 12
107.100045, -29.975957, 1009.492845, 13
124.956110, -82.501029, 1008.845318, 14
127.762984, -41.500841, 1001.268543, 15
166.232367, -35.583817, 1049.531752, 16
150.203310, -45.706444, 1018.336423, 17
146.036623, -54.569451, 1007.238020, 18
131.550291, -56.242535, 1034.647786, 19
140.874611, -90.973831, 1013.258706, 20
111.905595, -32.792405, 1002.243192, 21
119.210804, -71.136477, 1013.933631, 22
151.162094, -62.854000, 1012.137643, 23
107.067731, -36.715352, 1026.535683, 24
131.045420, -76.489404, 1013.213963, 25
147.446317, -77.794034, 1005.809903, 26
143.390737, -95.127722, 988.283032, 27
108.139992, -47.908581, 1030.612605, 28
130.510312, -83.895491, 1002.549554, 29
111.570100, -41.838370, 1008.474706, 30
139.961077, -28.750316, 1003.861867, 31
157.336520, -77.076494, 1029.624395, 32
117.683489, -93.451374, 994.949814, 33
144.953459, -85.201188, 986.413946, 34
117.901898, -52.973245, 1006.823269, 35
146.248407, -73.063965, 1025.928433, 36
167.190645, -28.490706, 1027.699770, 37
101.886424, -87.887730, 1007.970541, 38
147.631243, -56.194968, 1020.973958, 39
165.313139, -43.442374, 1007.315167, 40
120.200688, -71.018286, 1006.743998, 41
139.194777, -81.218792, 1026.566771, 42
115.231961, -62.352460, 1030.014002, 43
125.313956, -84.936314, 1041.712448, 44
126.860182, -65.851968, 1016.917225, 45
148.815957, -87.140532, 1040.753558, 46
121.157166, -87.486867, 1040.442431, 47
163.989151, -84.417965, 1049.453547, 48
118.372521, -35.604235, 1021.437954, 49
154.478786, -37.828109, 1006.175102, 50
108.206661, -85.164373, 1032.055847, 51
130.083285, -44.787109, 1047.736307, 52
103.062835, -28.372693, 1013.562685, 53
148.209444, -70.595734, 1025.525291, 54
136.334391, -42.553013, 987.852827, 55
99.665546, -61.274023, 997.611240, 56
155.551225, -38.934353, 1007.023390, 57
142.406220, -42.482201, 1019.504342, 58
138.272383, -91.646692, 1012.079595, 59
106.123158, -35.985417, 1002.430990, 60
127.430474, -95.315728, 1014.165547, 61
105.899027, -64.049981, 997.557867, 62
100.047763, -59.804675, 997.364687, 63
128.742599, -79.132245, 1023.667708, 64
100.680771, -41.615344, 1009.294453, 65
103.665877, -40.767312, 1044.919581, 66
116.409520, -52.753017, 1034.164925, 67
138.565002, -77.883932, 1019.861665, 68
104.482213, -38.429003, 1025.114147, 69
131.694089, -31.123392, 1017.308174, 70
149.257320, -71.229919, 1018.891347, 71
109.835673, -64.148355, 1051.740821, 72
122.525894, -62.918103, 1020.113143, 73
135.022895, -32.992988, 1037.882046, 74
105.103667, -31.129727, 1024.446090, 75
129.530363, -95.000874, 1011.858175, 76
120.862557, -77.408985, 987.284536, 77
101.439889, -37.661462, 1006.299630, 78
136.433983, -31.996798, 996.050099, 79
107.960868, -67.839714, 993.106133, 80
140.401278, -86.119402, 1018.775223, 81
105.705477, -75.101210, 1051.526140, 82
103.858663, -51.392840, 1016.787088, 83
139.106063, -83.907004, 1011.973607, 84
123.400753, -77.620856, 1009.023184, 85
162.979078, -46.908006, 1010.921556, 86
121.250020, -93.582426, 1030.411576, 87
123.666854, -90.960067, 1020.929482, 88
145.098793, -53.343640, 1017.112089, 89
156.281145, -44.200272, 1046.171589, 90
164.519588, -71.335958, 988.231565, 91
129.707633, -64.447995, 1010.028795, 92
127.646261, -59.406852, 986.815832, 93
159.565703, -87.837771, 999.807880, 94
117.952185, -63.254439, 1019.084748, 95
142.107877, -67.812439, 1000.357343, 96
99.442196, -45.379885, 1003.673951, 97
144.985936, -89.250014, 1009.612852, 98
112.328261, -42.968734, 1053.168479, 99
144.572726, -54.224648, 1037.147656, 100
137.156930, -57.242013, 993.990893, 101
140.520705, -95.071377, 1026.442004, 102
165.682251, -66.242632, 995.214605, 103
98.910913, -74.213900, 1004.275730, 104
113.851102, -55.079161, 1037.920851, 105
148.069241, -80.508371, 998.287260, 106
163.558944, -79.883704, 1049.806484, 107
113.645711, -33.715261, 988.735831, 108
138.390807, -88.924027, 1042.666231, 109
137.971852, -43.168844, 1016.620834, 110
121.532047, -73.548894, 987.558349, 111
130.655285, -31.845689, 989.385997, 112
103.510026, -33.700421, 1020.042354, 113
113.856873, -33.607023, 1042.727540, 114
133.264861, -87.293003, 1015.827528, 115
117.597936, -38.041255, 1032.218303, 116
131.017464, -42.019319, 1049.233763, 117
127.236547, -95.910602, 1043.697859, 118
131.104671, -56.337304, 1051.673209, 119
120.183428, -85.902445, 1036.683496, 120
151.936660, -63.187929, 991.313869, 121
154.627321, -31.350164, 987.647710, 122
159.145560, -95.377152, 1050.846330, 123
125.600630, -80.337814, 1045.419115, 124
114.740835, -45.890440, 986.305127, 125
145.700686, -95.829548, 1045.162982, 126
124.331699, -63.629609, 1031.323043, 127
