x coord, y coord, z coord, scalar
443.575655, -392.451200, 17128.439870, 0
434.026143, -386.602487, 17145.162605, 1
446.358425, -398.230725, 17150.883036, 2
478.885368, -361.483913, 17122.110275, 3
439.847762, -354.805063, 17107.060970, 4
464.653613, -361.734633, 17142.723594, 5
429.570468, -374.614030, 17156.947573, 6
482.250198, -385.352995, 17168.809727, 7
483.509833, -365.256088, 17158.488781, 8
490.699858, -395.468355, 17113.578771, 9
457.641667, -375.546155, 17143.999849, 10
481.834757, -365.173260, 17111.559493, 11
454.028576, -411.186241, 17136.202726, 12
431.935893, -355.954170, 17128.879114, 13
449.791850, -408.479265, 17128.228692, 14
452.598834, -367.479081, 17120.653385, 15
491.068194, -361.562076, 17168.919781, 16
475.039162, -371.684739, 17137.722384, 17
470.872455, -380.547737, 17126.622584, 18
456.386644, -382.221297, 17154.047306, 19
465.710369, -416.952096, 17132.644501, 20
436.741439, -358.770625, 17121.629113, 21
444.046521, -397.114647, 17133.310467, 22
475.997905, -388.832304, 17131.522653, 23
431.903616, -362.693537, 17145.922509, 24
455.881133, -402.467687, 17132.594744, 25
472.282101, -403.772309, 17125.195097, 26
468.226531, -421.105965, 17107.669417, 27
432.975930, -373.886682, 17149.999803, 28
455.346080, -409.873737, 17121.934119, 29
436.405962, -367.816573, 17127.859513, 30
464.796918, -354.728563, 17123.248132, 31
482.172302, -403.054796, 17149.011703, 32
442.519273, -419.429601, 17114.335729, 33
469.789256, -411.179434, 17105.800104, 34
442.737756, -378.951449, 17126.205292, 35
471.084156, -399.042339, 17145.314212, 36
492.026474, -354.468963, 17147.087155, 37
426.722199, -413.865932, 17127.356395, 38
472.467090, -382.173318, 17140.358885, 39
490.148963, -369.420635, 17126.701840, 40
445.036458, -396.996498, 17126.125011, 41
464.030460, -407.197132, 17145.952562, 42
440.067919, -388.329627, 17149.393909, 43
450.149616, -410.914554, 17161.103526, 44
451.695927, -391.830274, 17136.284140, 45
473.651717, -413.118818, 17160.142037, 46
445.992845, -413.465083, 17159.832387, 47
488.824944, -410.396231, 17168.841774, 48
443.208425, -361.582449, 17140.823794, 49
479.314619, -363.806370, 17125.561462, 50
433.042367, -411.142529, 17151.443503, 51
454.919200, -370.765374, 17167.128291, 52
427.898681, -354.350904, 17132.949253, 53
473.045215, -396.574101, 17144.911162, 54
461.170216, -368.531255, 17107.238681, 55
424.501359, -387.252225, 17116.996595, 56
480.387058, -364.912615, 17126.409762, 57
467.242102, -368.460496, 17138.889845, 58
463.108140, -417.624952, 17131.465283, 59
430.958998, -361.963630, 17121.816895, 60
452.266221, -421.293967, 17133.551352, 61
430.734836, -390.028184, 17116.942604, 62
424.883577, -385.782877, 17116.750038, 63
453.578153, -405.110552, 17143.048959, 64
425.516615, -367.593540, 17128.680232, 65
428.501743, -366.745495, 17164.308706, 66
441.245721, -378.730965, 17153.557459, 67
463.400705, -403.862273, 17139.244889, 68
429.318090, -364.407183, 17144.500805, 69
456.529963, -357.101640, 17136.694286, 70
474.093100, -397.208249, 17138.276441, 71
434.671480, -390.126502, 17171.134310, 72
447.361749, -388.896221, 17139.465449, 73
459.858784, -358.971249, 17157.270365, 74
429.939530, -357.107928, 17143.833010, 75
454.366116, -420.979117, 17131.243921, 76
445.698353, -403.387215, 17106.669963, 77
426.275730, -363.639668, 17125.685626, 78
461.269818, -357.975041, 17115.436186, 79
432.796673, -393.817926, 17112.491191, 80
465.237013, -412.097690, 17138.160630, 81
430.541246, -401.079377, 17170.917158, 82
428.694525, -377.370985, 17136.171486, 83
463.941813, -409.885281, 17131.358277, 84
448.236492, -403.599085, 17128.405025, 85
487.814904, -372.886274, 17130.308118, 86
446.085728, -419.560649, 17149.798901, 87
448.502562, -416.938298, 17140.315042, 88
469.934651, -379.321970, 17136.496299, 89
481.116983, -370.178552, 17165.560124, 90
489.355394, -397.314209, 17107.618098, 91
454.543436, -390.426276, 17129.407003, 92
452.482075, -385.385089, 17106.201028, 93
484.401498, -413.816027, 17119.194387, 94
442.788008, -389.232446, 17138.450733, 95
466.943678, -393.790709, 17119.741744, 96
424.278029, -371.358086, 17123.059636, 97
469.821707, -415.228279, 17128.998694, 98
437.164128, -368.946934, 17172.558935, 99
469.408608, -380.203036, 17156.537331, 100
461.992749, -383.220265, 17113.375674, 101
465.356450, -421.049644, 17145.828991, 102
490.518060, -392.220889, 17114.601082, 103
423.746706, -400.192092, 17123.661037, 104
438.687146, -381.057106, 17157.317284, 105
472.905032, -406.486631, 17117.672953, 106
488.394739, -405.861974, 17169.194825, 107
438.481539, -359.693487, 17108.122001, 108
463.226538, -414.902304, 17162.055461, 109
462.807744, -369.147131, 17136.005423, 110
446.367846, -399.527124, 17106.943604, 111
455.491115, -357.823927, 17108.772175, 112
428.345886, -359.678619, 17139.428896, 113
438.692756, -359.585230, 17162.116391, 114
458.100586, -413.271269, 17135.212264, 115
442.433875, -364.019454, 17151.606006, 116
455.853359, -367.997578, 17168.624690, 117
452.072284, -421.888842, 17163.086711, 118
455.940540, -382.315592, 17171.068783, 119
445.019072, -411.880648, 17156.072940, 120
476.772470, -389.166185, 17110.699740, 121
479.463143, -357.328409, 17107.034353, 122
483.981348, -421.355410, 17170.234492, 123
450.436291, -406.316059, 17164.812806, 124
439.576659, -371.868665, 17105.690876, 125
470.536452, -421.807810, 17164.551390, 126
449.167552, -389.607813, 17150.709599, 127
