x coord, y coord, z coord, scalar
281.697026, -227.883194, 6349.239296, 0
272.147470, -222.034620, 6365.960351, 1
284.480329, -233.662879, 6371.676183, 2
317.006719, -196.915874, 6342.904847, 3
277.969114, -190.237037, 6327.855573, 4
302.774937, -197.166584, 6363.518148, 5
267.691786, -210.046058, 6377.740261, 6
320.371556, -220.784938, 6389.602560, 7
321.631180, -200.688039, 6379.282333, 8
328.821221, -230.900316, 6334.373283, 9
295.762910, -210.978054, 6364.797429, 10
319.956112, -200.605223, 6332.354022, 11
292.149992, -246.618201, 6356.999010, 12
270.057235, -191.386152, 6349.673785, 13
287.913246, -243.911236, 6349.025300, 14
290.720175, -202.911049, 6341.449010, 15
329.189546, -196.994035, 6389.713273, 16
313.160502, -207.116679, 6358.517261, 17
308.993806, -215.979682, 6347.418395, 18
294.507735, -217.653000, 6374.833106, 19
303.831756, -252.384052, 6353.439489, 20
274.862783, -194.202603, 6342.424017, 21
282.167929, -232.546651, 6354.111451, 22
314.119266, -224.264240, 6352.318166, 23
270.024939, -198.125533, 6366.716807, 24
294.002543, -237.899634, 6353.393087, 25
310.403476, -239.204260, 6345.990487, 26
306.347900, -256.537932, 6328.464009, 27
271.097226, -209.318719, 6370.793851, 28
293.467462, -245.305703, 6342.729929, 29
274.527297, -203.248559, 6348.655162, 30
302.918264, -190.160528, 6344.042805, 31
320.293678, -238.486733, 6369.805678, 32
280.640647, -254.861576, 6335.130636, 33
307.910624, -246.611400, 6326.594848, 34
280.859093, -214.383435, 6347.002804, 35
309.205548, -234.474241, 6366.109210, 36
330.147826, -189.900923, 6367.881078, 37
264.843578, -249.297920, 6348.151343, 38
310.588433, -217.605231, 6361.154453, 39
328.270317, -204.852593, 6347.496240, 40
283.157839, -232.428481, 6346.923199, 41
302.151886, -242.629051, 6366.747552, 42
278.189199, -223.762134, 6370.192839, 43
288.271053, -246.346524, 6381.894978, 44
289.817321, -227.262210, 6357.091763, 45
311.773104, -248.550763, 6380.935229, 46
284.114272, -248.897064, 6380.624589, 47
326.946314, -245.828187, 6389.635133, 48
281.329739, -197.014430, 6361.618751, 49
317.435969, -199.238328, 6346.356072, 50
271.163780, -246.574540, 6372.237245, 51
293.040508, -206.197329, 6387.919136, 52
266.020024, -189.782887, 6353.743723, 53
311.166597, -232.006006, 6365.706099, 54
299.291570, -203.963222, 6328.033629, 55
262.622719, -222.684212, 6337.791877, 56
318.508408, -200.344572, 6347.204363, 57
305.363427, -203.892436, 6359.685028, 58
301.229528, -253.056911, 6352.260342, 59
269.080344, -197.395612, 6342.611809, 60
290.387614, -256.725936, 6354.346332, 61
268.856197, -225.460171, 6337.738300, 62
263.004936, -221.214864, 6337.545323, 63
291.699643, -240.542488, 6363.846987, 64
263.637959, -203.025530, 6349.475230, 65
266.623075, -202.177492, 6385.101465, 66
279.366884, -214.163078, 6374.347936, 67
301.522120, -239.294191, 6360.041598, 68
267.439417, -199.839181, 6365.295215, 69
294.651292, -192.533604, 6357.489061, 70
312.214477, -232.640173, 6359.071897, 71
272.792842, -225.558517, 6391.924149, 72
285.483087, -224.328250, 6360.282844, 73
297.980105, -194.403206, 6378.063663, 74
268.060864, -192.539916, 6364.627245, 75
292.487506, -256.411084, 6352.038941, 76
283.819721, -238.819189, 6327.465196, 77
264.397075, -199.071653, 6346.480479, 78
299.391166, -193.407008, 6336.230979, 79
270.918036, -229.249908, 6333.286672, 80
303.358412, -247.529635, 6358.955878, 81
268.662627, -236.511382, 6391.708650, 82
266.815860, -212.803001, 6356.967408, 83
302.063205, -245.317231, 6352.154017, 84
286.357889, -239.031060, 6349.202658, 85
325.936257, -208.318228, 6351.102592, 86
284.207140, -254.992627, 6370.592864, 87
286.623974, -252.370272, 6361.110187, 88
308.055989, -214.753892, 6357.292348, 89
319.238330, -205.610500, 6386.353277, 90
327.476758, -232.746172, 6328.412592, 91
292.664801, -225.858224, 6350.207068, 92
290.603434, -220.817059, 6326.996417, 93
322.522867, -249.247988, 6339.988898, 94
280.909362, -224.664532, 6359.258978, 95
305.065044, -229.222662, 6340.537664, 96
262.399378, -206.790074, 6343.854696, 97
307.943088, -250.660235, 6349.793650, 98
275.285460, -204.378922, 6393.350803, 99
307.529934, -215.634930, 6377.329722, 100
300.114106, -218.652227, 6334.171340, 101
303.477844, -256.481599, 6366.623180, 102
328.639422, -227.652849, 6335.395613, 103
261.868075, -235.624084, 6344.456351, 104
276.808388, -216.489222, 6378.105151, 105
311.026403, -241.918590, 6338.468009, 106
326.516108, -241.293928, 6389.988109, 107
276.602891, -195.125462, 6328.916737, 108
301.347939, -250.334254, 6382.848149, 109
300.929064, -204.579075, 6356.801218, 110
284.489213, -234.959098, 6327.738953, 111
293.612466, -193.255896, 6329.566907, 112
266.467222, -195.110608, 6360.223384, 113
276.814080, -195.017215, 6382.909333, 114
296.221990, -248.703225, 6356.007960, 115
280.555171, -199.451442, 6372.399716, 116
293.974678, -203.429536, 6389.416243, 117
290.193682, -257.320811, 6383.879652, 118
294.061872, -217.747536, 6391.857225, 119
283.140516, -247.312636, 6376.865485, 120
314.893831, -224.598145, 6331.494677, 121
317.584498, -192.760375, 6327.828773, 122
322.102720, -256.787369, 6391.027896, 123
288.557727, -241.748026, 6385.602508, 124
277.698013, -207.300641, 6326.485894, 125
308.657835, -257.239768, 6385.344628, 126
287.288891, -225.039800, 6371.504077, 127
