x coord, y coord, z coord, scalar
407.773663, -336.978668, 13667.630066, 0
398.224131, -331.129993, 13684.352261, 1
410.556580, -342.758268, 13690.071215, 2
443.083372, -306.011370, 13661.298912, 3
404.045765, -299.332524, 13646.249616, 4
428.851609, -306.262086, 13681.912225, 5
393.768459, -319.141505, 13696.135605, 6
446.448205, -329.880447, 13707.997805, 7
447.707837, -309.783543, 13697.677090, 8
454.897866, -339.995813, 13652.767388, 9
421.839643, -320.073589, 13683.189452, 10
446.032762, -309.700719, 13650.748116, 11
418.226599, -355.713701, 13675.391913, 12
396.133894, -300.481633, 13668.067782, 13
413.989866, -353.006728, 13667.417983, 14
416.796835, -312.006540, 13659.842360, 15
455.266198, -306.089533, 13708.108071, 16
439.237164, -316.212190, 13676.911119, 17
435.070460, -325.075190, 13665.811619, 18
420.584586, -326.748665, 13693.233124, 19
429.908384, -361.479554, 13671.833271, 20
400.939440, -303.298087, 13660.817857, 21
408.244539, -341.642120, 13672.501164, 22
440.195914, -333.359754, 13670.711592, 23
396.101610, -307.221003, 13685.111058, 24
420.079155, -346.995144, 13671.784592, 25
436.480113, -348.299765, 13664.383996, 26
432.424540, -365.633425, 13646.858060, 27
397.173914, -318.414159, 13689.188271, 28
419.544093, -354.401198, 13661.123153, 29
400.603960, -312.344037, 13667.048496, 30
428.994920, -299.256021, 13662.436801, 31
446.370315, -347.582248, 13688.200148, 32
406.717283, -363.957064, 13653.524474, 33
433.987265, -355.706894, 13644.988796, 34
406.935755, -323.478913, 13665.394873, 35
435.282176, -343.569782, 13684.502986, 36
456.224478, -298.996420, 13686.275583, 37
390.920210, -358.393399, 13666.545152, 38
436.665094, -326.700761, 13679.547842, 39
454.346968, -313.948092, 13665.890421, 40
409.234470, -341.523963, 13665.314809, 41
428.228488, -351.724582, 13685.141333, 42
404.265873, -332.857239, 13688.583946, 43
414.347645, -355.442019, 13700.291160, 44
415.893945, -336.357727, 13675.476968, 45
437.849732, -357.646273, 13699.330230, 46
410.190870, -357.992550, 13699.020262, 47
453.022954, -354.923688, 13708.030021, 48
407.406418, -306.109910, 13680.012555, 49
443.512623, -308.333826, 13664.750111, 50
397.240386, -355.670004, 13690.631873, 51
419.117192, -315.292827, 13706.315731, 52
392.096682, -298.878367, 13672.137857, 53
437.243231, -341.101544, 13684.099916, 54
425.368221, -313.058715, 13646.427438, 55
388.699364, -331.779690, 13656.185460, 56
444.585062, -309.440072, 13665.598408, 57
431.440100, -312.987946, 13678.078678, 58
427.306155, -362.152411, 13670.654076, 59
395.157000, -306.491094, 13661.005642, 60
416.464237, -365.821429, 13672.740120, 61
394.932841, -334.555650, 13656.131602, 62
389.081582, -330.310343, 13655.938904, 63
417.776199, -349.638010, 13682.238706, 64
389.714616, -312.121006, 13667.869006, 65
392.699739, -311.272962, 13703.496761, 66
405.443662, -323.258456, 13692.744780, 67
427.598730, -348.389721, 13678.434212, 68
393.516086, -308.934650, 13683.689390, 69
420.727961, -301.629097, 13675.882988, 70
438.291114, -341.735697, 13677.465362, 71
398.869484, -334.653976, 13710.321427, 72
411.559746, -333.423698, 13678.661413, 73
424.056779, -303.498703, 13696.458592, 74
394.137528, -301.635393, 13683.021538, 75
418.564131, -365.506578, 13670.432702, 76
409.896362, -347.914677, 13645.858812, 77
390.473731, -308.167132, 13664.874353, 78
425.467821, -302.502500, 13654.624894, 79
396.994679, -338.345390, 13651.680120, 80
429.435032, -356.625145, 13677.349484, 81
394.739257, -345.606849, 13710.104805, 82
392.892522, -321.898458, 13675.360556, 83
428.139830, -354.412737, 13670.547289, 84
412.434508, -348.126549, 13667.594645, 85
452.012909, -317.413730, 13669.496723, 86
410.283749, -364.088115, 13688.987342, 87
412.700583, -361.465763, 13679.503863, 88
434.132653, -323.849415, 13675.685411, 89
445.314986, -314.706005, 13704.748305, 90
453.553402, -341.841668, 13646.806710, 91
418.741444, -334.953730, 13668.597404, 92
416.680081, -329.912550, 13645.389927, 93
448.599507, -358.343485, 13658.383005, 94
406.986006, -333.759940, 13677.643761, 95
431.141687, -338.318165, 13658.930814, 96
388.476031, -315.885551, 13662.248429, 97
434.019720, -359.755737, 13668.187454, 98
401.362125, -313.474398, 13711.746703, 99
433.606608, -324.730473, 13695.725267, 100
426.190755, -327.747723, 13652.564662, 101
429.554467, -365.577102, 13685.017504, 102
454.716067, -336.748347, 13653.789705, 103
387.944714, -344.719559, 13662.849912, 104
402.885110, -325.584603, 13696.503767, 105
437.103042, -351.014089, 13656.861745, 106
452.592749, -350.389431, 13708.383048, 107
402.679543, -304.220949, 13647.310690, 108
427.424557, -359.429761, 13701.243492, 109
427.005740, -313.674582, 13675.194453, 110
410.565854, -344.054586, 13646.132490, 111
419.689119, -302.351387, 13647.960863, 112
392.543885, -304.206084, 13678.617506, 113
402.890751, -304.112693, 13701.304504, 114
422.298606, -357.798728, 13674.401262, 115
406.631862, -308.546916, 13690.794366, 116
420.051353, -312.525033, 13707.812357, 117
416.270302, -366.416304, 13702.274824, 118
420.138539, -326.843043, 13710.255451, 119
409.217102, -356.408119, 13695.260926, 120
440.970477, -333.693643, 13649.888494, 121
443.661148, -301.855869, 13646.222941, 122
448.179358, -365.882868, 13709.422754, 123
414.634320, -350.843523, 13703.999878, 124
403.774663, -316.396127, 13644.879656, 125
434.734465, -366.335268, 13703.739598, 126
413.365551, -334.135278, 13689.898206, 127
