x coord, y coord, z coord, scalar
515.355414, -455.691776, 23764.835924, 0
505.805917, -449.843004, 23781.559693, 1
518.137964, -461.471245, 23787.282959, 2
550.665137, -424.724502, 23758.509320, 3
511.627530, -418.045646, 23743.459995, 4
536.433392, -424.975225, 23779.122649, 5
501.350249, -437.854591, 23793.347779, 6
554.029964, -448.593591, 23805.209843, 7
555.289604, -428.496681, 23794.888455, 8
562.479622, -458.708944, 23749.977852, 9
529.421481, -438.786767, 23780.397040, 10
553.614524, -428.413848, 23747.958563, 11
525.808318, -474.426831, 23772.600716, 12
503.715665, -419.194750, 23765.278097, 13
521.571600, -471.719851, 23764.626482, 14
524.378606, -430.719666, 23757.051780, 15
562.847962, -424.802665, 23805.319492, 16
546.818936, -434.925335, 23774.121241, 17
542.652225, -443.788332, 23763.020865, 18
528.166524, -445.461985, 23790.451758, 19
537.490123, -480.192687, 23769.043289, 20
508.521210, -422.011206, 23758.027952, 21
515.826266, -460.355219, 23769.705561, 22
547.777671, -452.072902, 23767.921117, 23
503.683395, -425.934111, 23782.321722, 24
527.660878, -465.708283, 23768.991464, 25
544.061861, -467.012902, 23761.593637, 26
540.006292, -484.346552, 23744.068449, 27
504.755720, -437.127238, 23786.399170, 28
527.125836, -473.114324, 23758.332400, 29
508.185737, -431.057150, 23764.257894, 30
536.576689, -417.969150, 23759.647113, 31
553.952061, -466.295394, 23785.411116, 32
514.299032, -482.670185, 23750.734567, 33
541.569018, -474.420021, 23742.199042, 34
514.517530, -442.192027, 23762.602524, 35
542.863909, -462.282953, 23781.712993, 36
563.806242, -417.709552, 23783.486598, 37
498.501956, -477.106510, 23763.755208, 38
544.246863, -445.413926, 23776.757316, 39
561.928730, -432.661226, 23763.100990, 40
516.816214, -460.237078, 23762.521827, 41
535.810199, -470.437740, 23782.351349, 42
511.847705, -451.569990, 23785.790265, 43
521.929350, -474.155141, 23797.504493, 44
523.475679, -455.070874, 23772.675147, 45
545.431471, -476.359413, 23796.541931, 46
517.772582, -476.705665, 23796.232891, 47
560.604705, -473.636823, 23805.241565, 48
514.988209, -424.823028, 23777.222601, 49
551.094388, -427.046960, 23761.960482, 50
504.822109, -474.383098, 23787.843059, 51
526.698986, -434.005964, 23803.529631, 52
499.678453, -417.591483, 23769.348361, 53
544.824972, -459.814714, 23781.309982, 54
532.949984, -431.771841, 23743.637494, 55
496.281124, -450.492802, 23753.395202, 56
552.166827, -428.153205, 23762.808788, 57
539.021881, -431.701092, 23775.288514, 58
534.887893, -480.865542, 23767.864027, 59
502.738769, -425.204210, 23758.215729, 60
524.045973, -484.534553, 23769.950145, 61
502.514600, -453.268762, 23753.340956, 62
496.663343, -449.023455, 23753.148644, 63
525.357865, -468.351153, 23779.445874, 64
497.296386, -430.834116, 23765.079014, 65
500.281518, -429.986068, 23800.708868, 66
513.025564, -441.971487, 23789.959029, 67
535.180448, -467.102880, 23775.642617, 68
501.097868, -427.647756, 23780.899950, 69
528.309741, -420.342227, 23773.093205, 70
545.872859, -460.448854, 23774.674941, 71
506.451243, -453.367068, 23807.536271, 72
519.141522, -452.136782, 23775.850446, 73
531.638564, -422.211838, 23793.670194, 74
501.719306, -420.348506, 23780.232261, 75
526.145869, -484.219704, 23767.642689, 76
517.478115, -466.627799, 23743.068601, 77
498.055500, -426.880246, 23762.084497, 78
533.049588, -421.215627, 23751.835095, 79
504.576436, -457.058506, 23748.889676, 80
537.016762, -475.338286, 23774.559257, 81
502.321001, -464.319948, 23807.318100, 82
500.474300, -440.611551, 23772.569699, 83
535.721566, -473.125874, 23767.756602, 84
520.016241, -466.839669, 23764.802183, 85
559.594671, -436.126866, 23766.707223, 86
517.865471, -482.801232, 23786.198321, 87
520.282305, -480.178883, 23776.713732, 88
541.714426, -442.562574, 23772.894434, 89
552.896753, -433.419145, 23801.960042, 90
561.135158, -460.554797, 23744.017191, 91
526.323199, -453.666870, 23765.802663, 92
524.261841, -448.625674, 23742.599569, 93
556.181259, -477.056616, 23755.593470, 94
514.567773, -452.472984, 23774.841356, 95
538.723441, -457.031300, 23756.139958, 96
496.057798, -434.598663, 23759.458379, 97
541.601463, -478.468870, 23765.397502, 98
508.943903, -432.187511, 23808.959646, 99
541.188388, -443.443652, 23792.937718, 100
533.772516, -446.460853, 23749.774045, 101
537.136201, -484.290236, 23782.228270, 102
562.297824, -455.461478, 23751.000150, 103
495.526466, -463.432668, 23760.059624, 104
510.466956, -444.297629, 23793.720460, 105
544.684793, -469.727221, 23754.071699, 106
560.174500, -469.102567, 23805.594663, 107
510.261308, -422.934070, 23744.520943, 108
535.006286, -478.142898, 23798.455665, 109
534.587525, -432.387726, 23772.403714, 110
518.147609, -462.767708, 23743.342169, 111
527.270884, -421.064512, 23745.171121, 112
500.125661, -422.919195, 23775.827992, 113
510.472535, -422.825809, 23798.516440, 114
529.880333, -476.511861, 23771.610615, 115
514.213666, -427.260030, 23788.005581, 116
527.633140, -431.238167, 23805.025595, 117
523.852034, -485.129428, 23799.486760, 118
527.720317, -445.556187, 23807.471603, 119
516.798802, -475.121228, 23792.473233, 120
548.552234, -452.406774, 23747.098560, 121
551.242910, -420.568996, 23743.433491, 122
555.761108, -484.595999, 23806.634255, 123
522.216025, -469.556647, 23801.214851, 124
511.356426, -435.109248, 23742.089645, 125
542.316207, -485.048401, 23800.951256, 126
520.947325, -452.848392, 23787.108700, 127
