x coord, y coord, z coord, scalar
443.907357, -392.319555, 17537.095951, 0
434.357846, -386.470842, 17553.818750, 1
446.690128, -398.099077, 17559.539356, 2
479.217070, -361.352268, 17530.766541, 3
440.179464, -354.673418, 17515.717234, 4
464.985315, -361.602988, 17551.379860, 5
429.902171, -374.482386, 17565.603910, 6
482.581900, -385.221350, 17577.466059, 7
483.841536, -365.124443, 17567.145085, 8
491.031561, -395.336710, 17522.235039, 9
457.973369, -375.414511, 17552.656000, 10
482.166459, -365.041615, 17520.215760, 11
454.360279, -411.054595, 17544.858927, 12
432.267596, -355.822525, 17537.535375, 13
450.123552, -408.347620, 17536.884880, 14
452.930536, -367.347436, 17529.309610, 15
491.399896, -361.430431, 17577.576088, 16
475.370865, -371.553094, 17546.378638, 17
471.204158, -380.416092, 17535.278803, 18
456.718346, -382.089653, 17562.703904, 19
466.042071, -416.820451, 17541.300750, 20
437.073141, -358.638980, 17530.285366, 21
444.378224, -396.983001, 17541.966489, 22
476.329608, -388.700659, 17540.178883, 23
432.235318, -362.561892, 17554.578785, 24
456.212836, -402.336042, 17541.250866, 25
472.613804, -403.640664, 17533.851331, 26
468.558233, -420.974320, 17516.325682, 27
433.307633, -373.755037, 17558.656088, 28
455.677783, -409.742092, 17530.590337, 29
436.737665, -367.684928, 17536.515738, 30
465.128621, -354.596918, 17531.904393, 31
482.504005, -402.923151, 17557.667991, 32
442.850976, -419.297956, 17522.991982, 33
470.120959, -411.047789, 17514.456363, 34
443.069459, -378.819804, 17534.861445, 35
471.415858, -398.910694, 17553.970461, 36
492.358176, -354.337318, 17555.743445, 37
427.053902, -413.734287, 17536.012646, 38
472.798792, -382.041673, 17549.015113, 39
490.480665, -369.288991, 17535.358112, 40
445.368161, -396.864853, 17534.781139, 41
464.362162, -407.065487, 17554.608812, 42
440.399624, -388.197981, 17558.050009, 43
450.481319, -410.782909, 17569.759910, 44
452.027630, -391.698629, 17544.939911, 45
473.983419, -412.987173, 17568.798354, 46
446.324548, -413.333437, 17568.488742, 47
489.156646, -410.264586, 17577.498085, 48
443.540128, -361.450804, 17549.480045, 49
479.646322, -363.674725, 17534.217726, 50
433.374070, -411.010884, 17560.099800, 51
455.250902, -370.633729, 17575.784698, 52
428.230384, -354.219259, 17541.605523, 53
473.376917, -396.442456, 17553.567414, 54
461.501919, -368.399610, 17515.894932, 55
424.833062, -387.120580, 17525.652834, 56
480.718761, -364.780970, 17535.066026, 57
467.573804, -368.328851, 17547.546088, 58
463.439842, -417.493307, 17540.121530, 59
431.290701, -361.831985, 17530.473148, 60
452.597924, -421.162322, 17542.207602, 61
431.066538, -389.896539, 17525.598827, 62
425.215280, -385.651232, 17525.406277, 63
453.909855, -404.978906, 17551.705093, 64
425.848318, -367.461895, 17537.336482, 65
428.833445, -366.613850, 17572.965041, 66
441.577425, -378.599320, 17562.213880, 67
463.732407, -403.730628, 17547.901073, 68
429.649793, -364.275538, 17553.157077, 69
456.861666, -356.969995, 17545.350544, 70
474.424803, -397.076604, 17546.932673, 71
435.003183, -389.994857, 17579.790755, 72
447.693452, -388.764576, 17548.120849, 73
460.190486, -358.839604, 17565.926678, 74
430.271233, -356.976283, 17552.489288, 75
454.697819, -420.847472, 17539.900169, 76
446.030056, -403.255570, 17515.326204, 77
426.607432, -363.508023, 17534.341881, 78
461.601521, -357.843396, 17524.092443, 79
433.128375, -393.686281, 17521.147422, 80
465.568715, -411.966044, 17546.816869, 81
430.872949, -400.947732, 17579.573540, 82
429.026228, -377.239340, 17544.827700, 83
464.273516, -409.753636, 17540.014498, 84
448.568194, -403.467440, 17537.061174, 85
488.146606, -372.754630, 17538.964387, 86
446.417430, -419.429004, 17558.455189, 87
448.834264, -416.806653, 17548.971285, 88
470.266354, -379.190325, 17545.152509, 89
481.448685, -370.046907, 17574.216443, 90
489.687097, -397.182564, 17516.274367, 91
454.875138, -390.294631, 17538.063060, 92
452.813778, -385.253444, 17514.857262, 93
484.733200, -413.684382, 17527.850655, 94
443.119711, -389.100801, 17547.106480, 95
467.275381, -393.659064, 17528.397959, 96
424.609732, -371.226441, 17531.715883, 97
470.153410, -415.096634, 17537.654945, 98
437.495830, -368.815289, 17581.215303, 99
469.740310, -380.071391, 17565.193679, 100
462.324452, -383.088620, 17522.031898, 101
465.688153, -420.917999, 17554.485271, 102
490.849762, -392.089244, 17523.257348, 103
424.078409, -400.060447, 17532.317274, 104
439.018849, -380.925462, 17565.973804, 105
473.236735, -406.354986, 17526.329200, 106
488.726441, -405.730329, 17577.851140, 107
438.813242, -359.561842, 17516.778260, 108
463.558240, -414.770659, 17570.711797, 109
463.139446, -369.015486, 17544.661642, 110
446.699549, -399.395479, 17515.599840, 111
455.822818, -357.692282, 17517.428435, 112
428.677589, -359.546974, 17548.085165, 113
439.024459, -359.453586, 17570.772719, 114
458.432289, -413.139624, 17543.868487, 115
442.765578, -363.887809, 17560.262304, 116
456.185061, -367.865933, 17577.281070, 117
452.403987, -421.757197, 17571.743038, 118
456.272242, -382.183947, 17579.725281, 119
445.350775, -411.749003, 17564.729282, 120
477.104172, -389.034540, 17519.355992, 121
479.794846, -357.196765, 17515.690624, 122
484.313050, -421.223765, 17578.890801, 123
450.767994, -406.184414, 17573.469256, 124
439.908362, -371.737020, 17514.347124, 125
470.868154, -421.676165, 17573.207706, 126
449.499255, -389.476169, 17559.365868, 127
