x coord, y coord, z coord, scalar
248.602343, -180.881048, 4527.290171, 0
239.052770, -175.032508, 4544.010942, 1
251.385774, -186.660795, 4549.725998, 2
283.912031, -149.913719, 4520.954902, 3
244.874426, -143.234886, 4505.905634, 4
269.680243, -150.164426, 4541.568201, 5
234.597088, -163.043919, 4555.789999, 6
287.276871, -173.782779, 4567.652322, 7
288.536492, -153.685882, 4557.332216, 8
295.726537, -183.898162, 4512.423328, 9
262.668198, -163.975880, 4542.847992, 10
286.861425, -153.603070, 4510.404070, 11
259.055322, -199.616049, 4535.049355, 12
236.962545, -144.384002, 4527.723857, 13
254.818570, -196.909086, 4527.075700, 14
257.625485, -155.908896, 4519.499244, 15
296.094860, -149.991880, 4567.763146, 16
280.065813, -160.114520, 4536.567367, 17
275.899119, -168.977524, 4525.468660, 18
261.412992, -170.650770, 4552.881681, 19
270.737078, -205.381898, 4531.489614, 20
241.768093, -147.200453, 4520.474128, 21
249.073254, -185.544510, 4532.162589, 22
281.024582, -177.262080, 4530.368381, 23
236.930243, -151.123386, 4544.766816, 24
260.907871, -190.897479, 4531.443780, 25
277.308795, -192.202104, 4524.040680, 26
273.253217, -209.535780, 4506.514068, 27
238.002522, -162.316583, 4548.843819, 28
260.372783, -198.303551, 4520.780194, 29
241.432605, -156.246411, 4526.705399, 30
269.823575, -143.158374, 4522.092878, 31
287.198997, -191.484574, 4547.855632, 32
247.545965, -207.859426, 4513.180749, 33
274.815941, -199.609247, 4504.644933, 34
247.764401, -167.381287, 4525.053356, 35
276.110874, -187.472073, 4544.159338, 36
297.053138, -142.898768, 4545.931025, 37
231.748896, -202.295773, 4526.201462, 38
277.493745, -170.603064, 4539.204677, 39
295.175631, -157.850438, 4525.546266, 40
250.063158, -185.426333, 4524.973865, 41
269.057219, -195.626889, 4544.797678, 42
245.094473, -176.760115, 4548.243630, 43
255.176387, -199.344375, 4559.944507, 44
256.722646, -180.260051, 4535.144022, 45
278.678426, -201.548607, 4558.985051, 46
251.019603, -201.894918, 4558.674245, 47
293.851632, -198.826032, 4567.684984, 48
248.235041, -150.012280, 4539.668872, 49
284.341281, -152.236173, 4524.406133, 50
238.069106, -199.572401, 4550.287160, 51
259.945810, -159.195172, 4565.968563, 52
232.925334, -142.780738, 4531.793762, 53
278.071919, -185.003838, 4543.756216, 54
266.196883, -156.961070, 4506.083748, 55
229.528032, -175.682065, 4515.842053, 56
285.413720, -153.342417, 4525.254424, 57
272.268734, -156.890276, 4537.735187, 58
268.134850, -206.054757, 4530.310479, 59
235.985654, -150.393463, 4520.661922, 60
257.292937, -209.723786, 4532.396457, 61
235.761511, -178.458024, 4515.788545, 62
229.910250, -174.212717, 4515.595499, 63
258.604992, -193.540333, 4541.897627, 64
230.543269, -156.023383, 4527.525358, 65
233.528382, -155.175346, 4563.151215, 66
246.272143, -167.160955, 4552.397300, 67
268.427451, -192.292029, 4538.092014, 68
234.344722, -152.837035, 4543.345243, 69
261.556599, -145.531450, 4535.539151, 70
279.119797, -185.638010, 4537.122102, 71
239.698156, -178.556377, 4569.973405, 72
252.388394, -177.326113, 4538.336755, 73
264.885410, -147.401050, 4556.113504, 74
234.966172, -145.537768, 4542.677244, 75
259.392828, -209.408933, 4530.089073, 76
250.725037, -191.817038, 4505.515364, 77
231.302385, -152.069505, 4524.530582, 78
266.296478, -146.404855, 4514.281071, 79
237.823351, -182.247760, 4511.336881, 80
270.263738, -200.527478, 4537.006047, 81
235.567946, -189.509240, 4569.758185, 82
233.721166, -165.800860, 4535.017692, 83
268.968528, -198.315075, 4530.204270, 84
253.263213, -192.028911, 4527.253231, 85
292.841571, -161.316073, 4529.152631, 86
251.112468, -207.990479, 4548.642817, 87
253.529302, -205.368123, 4539.160340, 88
274.961299, -167.751728, 4535.342653, 89
286.143642, -158.608343, 4564.403094, 90
294.382073, -185.744018, 4506.462634, 91
259.570117, -178.856067, 4528.258051, 92
257.508749, -173.814908, 4505.046610, 93
289.428184, -202.245834, 4518.038943, 94
247.814670, -177.662409, 4537.311342, 95
271.970360, -182.220507, 4518.587948, 96
229.304689, -159.787926, 4521.904835, 97
274.848408, -203.658081, 4527.843771, 98
242.190767, -157.376774, 4571.400402, 99
274.435242, -168.632758, 4555.379409, 100
267.019420, -171.650074, 4512.221580, 101
270.383168, -209.479445, 4544.673172, 102
295.544737, -180.650695, 4513.445662, 103
228.773392, -188.621939, 4522.506532, 104
243.713667, -169.487102, 4556.154075, 105
277.931720, -194.916436, 4516.518146, 106
293.421425, -194.291772, 4568.037946, 107
243.508203, -148.123312, 4506.966821, 108
268.253264, -203.332099, 4560.897887, 109
267.834370, -157.576916, 4534.851480, 110
251.394529, -187.956947, 4505.789140, 111
260.517779, -146.253744, 4507.616989, 112
233.372530, -148.108460, 4538.273425, 113
243.719385, -148.015065, 4560.959114, 114
263.127316, -201.701072, 4534.058206, 115
247.460469, -152.449293, 4550.449626, 116
260.879982, -156.427380, 4567.465789, 117
257.099006, -210.318661, 4561.929432, 118
260.967180, -170.745377, 4569.906246, 119
250.045852, -200.310492, 4554.915199, 120
281.799146, -177.595992, 4509.544794, 121
284.489811, -145.758222, 4505.878803, 122
289.008038, -209.785215, 4569.077754, 123
255.463061, -194.745877, 4563.651742, 124
244.603326, -160.298490, 4504.536025, 125
275.563156, -210.237614, 4563.394458, 126
254.194200, -178.037651, 4549.554117, 127
