x coord, y coord, z coord, scalar
472.692597, -401.826148, 18792.010186, 0
463.143082, -395.977417, 18808.733180, 1
475.475302, -407.605686, 18814.454322, 2
508.002315, -370.858863, 18785.681341, 3
468.964707, -364.180012, 18770.632030, 4
493.770563, -371.109583, 18806.294662, 5
458.687415, -383.988972, 18820.518929, 6
511.367145, -394.727947, 18832.381061, 7
512.626781, -374.631039, 18822.060004, 8
519.816804, -404.843306, 18777.149846, 9
486.758628, -384.921106, 18807.570450, 10
510.951703, -374.548210, 18775.130565, 11
483.145516, -420.561195, 18799.773527, 12
461.052840, -365.329118, 18792.450164, 13
478.908791, -417.854217, 18791.799443, 14
481.715781, -376.854029, 18784.224287, 15
520.185140, -370.937026, 18832.491014, 16
504.156111, -381.059690, 18801.293403, 17
499.989403, -389.922689, 18790.193458, 18
485.503633, -391.596259, 18817.619726, 19
494.827312, -426.327049, 18796.215502, 20
465.858385, -368.145573, 18785.200127, 21
473.163459, -406.489595, 18796.880542, 22
505.114853, -398.207257, 18795.093573, 23
461.020563, -372.068482, 18809.493616, 24
484.998075, -411.842642, 18796.165227, 25
501.399046, -413.147262, 18788.766036, 26
497.343475, -430.480916, 18771.240479, 27
462.092878, -383.261621, 18813.570949, 28
484.463023, -419.248689, 18785.504993, 29
465.522909, -377.191519, 18791.430412, 30
493.913865, -364.103513, 18786.819181, 31
511.289248, -412.429750, 18812.582861, 32
471.636216, -428.804551, 18777.906743, 33
498.906201, -420.554385, 18769.371143, 34
471.854703, -388.326396, 18789.775903, 35
500.201102, -408.417298, 18808.885211, 36
521.143421, -363.843913, 18810.658320, 37
455.839142, -423.240881, 18790.927402, 38
501.584040, -391.548273, 18803.929797, 39
519.265909, -378.795586, 18790.272932, 40
474.153400, -406.371447, 18789.695518, 41
493.147401, -416.572091, 18809.523563, 42
469.184841, -397.704515, 18812.964301, 43
479.266554, -420.289509, 18824.675073, 44
480.812871, -401.205230, 18799.853191, 45
502.768661, -422.493772, 18823.713315, 46
475.109782, -422.840035, 18823.403818, 47
517.941889, -419.771183, 18832.413026, 48
472.325375, -370.957394, 18804.394800, 49
508.431566, -373.181320, 18789.132521, 50
462.159304, -420.517477, 18815.014697, 51
484.036151, -380.140322, 18830.699932, 52
457.015628, -363.725851, 18796.520334, 53
502.162162, -405.949059, 18808.482171, 54
490.287163, -377.906205, 18770.809688, 55
453.618303, -396.627172, 18780.567551, 56
509.504005, -374.287566, 18789.980822, 57
496.359052, -377.835446, 18802.460816, 58
492.225083, -426.999905, 18795.036273, 59
460.075944, -371.338578, 18785.387908, 60
481.383163, -430.668919, 18797.122355, 61
459.851780, -399.403132, 18780.513496, 62
454.000522, -395.157825, 18780.320994, 63
482.695086, -414.485512, 18806.619490, 64
454.633561, -376.968487, 18792.251232, 65
457.618689, -376.120440, 18827.880052, 66
470.362679, -388.105888, 18817.129157, 67
492.517647, -413.237231, 18802.815624, 68
458.435038, -373.782128, 18808.071896, 69
485.646912, -366.476589, 18800.265320, 70
503.210046, -406.583205, 18801.847370, 71
463.788422, -399.501447, 18834.706106, 72
476.478693, -398.271164, 18803.032992, 73
488.975734, -368.346197, 18820.841627, 74
459.056477, -366.482875, 18807.404127, 75
483.483059, -430.354069, 18794.814917, 76
474.815298, -412.762165, 18770.240927, 77
455.392676, -373.014615, 18789.256648, 78
490.386765, -367.349990, 18779.007217, 79
461.913617, -403.192875, 18776.062116, 80
494.353955, -421.472644, 18801.731590, 81
459.658187, -410.454324, 18834.488699, 82
457.811471, -386.745929, 18799.742343, 83
493.058756, -419.260234, 18794.929162, 84
477.353433, -412.974036, 18791.975617, 85
516.931850, -382.261226, 18793.879198, 86
475.202667, -428.935601, 18813.370060, 87
477.619501, -426.313251, 18803.886018, 88
499.051602, -388.696923, 18800.067137, 89
510.233931, -379.553503, 18829.131408, 90
518.472340, -406.689160, 18771.189176, 91
483.660382, -399.801228, 18792.977220, 92
481.599021, -394.760039, 18769.771967, 93
513.518443, -423.190978, 18782.765462, 94
471.904947, -398.607383, 18802.019687, 95
496.060624, -403.165660, 18783.312601, 96
453.394975, -380.733033, 18786.630626, 97
498.938651, -424.603232, 18792.569700, 98
466.281075, -378.321880, 18836.130418, 99
498.525561, -389.577992, 18820.108733, 100
491.109695, -392.595216, 18776.946570, 101
494.473393, -430.424597, 18809.400115, 102
519.635005, -401.595840, 18778.172153, 103
452.863649, -409.567040, 18787.231988, 104
467.804095, -390.432034, 18820.889385, 105
502.021977, -415.861582, 18781.243944, 106
517.511684, -415.236926, 18832.766090, 107
467.598485, -369.068436, 18771.693040, 108
492.343480, -424.277258, 18825.626817, 109
491.924695, -378.522081, 18799.576300, 110
475.484791, -408.902074, 18770.514549, 111
484.608061, -367.198876, 18772.343216, 112
457.462833, -369.053565, 18802.999974, 113
467.809704, -368.960177, 18825.687708, 114
487.217528, -422.646223, 18798.783155, 115
471.550826, -373.394398, 18815.177204, 116
484.970309, -377.372526, 18832.196222, 117
481.189226, -431.263794, 18826.658028, 118
485.057490, -391.690543, 18834.640794, 119
474.136008, -421.255601, 18819.644318, 120
505.889415, -398.541136, 18774.270749, 121
508.580089, -366.703359, 18770.605442, 122
513.098292, -430.730361, 18833.805737, 123
479.553229, -415.691014, 18828.384623, 124
468.693604, -381.243614, 18769.261872, 125
499.653395, -431.182763, 18828.122661, 126
478.284498, -398.982760, 18814.280678, 127
