x coord, y coord, z coord, scalar
248.795110, -196.813874, 5174.338605, 0
239.245548, -190.965328, 5191.059476, 1
251.578518, -202.593583, 5196.774808, 2
284.104798, -165.846548, 5168.003627, 3
245.067193, -159.167714, 5152.954356, 4
269.873011, -166.097257, 5188.616926, 5
234.789860, -178.976746, 5202.838836, 6
287.469636, -189.715609, 5214.701151, 7
288.729259, -169.618712, 5204.381002, 8
295.919303, -199.830990, 5159.472056, 9
262.860968, -179.908719, 5189.896537, 10
287.054192, -169.535899, 5157.452797, 11
259.248084, -215.548874, 5182.097977, 12
237.155313, -160.316831, 5174.772576, 13
255.011334, -212.841912, 5174.124302, 14
257.818253, -171.841726, 5166.547905, 15
296.287626, -165.924709, 5214.811936, 16
280.258579, -176.047350, 5183.616074, 17
276.091885, -184.910354, 5172.517310, 18
261.605761, -186.583629, 5199.930931, 19
270.929842, -221.314726, 5178.538314, 20
241.960861, -163.133282, 5167.522833, 21
249.266020, -201.477333, 5179.210929, 22
281.217347, -193.194910, 5177.417049, 23
237.123014, -167.056215, 5191.815557, 24
261.100634, -206.830305, 5178.492278, 25
277.501559, -208.134932, 5171.089356, 26
273.445983, -225.468608, 5153.562792, 27
238.195296, -178.249410, 5195.892575, 28
260.565548, -214.236378, 5167.828844, 29
241.625374, -172.179240, 5173.754059, 30
270.016342, -159.091203, 5169.141596, 31
287.391761, -207.417403, 5194.904393, 32
247.738731, -223.792253, 5160.229453, 33
275.008707, -215.542075, 5151.693647, 34
247.957170, -183.314115, 5172.101904, 35
276.303635, -203.404903, 5191.208037, 36
297.245905, -158.831597, 5192.979788, 37
231.941663, -218.228599, 5173.250164, 38
277.686510, -186.535897, 5186.253342, 39
295.368397, -173.783267, 5172.595001, 40
250.255925, -201.359159, 5172.022373, 41
269.249979, -211.559716, 5191.846378, 42
245.287274, -192.692915, 5195.292093, 43
255.369149, -215.277199, 5206.993418, 44
256.915408, -196.192879, 5182.191964, 45
278.871190, -217.481435, 5206.033858, 46
251.212366, -217.827741, 5205.723111, 47
294.044397, -214.758860, 5214.733781, 48
248.427812, -165.945109, 5186.717573, 49
284.534048, -168.169002, 5171.454856, 50
238.261872, -215.505224, 5197.335935, 51
260.138579, -175.128003, 5213.017511, 52
233.118102, -158.713566, 5178.842492, 53
278.264681, -200.936669, 5190.804919, 54
266.389650, -172.893898, 5153.132450, 55
229.720800, -191.614892, 5162.890735, 56
285.606487, -169.275247, 5172.303147, 57
272.461501, -172.823107, 5184.783875, 58
268.327614, -221.987585, 5177.359175, 59
236.178423, -166.326291, 5167.710626, 60
257.485701, -225.656612, 5179.445157, 61
235.954279, -194.390851, 5162.837203, 62
230.103017, -190.145544, 5162.644181, 63
258.797749, -209.473156, 5188.946144, 64
230.736037, -171.956211, 5174.574057, 65
233.721152, -171.108174, 5210.200048, 66
246.464930, -183.093785, 5199.446270, 67
268.620211, -208.224857, 5185.140611, 68
234.537493, -168.769863, 5190.393978, 69
261.749367, -161.464280, 5182.587864, 70
279.312561, -201.570840, 5184.170774, 71
239.890925, -194.489202, 5217.022413, 72
252.581165, -193.258938, 5185.384111, 73
265.078179, -163.333881, 5203.162305, 74
235.158941, -161.470596, 5189.725988, 75
259.585593, -225.341760, 5177.137770, 76
250.917804, -207.749866, 5152.564049, 77
231.495154, -168.002333, 5171.579290, 78
266.489245, -162.337684, 5161.329783, 79
238.016119, -198.180587, 5158.385551, 80
270.456501, -216.460306, 5184.054731, 81
235.760713, -205.442065, 5216.807094, 82
233.913937, -181.733687, 5182.066335, 83
269.161292, -214.247903, 5177.252925, 84
253.455977, -207.961736, 5174.301772, 85
293.034337, -177.248902, 5176.201361, 86
251.305232, -223.923304, 5195.691578, 87
253.722066, -221.300948, 5186.209030, 88
275.154065, -183.684560, 5182.391289, 89
286.336409, -174.541173, 5211.451903, 90
294.574839, -201.676847, 5153.511363, 91
259.762883, -194.788896, 5175.306447, 92
257.701516, -189.747736, 5152.095286, 93
289.620949, -218.178662, 5165.087672, 94
248.007443, -193.595230, 5184.359247, 95
272.163126, -198.153336, 5165.636591, 96
229.497458, -175.720754, 5168.953530, 97
275.041173, -219.590909, 5174.892472, 98
242.383536, -173.309602, 5218.449288, 99
274.628007, -184.565592, 5202.428265, 100
267.212186, -187.582902, 5159.270239, 101
270.575932, -225.412272, 5191.721919, 102
295.737503, -196.583523, 5160.494389, 103
228.966159, -204.554765, 5169.555212, 104
243.906448, -185.419928, 5203.203201, 105
278.124486, -210.849264, 5163.566842, 106
293.614191, -210.224601, 5215.086748, 107
243.700971, -164.056140, 5154.015536, 108
268.446028, -219.264926, 5207.946724, 109
268.027138, -173.509747, 5181.900131, 110
251.587295, -203.889775, 5152.837818, 111
260.710546, -162.186573, 5154.665704, 112
233.565299, -164.041288, 5185.322155, 113
243.912155, -163.947894, 5208.007936, 114
263.320080, -217.633898, 5181.106863, 115
247.653240, -168.382123, 5197.498403, 116
261.072751, -172.360211, 5214.514695, 117
257.291771, -226.251487, 5208.978255, 118
261.159947, -186.678208, 5216.955338, 119
250.238614, -216.243315, 5201.964045, 120
281.991912, -193.528820, 5156.593497, 121
284.682578, -161.691051, 5152.927537, 122
289.200804, -225.718043, 5216.126549, 123
255.655823, -210.678701, 5210.700758, 124
244.796093, -176.231318, 5151.584723, 125
275.755921, -226.170441, 5210.443263, 126
254.386969, -193.970479, 5196.602847, 127
