x coord, y coord, z coord, scalar
150.119734, -99.857361, 1680.818778, 0
140.570146, -94.008899, 1697.539107, 1
152.903460, -105.637161, 1703.252952, 2
185.429408, -68.890015, 1674.482230, 3
146.391805, -62.211190, 1659.432971, 4
171.197606, -69.140719, 1695.095525, 5
136.114452, -82.020253, 1709.316831, 6
188.794251, -92.759066, 1721.179194, 7
190.053867, -72.662174, 1710.859277, 8
197.243921, -102.874457, 1665.950641, 9
164.185513, -82.952150, 1696.376113, 10
188.378805, -72.579367, 1663.931387, 11
160.572734, -118.592340, 1688.577134, 12
138.479919, -63.360310, 1681.251211, 13
156.335972, -115.885385, 1680.603564, 14
159.142858, -74.885198, 1673.026850, 15
197.612238, -68.968175, 1721.290191, 16
181.583183, -79.090806, 1690.094776, 17
177.416495, -87.953812, 1678.996316, 18
162.930214, -89.626944, 1706.406701, 19
172.254475, -124.358190, 1685.017053, 20
143.285468, -66.176759, 1674.001544, 21
150.590664, -104.520826, 1685.691606, 22
182.541963, -96.238363, 1683.895957, 23
138.447608, -70.099703, 1698.294073, 24
162.425280, -109.873764, 1684.972102, 25
178.826184, -111.178394, 1677.568224, 26
174.770605, -128.512079, 1660.041402, 27
139.519875, -81.292923, 1702.371010, 28
161.890177, -117.279848, 1674.307849, 29
142.949975, -75.222722, 1680.233012, 30
171.340949, -62.134673, 1675.620233, 31
188.716386, -110.460857, 1701.382804, 32
149.063356, -126.835729, 1666.708166, 33
176.333327, -118.585545, 1658.172307, 34
149.281772, -86.357598, 1678.581459, 35
177.628270, -106.448335, 1697.686779, 36
198.570516, -61.875064, 1699.458183, 37
133.266290, -121.272083, 1679.728890, 38
179.011116, -89.579335, 1692.732268, 39
196.693010, -76.826733, 1679.073550, 40
151.580553, -104.402640, 1678.502146, 41
170.574633, -114.603158, 1698.325117, 42
146.611847, -95.736709, 1701.772105, 43
156.693810, -118.320670, 1713.471014, 44
158.240044, -99.236331, 1688.674788, 45
180.195822, -120.524893, 1712.512016, 46
152.537023, -120.871220, 1712.200950, 47
195.369019, -117.802324, 1721.211994, 48
149.752400, -68.988589, 1693.196302, 49
185.858658, -71.212468, 1677.933472, 50
139.586520, -118.548721, 1703.814270, 51
161.463165, -78.171468, 1719.494910, 52
134.442708, -61.757046, 1685.321063, 53
179.589309, -103.980103, 1697.283640, 54
167.714262, -75.937369, 1659.611175, 55
131.045416, -94.658375, 1669.369569, 56
186.931097, -72.318712, 1678.781760, 57
173.786097, -75.866563, 1691.262676, 58
169.652247, -125.031050, 1683.837936, 59
137.503030, -69.369771, 1674.189341, 60
158.810337, -128.700084, 1685.923894, 61
137.278896, -97.434334, 1669.316170, 62
131.427633, -93.189027, 1669.123015, 63
160.122442, -112.516608, 1695.425866, 64
132.060644, -74.999696, 1681.052798, 65
135.045752, -74.151663, 1716.678066, 66
147.789429, -86.137345, 1705.923550, 67
169.944860, -111.268298, 1691.619905, 68
135.862089, -71.813353, 1696.872530, 69
163.073965, -64.507750, 1689.066534, 70
180.637186, -104.614284, 1690.649664, 71
141.215542, -97.532702, 1723.499487, 72
153.905768, -96.302447, 1691.870099, 73
166.402772, -66.377346, 1709.640497, 74
136.483542, -64.514080, 1696.204483, 75
160.910227, -128.385231, 1683.616520, 76
152.242425, -110.793341, 1659.042867, 77
132.819761, -71.045815, 1678.057985, 78
167.813855, -65.381155, 1667.808458, 79
139.340737, -101.224067, 1664.864449, 80
171.781140, -119.503763, 1690.533554, 81
137.085342, -108.485559, 1723.284703, 82
135.238538, -84.777187, 1688.545376, 83
170.485927, -117.291364, 1683.731907, 84
154.780616, -111.005211, 1680.781366, 85
194.358949, -80.292365, 1682.679934, 86
152.629880, -126.966781, 1702.169986, 87
155.046713, -124.344423, 1692.687819, 88
176.478667, -86.728005, 1688.870370, 89
187.661017, -77.584633, 1717.930049, 90
195.899457, -104.720315, 1659.989942, 91
161.087501, -97.832355, 1681.786827, 92
159.026131, -92.791208, 1658.574153, 93
190.945571, -121.222129, 1671.566256, 94
149.332057, -96.638772, 1690.842273, 95
173.487745, -101.196799, 1672.115631, 96
130.822067, -78.764238, 1675.432292, 97
176.365802, -122.634373, 1681.371200, 98
143.708136, -76.353086, 1724.927018, 99
175.952602, -87.609019, 1708.906163, 100
168.536800, -90.626371, 1665.749197, 101
171.900568, -128.455736, 1698.200400, 102
197.062120, -99.626990, 1666.972980, 103
130.290781, -107.598251, 1676.034056, 104
145.230995, -88.463488, 1709.679638, 105
179.449108, -113.892730, 1670.045602, 106
194.938812, -113.268063, 1721.564936, 107
145.025582, -67.099616, 1660.494193, 108
169.770668, -122.308387, 1714.424720, 109
169.351730, -76.553205, 1688.379130, 110
152.911915, -106.933249, 1659.316673, 111
162.035157, -65.230046, 1661.144360, 112
134.889901, -67.084773, 1691.800731, 113
145.236750, -66.991376, 1714.486013, 114
164.644722, -120.677362, 1687.585830, 115
148.977818, -71.425607, 1703.976728, 116
162.397342, -75.403677, 1720.992322, 117
158.616409, -129.294958, 1715.456332, 118
162.484546, -89.721665, 1723.431961, 119
151.563281, -119.286798, 1708.441994, 120
183.316529, -96.572287, 1663.072219, 121
186.007191, -64.734521, 1659.406092, 122
190.525427, -128.761510, 1722.604775, 123
156.980485, -113.722171, 1717.177789, 124
146.120706, -79.274794, 1658.063472, 125
177.080550, -129.213906, 1716.921436, 126
155.711572, -97.013962, 1703.081421, 127
