x coord, y coord, z coord, scalar
151.352107, -97.900037, 1556.798270, 0
141.802516, -92.051575, 1573.518579, 1
154.135834, -103.679846, 1579.232372, 2
186.661782, -66.932691, 1550.461667, 3
147.624178, -60.253866, 1535.412407, 4
172.429979, -67.183394, 1571.074961, 5
137.346824, -80.062929, 1585.296246, 6
190.026624, -90.801742, 1597.158610, 7
191.286240, -70.704850, 1586.838701, 8
198.476294, -100.917133, 1541.930077, 9
165.417887, -80.994824, 1572.355584, 10
189.611178, -70.622043, 1539.910823, 11
161.805108, -116.635017, 1564.556590, 12
139.712292, -61.402986, 1557.230649, 13
157.568345, -113.928062, 1556.583024, 14
160.375231, -72.927873, 1549.006298, 15
198.844611, -67.010851, 1597.269615, 16
182.815557, -77.133481, 1566.074216, 17
178.648868, -85.996487, 1554.975766, 18
164.162590, -87.669615, 1582.386037, 19
173.486848, -122.400867, 1560.996494, 20
144.517841, -64.219435, 1549.980984, 21
151.823037, -102.563503, 1561.671116, 22
183.774337, -94.281039, 1559.875404, 23
139.679981, -68.142378, 1574.273506, 24
163.657653, -107.916441, 1560.951581, 25
180.058558, -109.221070, 1553.547670, 26
176.002978, -126.554755, 1536.020839, 27
140.752247, -79.335599, 1578.350440, 28
163.122551, -115.322524, 1550.287300, 29
144.182348, -73.265398, 1556.212460, 30
172.573323, -60.177349, 1551.599671, 31
189.948760, -108.503533, 1577.362233, 32
150.295729, -124.878405, 1542.687606, 33
177.565701, -116.628221, 1534.151746, 34
150.514145, -84.400273, 1554.560929, 35
178.860644, -104.491011, 1573.666220, 36
199.802889, -59.917740, 1575.437612, 37
134.498663, -119.314759, 1555.708330, 38
180.243490, -87.622011, 1568.711716, 39
197.925383, -74.869409, 1555.052984, 40
152.812926, -102.445316, 1554.481624, 41
171.807008, -112.645835, 1574.304559, 42
147.844212, -93.779387, 1577.751591, 43
157.926184, -116.363347, 1589.450415, 44
159.472418, -97.279007, 1564.654374, 45
181.428195, -118.567569, 1588.491437, 46
153.769396, -118.913897, 1588.180359, 47
196.601392, -115.845000, 1597.191417, 48
150.984773, -67.031265, 1569.175743, 49
187.091031, -69.255144, 1553.912909, 50
140.818893, -116.591398, 1579.793697, 51
162.695538, -76.214143, 1595.474304, 52
135.675081, -59.799722, 1561.300499, 53
180.821684, -102.022779, 1573.263081, 54
168.946635, -73.980045, 1535.590616, 55
132.277789, -92.701052, 1545.349013, 56
188.163470, -70.361388, 1554.761197, 57
175.018470, -73.909238, 1567.242120, 58
170.884620, -123.073727, 1559.817379, 59
138.735403, -67.412447, 1550.168781, 60
160.042710, -126.742760, 1561.903335, 61
138.511269, -95.477010, 1545.295619, 62
132.660006, -91.231703, 1545.102460, 63
161.354817, -110.559285, 1571.405342, 64
133.293017, -73.042372, 1557.032240, 65
136.278124, -72.194339, 1592.657481, 66
149.021799, -84.180019, 1581.902940, 67
171.177235, -109.310975, 1567.599366, 68
137.094462, -69.856029, 1572.851964, 69
164.306338, -62.550425, 1565.045972, 70
181.869560, -102.656960, 1566.629111, 71
142.447915, -95.575378, 1599.478869, 72
155.138140, -94.345123, 1567.849798, 73
167.635145, -64.420022, 1585.619919, 74
137.715914, -62.556755, 1572.183916, 75
162.142600, -126.427907, 1559.595961, 76
153.474798, -108.836017, 1535.022311, 77
134.052134, -69.088491, 1554.037424, 78
169.046228, -63.423831, 1543.787897, 79
140.573110, -99.266743, 1540.843895, 80
173.013514, -117.546440, 1566.512998, 81
138.317715, -106.528235, 1599.264104, 82
136.470910, -82.819863, 1564.524828, 83
171.718300, -115.334040, 1559.711357, 84
156.012989, -109.047888, 1556.760838, 85
195.591323, -78.335041, 1558.659370, 86
153.862253, -125.009458, 1578.149415, 87
156.279087, -122.387099, 1568.667262, 88
177.711041, -84.770680, 1564.849823, 89
188.893390, -75.627308, 1593.909469, 90
197.131830, -102.762991, 1535.969378, 91
162.319875, -95.875031, 1557.766326, 92
160.258504, -90.833884, 1534.553599, 93
192.177944, -119.264805, 1547.545692, 94
150.564428, -94.681449, 1566.821866, 95
174.720119, -99.239475, 1548.095083, 96
132.054440, -76.806914, 1551.411734, 97
177.598175, -120.677049, 1557.350641, 98
144.940509, -74.395762, 1600.906424, 99
177.184976, -85.651695, 1584.885575, 100
169.769174, -88.669047, 1541.728646, 101
173.132941, -126.498413, 1574.179832, 102
198.294494, -97.669666, 1542.952416, 103
131.523154, -105.640928, 1552.013501, 104
146.463365, -86.506164, 1585.658998, 105
180.681482, -111.935406, 1546.025044, 106
196.171186, -111.310739, 1597.544357, 107
146.257955, -65.142292, 1536.473632, 108
171.003042, -120.351063, 1590.404135, 109
170.584103, -74.595880, 1564.358581, 110
154.144288, -104.975925, 1535.296118, 111
163.267530, -63.272721, 1537.123798, 112
136.122273, -65.127449, 1567.780167, 113
146.469123, -65.034052, 1590.465431, 114
165.877096, -118.720039, 1563.565280, 115
150.210191, -69.468282, 1579.956155, 116
163.629715, -73.446352, 1596.971724, 117
159.848782, -127.337635, 1591.435750, 118
163.716920, -87.764341, 1599.411327, 119
152.795654, -117.329475, 1584.421407, 120
184.548902, -94.614963, 1539.051660, 121
187.239565, -62.777197, 1535.385527, 122
191.757801, -126.804186, 1598.584198, 123
158.212859, -111.764848, 1593.157170, 124
147.353079, -77.317471, 1534.042913, 125
178.312924, -127.256583, 1592.900858, 126
156.943945, -95.056638, 1579.060856, 127
