x coord, y coord, z coord, scalar
152.402577, -89.510095, 1437.602094, 0
142.852981, -83.661636, 1454.322385, 1
155.186314, -95.289924, 1460.036127, 2
187.712252, -58.542748, 1431.265437, 3
148.674648, -51.863922, 1416.216178, 4
173.480449, -58.793450, 1451.878732, 5
138.397291, -71.672986, 1466.099996, 6
191.077095, -82.411798, 1477.962362, 7
192.336710, -62.314905, 1467.642461, 8
199.526765, -92.527190, 1422.733846, 9
166.468356, -72.604876, 1453.159387, 10
190.661649, -62.232100, 1420.714593, 11
162.855580, -108.245076, 1445.360380, 12
140.762761, -53.013043, 1438.034420, 13
158.618817, -105.538120, 1437.386817, 14
161.425701, -64.537930, 1429.810080, 15
199.895082, -58.620907, 1478.073374, 16
183.866027, -68.743537, 1446.877990, 17
179.699339, -77.606543, 1435.779550, 18
165.213060, -79.279656, 1463.189711, 19
174.537320, -114.010924, 1441.800269, 20
145.568311, -55.829492, 1430.784758, 21
152.873508, -94.173562, 1442.474957, 22
184.824808, -85.891095, 1440.679185, 23
140.730449, -59.752435, 1455.077273, 24
164.708126, -99.526498, 1441.755393, 25
181.109029, -100.831127, 1434.351449, 26
177.053449, -118.164812, 1416.824610, 27
141.802713, -70.945656, 1459.154205, 28
164.173022, -106.932582, 1431.091084, 29
145.232817, -64.875455, 1437.016243, 30
173.623793, -51.787405, 1432.403442, 31
190.999232, -100.113589, 1458.165997, 32
151.346200, -116.488463, 1423.491380, 33
178.616171, -108.238278, 1414.955518, 34
151.564614, -76.010330, 1435.364732, 35
179.911117, -96.101067, 1454.469995, 36
200.853360, -51.527796, 1456.241375, 37
135.549133, -110.924817, 1436.512105, 38
181.293961, -79.232066, 1449.515497, 39
198.975854, -66.479465, 1435.856753, 40
153.863397, -94.055374, 1435.285434, 41
172.857481, -104.255892, 1455.108334, 42
148.894664, -85.389457, 1458.555409, 43
158.976657, -107.973406, 1470.254151, 44
160.522891, -88.889064, 1445.458288, 45
182.478667, -110.177626, 1469.295192, 46
154.819868, -110.523957, 1468.984103, 47
197.651863, -107.455057, 1477.995174, 48
152.035242, -58.641320, 1449.979518, 49
188.141501, -60.865200, 1434.716680, 50
141.869363, -108.201457, 1460.597459, 51
163.746007, -67.824198, 1476.278033, 52
136.725550, -51.409779, 1442.104268, 53
181.872156, -93.632834, 1454.066855, 54
169.997105, -65.590102, 1416.394391, 55
133.328259, -84.311109, 1426.152791, 56
189.213941, -61.971444, 1435.564968, 57
176.068940, -65.519293, 1448.045897, 58
171.935092, -114.683784, 1440.621154, 59
139.785873, -59.022504, 1430.972555, 60
161.093182, -118.352818, 1442.707110, 61
139.561739, -87.087067, 1426.099402, 62
133.710475, -82.841761, 1425.906238, 63
162.405292, -102.169345, 1452.209150, 64
134.343486, -64.652429, 1437.836015, 65
137.328593, -63.804395, 1473.461232, 66
150.072260, -75.790074, 1462.706665, 67
172.227708, -100.921032, 1448.403160, 68
138.144930, -61.466086, 1453.655733, 69
165.356808, -54.160481, 1445.849745, 70
182.920032, -94.267016, 1447.432891, 71
143.498384, -87.185436, 1480.282587, 72
156.188608, -85.955181, 1448.653819, 73
168.685615, -56.030077, 1466.423676, 74
138.766383, -54.166812, 1452.987683, 75
163.193072, -118.037965, 1440.399737, 76
154.525268, -100.446074, 1415.826089, 77
135.102604, -60.698548, 1434.841198, 78
170.096698, -55.033887, 1424.591670, 79
141.623580, -90.876801, 1421.647676, 80
174.063986, -109.156497, 1447.316776, 81
139.368185, -98.138294, 1480.067841, 82
137.521378, -74.429920, 1445.328613, 83
172.768772, -106.944097, 1440.515140, 84
157.063460, -100.657946, 1437.564642, 85
196.641793, -69.945097, 1439.463139, 86
154.912725, -116.619516, 1458.953179, 87
157.329559, -113.997158, 1449.471039, 88
178.761512, -76.380735, 1445.653610, 89
189.943861, -67.237364, 1474.713224, 90
198.182301, -94.373048, 1416.773148, 91
163.370346, -87.485088, 1438.570157, 92
161.308975, -82.443941, 1415.357379, 93
193.228415, -110.874862, 1428.349461, 94
151.614895, -86.291509, 1447.625787, 95
175.770590, -90.849531, 1428.898869, 96
133.104910, -68.416971, 1432.215510, 97
178.648647, -112.287106, 1438.154416, 98
145.990978, -66.005818, 1481.710164, 99
178.235448, -77.261748, 1465.689321, 100
170.819644, -80.279103, 1422.532429, 101
174.183413, -118.108470, 1454.983598, 102
199.344964, -89.279723, 1423.756186, 103
132.573624, -97.250985, 1432.817280, 104
147.513828, -78.116221, 1466.462694, 105
181.731953, -103.545463, 1426.828820, 106
197.221657, -102.920796, 1478.348114, 107
147.308425, -56.752348, 1417.277404, 108
172.053514, -111.961121, 1471.207885, 109
171.634573, -66.205935, 1445.162364, 110
155.194759, -96.585983, 1416.099897, 111
164.318000, -54.882778, 1417.927570, 112
137.172743, -56.737505, 1448.583936, 113
147.519592, -56.644108, 1471.269184, 114
166.927568, -110.330096, 1444.369063, 115
151.260659, -61.078338, 1460.759916, 116
164.680185, -65.056408, 1477.775462, 117
160.899254, -118.947693, 1472.239502, 118
164.767390, -79.374396, 1480.215030, 119
153.846126, -108.939535, 1465.225155, 120
185.599373, -86.225020, 1419.855434, 121
188.290035, -54.387254, 1416.189295, 122
192.808272, -118.414243, 1479.387956, 123
159.263331, -103.374907, 1473.960887, 124
148.403549, -68.927527, 1414.846689, 125
179.363395, -118.866640, 1473.704613, 126
157.994414, -86.666695, 1459.864625, 127
