x coord, y coord, z coord, scalar
183.765519, -131.643756, 2684.043623, 0
174.215939, -125.795266, 2700.764107, 1
186.549139, -137.423526, 2706.478379, 2
219.075198, -100.676417, 2677.707525, 3
180.037594, -93.997588, 2662.658262, 4
204.843400, -100.927122, 2698.320821, 5
169.760247, -113.806641, 2712.542301, 6
222.440039, -124.545471, 2724.404649, 7
223.699657, -104.448577, 2714.084666, 8
230.889708, -134.660859, 2669.175941, 9
197.831324, -114.738564, 2699.601129, 10
222.024593, -104.365768, 2667.156686, 11
194.218510, -150.378742, 2691.802270, 12
172.125710, -95.146708, 2684.476497, 13
189.981752, -147.671785, 2683.828670, 14
192.788649, -106.671597, 2676.252047, 15
231.258027, -100.754577, 2724.515586, 16
215.228975, -110.877211, 2693.320043, 17
211.062284, -119.740216, 2682.221495, 18
196.576056, -121.413396, 2709.632809, 19
205.900257, -156.144593, 2688.242309, 20
176.931259, -97.963157, 2677.226808, 21
184.236442, -136.307219, 2688.916306, 22
216.187751, -128.024769, 2687.121165, 23
172.093403, -101.886097, 2701.519393, 24
196.071057, -141.660168, 2688.197047, 25
212.471969, -142.964797, 2680.793443, 26
208.416390, -160.298479, 2663.266695, 27
173.165675, -113.079309, 2705.596353, 28
195.535960, -149.066249, 2677.533029, 29
176.595767, -107.009119, 2683.458206, 30
204.986740, -93.921073, 2678.845519, 31
222.362171, -142.247263, 2704.608154, 32
182.709141, -158.622128, 2669.933429, 33
209.979113, -150.371946, 2661.397586, 34
182.927564, -118.143994, 2681.806481, 35
211.274051, -138.234748, 2700.912034, 36
232.216305, -93.661466, 2702.683537, 37
166.912074, -153.058479, 2682.954149, 38
212.656907, -121.365746, 2695.957470, 39
230.338799, -108.613135, 2682.298860, 40
185.226337, -136.189037, 2681.727106, 41
204.220408, -146.389568, 2701.550373, 42
180.257648, -127.523001, 2704.996996, 43
190.339583, -150.107070, 2716.696598, 44
191.885825, -131.022738, 2691.898873, 45
213.841604, -152.311297, 2715.737439, 46
186.182797, -152.657618, 2715.426464, 47
229.014804, -149.588727, 2724.437401, 48
183.398197, -100.774986, 2696.421561, 49
219.504447, -102.998870, 2681.158763, 50
173.232297, -150.335112, 2707.039642, 51
195.108963, -109.957870, 2722.720550, 52
168.088499, -93.543443, 2688.546368, 53
213.235093, -135.766515, 2700.508901, 54
201.360050, -107.723770, 2662.836435, 55
164.691203, -126.444771, 2672.594797, 56
220.576886, -104.105114, 2682.007052, 57
207.431891, -107.652968, 2694.487914, 58
203.298029, -156.817452, 2687.063186, 59
171.148821, -101.156168, 2677.414604, 60
192.456118, -160.486484, 2689.149151, 61
170.924683, -129.220730, 2672.541360, 62
165.073420, -124.975423, 2672.348244, 63
193.768204, -144.303015, 2698.650840, 64
165.706435, -106.786091, 2684.278054, 65
168.691545, -105.938057, 2719.903529, 66
181.435255, -117.923715, 2709.149225, 67
203.590637, -143.054708, 2694.845002, 68
169.507883, -103.599747, 2700.097839, 69
196.719759, -96.294150, 2692.291809, 70
214.282971, -136.400693, 2693.874877, 71
174.861329, -129.319092, 2726.725220, 72
187.551560, -128.088834, 2695.093276, 73
200.048567, -98.163748, 2712.865910, 74
170.129334, -96.300475, 2699.429809, 75
194.556009, -160.171631, 2686.841773, 76
185.888211, -142.579739, 2662.268100, 77
166.465552, -102.832211, 2681.283253, 78
201.459644, -97.167555, 2671.033732, 79
172.986524, -133.010464, 2668.089659, 80
205.426920, -151.290168, 2693.758786, 81
170.731125, -140.271951, 2726.510283, 82
168.884330, -116.563577, 2691.770546, 83
204.131708, -149.077767, 2686.957093, 84
188.426396, -142.791610, 2684.006377, 85
228.004738, -112.078768, 2685.905238, 86
186.275657, -158.753179, 2705.395337, 87
188.692490, -156.130822, 2695.913061, 88
210.124459, -118.514414, 2692.095528, 89
221.306807, -109.371036, 2721.155475, 90
229.545244, -136.506716, 2663.215244, 91
194.733288, -129.618759, 2685.011612, 92
192.671919, -124.577608, 2661.799373, 93
224.591357, -153.008531, 2674.791556, 94
182.977845, -128.425149, 2694.066299, 95
207.133532, -132.983201, 2675.340801, 96
164.467857, -110.550634, 2678.657542, 97
210.011585, -154.420775, 2684.596460, 98
177.353929, -108.139482, 2728.152564, 99
209.598397, -119.395434, 2712.131660, 100
202.182589, -122.412772, 2668.974390, 101
205.546349, -160.242139, 2701.425730, 102
230.707908, -131.413392, 2670.198278, 103
163.936566, -139.384646, 2679.259282, 104
178.876805, -120.249859, 2712.905554, 105
213.094894, -145.679131, 2673.270852, 106
228.584598, -145.054466, 2724.790350, 107
178.671371, -98.886014, 2663.719473, 108
203.416447, -154.094791, 2717.650189, 109
202.997525, -108.339609, 2691.604312, 110
186.557701, -138.719648, 2662.541896, 111
195.680946, -97.016445, 2664.369640, 112
168.535693, -98.871168, 2695.026034, 113
178.882545, -98.777772, 2717.711459, 114
198.290501, -152.463765, 2690.811021, 115
182.623619, -103.212003, 2707.202103, 116
196.043138, -107.190079, 2724.217897, 117
192.262189, -161.081358, 2718.681778, 118
196.130340, -121.508070, 2726.657824, 119
185.209051, -151.073194, 2711.667476, 120
216.962316, -128.358689, 2666.297480, 121
219.652980, -96.520922, 2662.631401, 122
224.171212, -160.547912, 2725.830178, 123
190.626257, -145.508571, 2720.403535, 124
179.766495, -111.061193, 2661.288725, 125
210.726333, -161.000309, 2720.146854, 126
189.357364, -128.800358, 2706.306724, 127
