x coord, y coord, z coord, scalar
117.784404, -67.106781, 913.986189, 0
108.234807, -61.258347, 930.706399, 1
120.568237, -72.886614, 936.419919, 2
153.094075, -36.139429, 907.649298, 3
114.056472, -29.460606, 892.600041, 4
138.862267, -36.390130, 928.262592, 5
103.779111, -49.269680, 942.483766, 6
156.458919, -60.008476, 954.346139, 7
157.718532, -39.911585, 944.026272, 8
164.908590, -70.123871, 899.117705, 9
131.850158, -50.201551, 929.543394, 10
156.043472, -39.828781, 897.098452, 11
128.237414, -85.841754, 921.744323, 12
106.144583, -30.609728, 914.418286, 13
124.000648, -83.134801, 913.770776, 14
126.807522, -42.134613, 906.193992, 15
165.276905, -36.217588, 954.457183, 16
149.247848, -46.340215, 923.261866, 17
145.081161, -55.203222, 912.163471, 18
130.594829, -56.876306, 939.573149, 19
139.919149, -91.607603, 918.184150, 20
110.950133, -33.426176, 907.168635, 21
118.255342, -71.770248, 918.859127, 22
150.206632, -63.487772, 917.063091, 23
106.112269, -37.349123, 931.461121, 24
130.089958, -77.123175, 918.139437, 25
146.490855, -78.427805, 910.735350, 26
142.435275, -95.761493, 893.208472, 27
107.184530, -48.542352, 935.538041, 28
129.554850, -84.529262, 907.475005, 29
110.614638, -42.472141, 913.400156, 30
139.005615, -29.384087, 908.787308, 31
156.381058, -77.710266, 934.549829, 32
116.728027, -94.085145, 899.875257, 33
143.997997, -85.834960, 891.339387, 34
116.946436, -53.607016, 911.748735, 35
145.292945, -73.697737, 930.853877, 36
166.235183, -29.124477, 932.625205, 37
100.930962, -88.521502, 912.895984, 38
146.675781, -56.828739, 925.899407, 39
164.357677, -44.076146, 912.240605, 40
119.245226, -71.652058, 911.669470, 41
138.239315, -81.852563, 931.492215, 42
114.276498, -62.986231, 934.939480, 43
124.358494, -85.570085, 946.637861, 44
125.904720, -66.485739, 921.842780, 45
147.860495, -87.774303, 945.678986, 46
120.201704, -88.120638, 945.367850, 47
163.033689, -85.051736, 954.378977, 48
117.417059, -36.238007, 926.363397, 49
153.523324, -38.461881, 911.100542, 50
107.251199, -85.798144, 936.981280, 51
129.127823, -45.420880, 952.661715, 52
102.107373, -29.006464, 918.488124, 53
147.253982, -71.229505, 930.450734, 54
135.378929, -43.186784, 892.778270, 55
98.710084, -61.907794, 902.536687, 56
154.595763, -39.568124, 911.948830, 57
141.450758, -43.115972, 924.429788, 58
137.316921, -92.280464, 917.005039, 59
105.167696, -36.619188, 907.356433, 60
126.475012, -95.949499, 919.090991, 61
104.943565, -64.683752, 902.483317, 62
99.092301, -60.438446, 902.290134, 63
127.787137, -79.766017, 928.593178, 64
99.725309, -42.249115, 914.219896, 65
102.710415, -41.401083, 949.845005, 66
115.454058, -53.386789, 939.090329, 67
137.609540, -78.517703, 924.787124, 68
103.526751, -39.062774, 930.039586, 69
130.738627, -31.757164, 922.233616, 70
148.301858, -71.863690, 923.816795, 71
108.880211, -64.782126, 956.666220, 72
121.570432, -63.551874, 925.038783, 73
134.067432, -33.626759, 942.807475, 74
104.148205, -31.763498, 929.371527, 75
128.574901, -95.634646, 916.783619, 76
119.907095, -78.042757, 892.209982, 77
100.484427, -38.295233, 911.225072, 78
135.478521, -32.630569, 900.975541, 79
107.005406, -68.473485, 898.031581, 80
139.445816, -86.753174, 923.700669, 81
104.750015, -75.734981, 956.451553, 82
102.903201, -52.026612, 921.712540, 83
138.150601, -84.540775, 916.899058, 84
122.445291, -78.254628, 913.948651, 85
162.023616, -47.541777, 915.846995, 86
120.294558, -94.216198, 935.337010, 87
122.711392, -91.593839, 925.854928, 88
144.143331, -53.977411, 922.037542, 89
155.325683, -44.834044, 951.097016, 90
163.564126, -71.969729, 893.157005, 91
128.752171, -65.081766, 914.954283, 92
126.690799, -60.040624, 891.741279, 93
158.610241, -88.471543, 904.733319, 94
116.996723, -63.888211, 924.010308, 95
141.152415, -68.446211, 905.282795, 96
98.486734, -46.013657, 908.599395, 97
144.030474, -89.883786, 914.538295, 98
111.372799, -43.602505, 958.093895, 99
143.617264, -54.858419, 942.073077, 100
136.201468, -57.875784, 898.916342, 101
139.565243, -95.705149, 931.367441, 102
164.726789, -66.876403, 900.140045, 103
97.955451, -74.847671, 909.201177, 104
112.895639, -55.712933, 942.846232, 105
147.113779, -81.142143, 903.212704, 106
162.603482, -80.517475, 954.731912, 107
112.690249, -34.349032, 893.661273, 108
137.435345, -89.557798, 947.591655, 109
137.016390, -43.802615, 921.546284, 110
120.576585, -74.182665, 892.483796, 111
129.699823, -32.479461, 894.311439, 112
102.554564, -34.334192, 924.967793, 113
112.901411, -34.240794, 947.652966, 114
132.309399, -87.926775, 920.752978, 115
116.642474, -38.675026, 937.143735, 116
130.062002, -42.653090, 954.159177, 117
126.281085, -96.544374, 948.623284, 118
130.149209, -56.971075, 956.598595, 119
119.227966, -86.536217, 941.608918, 120
150.981198, -63.821700, 896.239313, 121
153.671859, -31.983936, 892.573149, 122
158.190098, -96.010923, 955.771760, 123
124.645169, -80.971586, 950.344513, 124
113.785373, -46.524211, 891.230571, 125
144.745224, -96.463319, 950.088410, 126
123.376236, -64.263380, 936.248482, 127
