x coord, y coord, z coord, scalar
280.330003, -230.131284, 6598.692429, 0
270.780449, -224.282710, 6615.413523, 1
283.113305, -235.910960, 6621.129462, 2
315.639695, -199.163964, 6592.358092, 3
276.602090, -192.485128, 6577.308818, 4
301.407913, -199.414675, 6612.971394, 5
266.324764, -212.294149, 6627.193550, 6
319.004531, -223.033029, 6639.055846, 7
320.264156, -202.936130, 6628.735602, 8
327.454197, -233.148406, 6583.826530, 9
294.395886, -213.226147, 6614.250605, 10
318.589088, -202.853314, 6581.807269, 11
290.782968, -248.866290, 6606.452216, 12
268.690212, -193.634243, 6599.127028, 13
286.546222, -246.159326, 6598.478499, 14
289.353151, -205.159140, 6590.902232, 15
327.822523, -199.242125, 6639.166543, 16
311.793478, -209.364770, 6607.970499, 17
307.626781, -218.227773, 6596.871612, 18
293.140709, -219.901096, 6624.286554, 19
302.464732, -254.632143, 6602.892725, 20
273.495759, -196.450694, 6591.877255, 21
280.800905, -234.794740, 6603.564549, 22
312.752242, -226.512331, 6601.771390, 23
268.657916, -200.373624, 6616.170059, 24
292.635519, -240.147724, 6602.846246, 25
309.036452, -241.452350, 6595.443714, 26
304.980876, -258.786023, 6577.917255, 27
269.730204, -211.566811, 6620.247109, 28
292.100438, -247.553793, 6592.183146, 29
273.160274, -205.496650, 6598.108382, 30
301.551240, -192.408618, 6593.496049, 31
318.926653, -240.734824, 6619.258937, 32
279.273623, -257.109667, 6584.583874, 33
306.543600, -248.859490, 6576.048090, 34
279.492069, -216.631526, 6596.455981, 35
307.838523, -236.722331, 6615.562446, 36
328.780802, -192.149014, 6617.334339, 37
263.476554, -251.546010, 6597.604580, 38
309.221409, -219.853322, 6610.607676, 39
326.903293, -207.100684, 6596.949489, 40
281.790815, -234.676571, 6596.376361, 41
300.784861, -244.877141, 6616.200788, 42
276.822185, -226.010222, 6619.645984, 43
286.904028, -248.594613, 6631.348296, 44
288.450297, -229.510300, 6606.544707, 45
310.406079, -250.798854, 6630.388506, 46
282.747248, -251.145153, 6630.077890, 47
325.579290, -248.076277, 6639.088407, 48
279.962716, -199.262521, 6611.071988, 49
316.068945, -201.486419, 6595.809317, 50
269.796756, -248.822630, 6621.690510, 51
291.673485, -208.445420, 6637.372468, 52
264.653001, -192.030977, 6603.196971, 53
309.799572, -234.254096, 6615.159336, 54
297.924546, -206.211313, 6577.486866, 55
261.255695, -224.932303, 6587.245107, 56
317.141384, -202.592663, 6596.657608, 57
303.996403, -206.140527, 6609.138259, 58
299.862503, -255.305001, 6601.713576, 59
267.713321, -199.643703, 6592.065047, 60
289.020590, -258.974026, 6603.799569, 61
267.489174, -227.708262, 6587.191520, 62
261.637913, -223.462955, 6586.998552, 63
290.332618, -242.790577, 6613.300153, 64
262.270936, -205.273621, 6598.928466, 65
265.256052, -204.425582, 6634.554753, 66
277.999864, -216.411171, 6623.801276, 67
300.155095, -241.542281, 6609.494794, 68
266.072394, -202.087272, 6614.748465, 69
293.284269, -194.781695, 6606.942302, 70
310.847452, -234.888263, 6608.525122, 71
271.425819, -227.806607, 6641.377504, 72
284.116064, -226.576341, 6609.735562, 73
296.613081, -196.651297, 6627.516938, 74
266.693841, -194.788007, 6614.080499, 75
291.120482, -258.659174, 6601.492177, 76
282.452697, -241.067279, 6576.918427, 77
263.030052, -201.319744, 6595.933719, 78
298.024143, -195.655099, 6585.684219, 79
269.551013, -231.497999, 6582.739897, 80
301.991388, -249.777725, 6608.409108, 81
267.295604, -238.759472, 6641.161967, 82
265.448837, -215.051092, 6606.420622, 83
300.696180, -247.565321, 6601.607236, 84
284.990865, -241.279150, 6598.655833, 85
324.569233, -210.566319, 6600.555840, 86
282.840116, -257.240717, 6620.046124, 87
285.256950, -254.618362, 6610.563420, 88
306.688964, -217.001984, 6606.745560, 89
317.871306, -207.858591, 6635.806556, 90
326.109734, -234.994262, 6577.865839, 91
291.297776, -228.106314, 6599.660187, 92
289.236411, -223.065150, 6576.449643, 93
321.155843, -251.496078, 6589.442145, 94
279.542340, -226.912622, 6608.711907, 95
303.698020, -231.470753, 6589.990879, 96
261.032355, -209.038165, 6593.307931, 97
306.576064, -252.908326, 6599.246887, 98
273.918437, -206.627013, 6642.804111, 99
306.162909, -217.883021, 6626.783018, 100
298.747082, -220.900318, 6583.624560, 101
302.110820, -258.729689, 6616.076435, 102
327.272398, -229.900939, 6584.848860, 103
260.501052, -237.872175, 6593.909579, 104
275.441367, -218.737313, 6627.558552, 105
309.659379, -244.166680, 6587.921244, 106
325.149084, -243.542018, 6639.441384, 107
275.235868, -197.373553, 6578.369979, 108
299.980914, -252.582344, 6632.301438, 109
299.562040, -206.827167, 6606.254436, 110
283.122189, -237.207188, 6577.192181, 111
292.245443, -195.503987, 6579.020149, 112
265.100199, -197.358699, 6609.676632, 113
275.447057, -197.265306, 6632.362617, 114
294.854966, -250.951315, 6605.461180, 115
279.188148, -201.699534, 6621.852982, 116
292.607654, -205.677627, 6638.869559, 117
288.826658, -259.568901, 6633.332936, 118
292.694848, -219.995627, 6641.310613, 119
281.773492, -249.560725, 6626.318778, 120
313.526807, -226.846236, 6580.947914, 121
316.217474, -195.008466, 6577.282022, 122
320.735696, -259.035460, 6640.481169, 123
287.190703, -243.996115, 6635.055867, 124
276.330989, -209.548731, 6575.939130, 125
307.290811, -259.487858, 6634.797904, 126
285.921868, -227.287890, 6620.957325, 127
