x coord, y coord, z coord, scalar
413.875673, -358.663847, 15157.524439, 0
404.326152, -352.815160, 15174.246867, 1
416.658547, -364.443403, 15179.966457, 2
449.185382, -327.696553, 15151.193956, 3
410.147776, -321.017705, 15136.144657, 4
434.953622, -327.947271, 15171.807272, 5
399.870476, -340.826683, 15186.030910, 6
452.550214, -351.565631, 15197.893090, 7
453.809847, -331.468726, 15187.572276, 8
460.999875, -361.680995, 15142.662441, 9
427.941660, -341.758783, 15173.084080, 10
452.134772, -331.385900, 15140.643166, 11
424.328603, -377.398880, 15165.286721, 12
402.235906, -322.166814, 15157.962813, 13
420.091873, -374.691907, 15157.312746, 14
422.898846, -333.691722, 15149.737259, 15
461.368209, -327.774715, 15198.003265, 16
445.339175, -337.897375, 15166.806121, 17
441.172470, -346.760374, 15155.706492, 18
426.686608, -348.433886, 15183.129382, 19
436.010390, -383.164735, 15161.728258, 20
407.041452, -324.983268, 15150.712855, 21
414.346546, -363.327295, 15162.395321, 22
446.297922, -355.044939, 15160.606506, 23
402.203625, -328.906184, 15175.006140, 24
426.181159, -368.680325, 15161.679115, 25
442.582121, -369.984947, 15154.278928, 26
438.526549, -387.318606, 15136.753102, 27
403.275934, -340.099337, 15179.083388, 28
425.646101, -376.086378, 15151.018027, 29
406.705973, -334.029218, 15156.943391, 30
435.096932, -320.941204, 15152.331832, 31
452.472322, -369.267431, 15178.095275, 32
412.819292, -385.642244, 15143.419472, 33
440.089274, -377.392075, 15134.883817, 34
413.037768, -345.164094, 15155.289511, 35
441.384179, -365.254967, 15174.397971, 36
462.326489, -320.681603, 15176.170717, 37
397.022219, -380.078577, 15156.440145, 38
442.767103, -348.385948, 15169.442748, 39
460.448978, -335.633275, 15155.785490, 40
415.336479, -363.209142, 15155.209354, 41
434.330489, -373.409764, 15175.036320, 42
410.367918, -354.542373, 15178.478388, 43
420.449647, -377.127196, 15190.186636, 44
421.995950, -358.042909, 15165.370208, 45
443.951738, -379.331455, 15189.225465, 46
416.292874, -379.677727, 15188.915635, 47
459.124962, -376.608870, 15197.925233, 48
413.508433, -327.795092, 15169.907546, 49
449.614633, -330.019009, 15154.645150, 50
403.342394, -377.355179, 15180.527032, 51
425.219206, -336.978012, 15196.211290, 52
398.198694, -320.563548, 15162.032916, 53
443.345236, -362.786730, 15173.994910, 54
431.470231, -334.743896, 15136.322431, 55
394.801375, -353.464870, 15146.080406, 56
450.687072, -331.125254, 15155.493448, 57
437.542111, -334.673131, 15167.973638, 58
433.408161, -383.837592, 15160.549053, 59
401.259012, -328.176274, 15150.900639, 60
422.566244, -387.506609, 15162.635108, 61
401.034852, -356.240829, 15146.026491, 62
395.183593, -351.995522, 15145.833850, 63
423.878195, -371.323187, 15172.133272, 64
395.816628, -333.806186, 15157.763992, 65
398.801753, -332.958142, 15193.392056, 66
411.545699, -344.943634, 15182.640391, 67
433.700732, -370.074904, 15168.328961, 68
399.618100, -330.619830, 15173.584457, 69
426.829974, -323.314281, 15165.778004, 70
444.393120, -363.420882, 15167.360284, 71
404.971496, -356.339152, 15200.217126, 72
417.661761, -355.108874, 15168.553303, 73
430.158792, -325.183888, 15186.353813, 74
400.239542, -323.320573, 15172.916629, 75
424.666138, -387.191758, 15160.327684, 76
415.998371, -369.599858, 15135.753765, 77
396.575743, -329.852312, 15154.769359, 78
431.569832, -324.187682, 15144.519908, 79
403.096690, -360.030570, 15141.575039, 80
435.537037, -378.310326, 15167.244435, 81
400.841266, -367.292026, 15200.000275, 82
398.994536, -343.583636, 15165.255414, 83
434.241836, -376.097918, 15160.442172, 84
418.536515, -369.811728, 15157.489266, 85
458.114919, -339.098913, 15159.391781, 86
416.385754, -385.773292, 15178.882471, 87
418.802588, -383.150941, 15169.398828, 88
440.234663, -345.534602, 15165.580251, 89
451.416997, -336.391189, 15194.643545, 90
459.655411, -363.526849, 15136.701765, 91
424.843453, -356.638913, 15158.491689, 92
422.782092, -351.597731, 15135.284858, 93
454.701516, -380.028667, 15148.278058, 94
413.088023, -355.445110, 15167.536915, 95
437.243696, -360.003347, 15148.825672, 96
394.578044, -337.570731, 15152.143406, 97
440.121727, -381.440918, 15158.082445, 98
407.464138, -335.159579, 15201.642122, 99
439.708617, -346.415663, 15185.620613, 100
432.292765, -349.432905, 15142.459555, 101
435.656473, -387.262283, 15174.912602, 102
460.818076, -358.433528, 15143.684755, 103
394.046724, -366.404738, 15152.744854, 104
408.987139, -347.269776, 15186.399738, 105
443.205051, -372.699270, 15146.756723, 106
458.694757, -372.074613, 15198.278271, 107
408.781554, -325.906130, 15137.205712, 108
433.526562, -381.114942, 15191.138797, 109
433.107752, -335.359768, 15165.089328, 110
416.667864, -365.739767, 15136.027427, 111
425.791130, -324.036568, 15137.855886, 112
398.645898, -325.891264, 15168.512562, 113
408.992765, -325.797875, 15191.199774, 114
428.400611, -379.483908, 15164.296151, 115
412.733879, -330.232099, 15180.689530, 116
426.153367, -334.210217, 15197.707819, 117
422.372308, -388.101484, 15192.170094, 118
426.240551, -348.528228, 15200.151343, 119
415.319105, -378.093293, 15185.156250, 120
447.072486, -355.378825, 15139.783488, 121
449.763158, -323.541050, 15136.118007, 122
454.281367, -387.568049, 15199.317959, 123
420.736322, -372.528700, 15193.895596, 124
409.876674, -338.081308, 15134.774639, 125
440.836473, -388.020449, 15193.634827, 126
419.467564, -355.820458, 15179.793263, 127
