x coord, y coord, z coord, scalar
99.276165, -33.190637, 581.931437, 0
89.726556, -27.342225, 598.651595, 1
102.060082, -38.970517, 604.364976, 2
134.585834, -2.223279, 575.594398, 3
95.548230, 4.455542, 560.545141, 4
120.354022, -2.473978, 596.207691, 5
85.270862, -15.353540, 610.428808, 6
137.950679, -26.092323, 622.291185, 7
139.210291, -5.995434, 611.971341, 8
146.400350, -36.207721, 567.062802, 9
113.341901, -16.285387, 597.488585, 10
137.535232, -5.912632, 565.043550, 11
109.729183, -51.925606, 589.689475, 12
87.636340, 3.306419, 582.363389, 13
105.492414, -49.218654, 581.715938, 14
108.299279, -8.218464, 574.139124, 15
146.768664, -2.301438, 622.402249, 16
130.739605, -12.424062, 591.206975, 17
126.572920, -21.287069, 580.108609, 18
112.086554, -22.960103, 607.517981, 19
121.410914, -57.691454, 586.129263, 20
92.441890, 0.489971, 575.113745, 21
99.747109, -37.854108, 586.804423, 22
131.698393, -29.571618, 585.008220, 23
87.604022, -3.432978, 599.406212, 24
111.581727, -43.207025, 586.084651, 25
127.982618, -44.511655, 578.680474, 26
123.927037, -61.845345, 561.153572, 27
88.676277, -14.626213, 603.483125, 28
111.046614, -50.613115, 575.420142, 29
92.106394, -8.555995, 581.345288, 30
120.497373, 4.532062, 576.732411, 31
137.872822, -43.794113, 602.494911, 32
98.219789, -60.168999, 567.820367, 33
125.489759, -51.918811, 559.284492, 34
98.438191, -19.690870, 579.693924, 35
126.784712, -39.781578, 598.798990, 36
147.726942, 4.791672, 600.570285, 37
82.422724, -54.605357, 580.841095, 38
128.167540, -22.912581, 593.844537, 39
145.849437, -10.159995, 580.185700, 40
100.736989, -37.735913, 579.614680, 41
119.731088, -47.936409, 599.437327, 42
95.768225, -29.070171, 602.884713, 43
105.850267, -51.653940, 614.582866, 44
107.396487, -32.569587, 589.788278, 45
129.352261, -53.858152, 613.624044, 46
101.693475, -54.204494, 613.312878, 47
144.525452, -51.135586, 622.324039, 48
98.908811, -2.321859, 594.308509, 49
135.015083, -4.545730, 579.045643, 50
88.742966, -51.882005, 604.926354, 51
110.619575, -11.504728, 620.606700, 52
83.599130, 4.909682, 586.433220, 53
128.745748, -37.313347, 598.395845, 54
116.870687, -9.270636, 560.723381, 55
80.201843, -27.991649, 570.481808, 56
136.087522, -5.651974, 579.893931, 57
122.942513, -9.199818, 592.374906, 58
118.808686, -58.364315, 584.950153, 59
86.659453, -2.703042, 575.301543, 60
107.966778, -62.033352, 587.036103, 61
86.435324, -30.767607, 570.428451, 62
80.584060, -26.522301, 570.235255, 63
109.278920, -45.849868, 596.538383, 64
81.217066, -8.332970, 582.165009, 65
84.202169, -7.484939, 617.790050, 66
96.945779, -19.470658, 607.035303, 67
119.101311, -44.601549, 592.732289, 68
85.018504, -5.146630, 597.984681, 69
112.230382, 2.158986, 590.178722, 70
129.793622, -37.947535, 591.761921, 71
90.371970, -30.865986, 624.611175, 72
103.062186, -29.635735, 592.984581, 73
115.559186, 0.289392, 610.752536, 74
85.639960, 2.152648, 597.316617, 75
110.066666, -61.718498, 584.728733, 76
101.398856, -44.126610, 560.155101, 77
81.976184, -4.379087, 579.170181, 78
116.970279, 1.285580, 568.920648, 79
88.497166, -34.557339, 565.976708, 80
120.937584, -52.837023, 591.645790, 81
86.241777, -41.818840, 624.396558, 82
84.394955, -18.110470, 589.657680, 83
119.642367, -50.624625, 584.844193, 84
103.937058, -44.338482, 581.893844, 85
143.515376, -13.625626, 583.792092, 86
101.786327, -60.300053, 603.282091, 87
104.203161, -57.677693, 593.800045, 88
125.635089, -20.061254, 589.982687, 89
136.817442, -10.917892, 619.042073, 90
145.055887, -38.053580, 561.102102, 91
110.243933, -31.165615, 582.899551, 92
108.182559, -26.124476, 559.686403, 93
140.102003, -54.555394, 572.678417, 94
98.488478, -29.972082, 591.955825, 95
122.644176, -34.530060, 573.227936, 96
79.978491, -12.097511, 576.544509, 97
125.522238, -55.967636, 582.483407, 98
92.864553, -9.686359, 626.038912, 99
125.109021, -20.942257, 610.018110, 100
117.693228, -23.959635, 566.861475, 101
121.057009, -61.788999, 599.312529, 102
146.218550, -32.960254, 568.085143, 103
79.447212, -40.931527, 577.146299, 104
94.387374, -21.796805, 610.791127, 105
128.605541, -47.225993, 571.157818, 106
144.095245, -46.601325, 622.676973, 107
94.182007, -0.432885, 561.606378, 108
118.927112, -55.641649, 615.536697, 109
118.508145, -9.886461, 589.491421, 110
102.068346, -40.266518, 560.428919, 111
111.191582, 1.436688, 562.256543, 112
84.046319, -0.418046, 592.912890, 113
94.393165, -0.324647, 615.598016, 114
113.801167, -54.010626, 588.698112, 115
98.134222, -4.758879, 605.088808, 116
111.553756, -8.736938, 622.104184, 117
107.772851, -62.628227, 616.568334, 118
111.640965, -23.054922, 624.543508, 119
100.719739, -52.620075, 609.553956, 120
132.472958, -29.905551, 564.184423, 121
135.163618, 1.932213, 560.518244, 122
139.681861, -62.094774, 623.716824, 123
106.136941, -47.055440, 618.289464, 124
95.277132, -12.608064, 559.175684, 125
126.236988, -62.547170, 618.033469, 126
104.867992, -30.347235, 604.193579, 127
