x coord, y coord, z coord, scalar
478.836404, -423.832035, 20532.769809, 0
469.286900, -417.983293, 20549.493075, 1
481.619066, -429.611529, 20555.214960, 2
514.146122, -392.864754, 20526.441749, 3
475.108515, -386.185901, 20511.392433, 4
499.914372, -393.115476, 20547.055073, 5
464.831229, -405.994858, 20561.279642, 6
517.510950, -416.733839, 20573.141751, 7
518.770588, -396.636931, 20562.820578, 8
525.960610, -426.849196, 20517.910264, 9
492.902443, -406.927008, 20548.330372, 10
517.095510, -396.554101, 20515.890980, 11
489.289317, -442.567082, 20540.533659, 12
467.196649, -387.335007, 20533.210556, 13
485.052594, -439.860104, 20532.559522, 14
487.859590, -398.859920, 20524.984525, 15
526.328947, -392.942917, 20573.251597, 16
510.299918, -403.065584, 20542.053762, 17
506.133210, -411.928581, 20530.953666, 18
491.647452, -413.602188, 20558.381553, 19
500.971115, -448.332938, 20536.975843, 20
472.002194, -390.151462, 20525.960481, 21
479.307263, -428.495479, 20537.639914, 22
511.258658, -420.213149, 20535.853829, 23
467.164375, -394.074371, 20550.254069, 24
491.141875, -433.848531, 20536.925025, 25
507.542851, -435.153152, 20529.526312, 26
503.487281, -452.486805, 20512.000884, 27
468.236695, -405.267507, 20554.331442, 28
490.606828, -441.254577, 20526.265201, 29
471.666719, -399.197408, 20532.190647, 30
500.057673, -386.109403, 20527.579573, 31
517.433051, -434.435642, 20553.343365, 32
477.780022, -450.810440, 20518.667097, 33
505.050007, -442.560274, 20510.131523, 34
477.998513, -410.332285, 20530.535836, 35
506.344902, -430.423192, 20549.645551, 36
527.287228, -385.849804, 20551.418833, 37
461.982948, -445.246767, 20531.687750, 38
507.727846, -413.554168, 20544.690044, 39
525.409716, -400.801477, 20531.033368, 40
480.297206, -428.377334, 20530.455341, 41
499.291199, -438.577982, 20550.283904, 42
475.328684, -419.710356, 20553.724004, 43
485.410353, -442.295394, 20565.435985, 44
486.956673, -423.211121, 20540.611491, 45
508.912464, -444.499662, 20564.473946, 46
481.253583, -444.845920, 20564.164609, 47
524.085694, -441.777074, 20573.173630, 48
478.469187, -392.963285, 20545.155146, 49
514.575373, -395.187211, 20529.892923, 50
468.303108, -442.523360, 20555.775239, 51
490.179962, -402.146216, 20571.460942, 52
463.159437, -385.731740, 20537.280759, 53
508.305963, -427.954954, 20549.242520, 54
496.430970, -399.912095, 20511.570036, 55
459.762111, -418.633060, 20521.327844, 56
515.647812, -396.293457, 20530.741226, 57
502.502861, -399.841340, 20543.221126, 58
498.368886, -449.005794, 20535.796602, 59
466.219753, -393.344467, 20526.148261, 60
487.526967, -452.674807, 20537.882697, 61
465.995587, -421.409020, 20521.273723, 62
460.144330, -417.163713, 20521.081287, 63
488.838879, -436.491398, 20547.379340, 64
460.777371, -398.974375, 20533.011571, 65
463.762500, -398.126328, 20568.640753, 66
476.506513, -410.111774, 20557.890228, 67
498.661446, -435.243123, 20543.575687, 68
464.578849, -395.788016, 20548.832330, 69
491.790722, -388.482480, 20541.025695, 70
509.353849, -428.589098, 20542.607635, 71
469.932231, -421.507332, 20575.467279, 72
482.622505, -420.277048, 20543.789716, 73
495.119543, -390.352090, 20561.602241, 74
465.200288, -388.488764, 20548.164589, 75
489.626862, -452.359957, 20535.575253, 76
480.959104, -434.768054, 20511.001228, 77
461.536485, -395.020503, 20530.017011, 78
496.530572, -389.355881, 20519.767590, 79
468.057424, -425.198763, 20516.822378, 80
500.497757, -443.478534, 20542.491889, 81
465.801994, -432.460209, 20575.249605, 82
463.955282, -408.751815, 20540.502533, 83
499.202559, -441.266124, 20535.689382, 84
483.497236, -434.979923, 20532.735531, 85
523.075657, -404.267117, 20534.639622, 86
481.346469, -450.941487, 20554.130567, 87
483.763303, -448.319137, 20544.646333, 88
505.195408, -410.702818, 20540.827306, 89
516.377737, -401.559395, 20569.892045, 90
524.616146, -428.695049, 20511.949596, 91
489.804187, -421.807119, 20533.736740, 92
487.742828, -416.765928, 20510.532243, 93
519.662248, -445.196868, 20523.525880, 94
478.048761, -420.613262, 20542.777886, 95
502.204429, -425.171551, 20524.072792, 96
459.538784, -402.738921, 20527.390955, 97
505.082455, -446.609121, 20533.330046, 98
472.424885, -400.327769, 20576.891264, 99
504.669367, -411.583890, 20560.869493, 100
497.253502, -414.601106, 20517.706802, 101
500.617195, -452.430486, 20550.160585, 102
525.778811, -423.601730, 20518.932568, 103
459.007456, -431.572926, 20527.992276, 104
473.947921, -412.437915, 20561.650877, 105
508.165782, -437.867472, 20522.004274, 106
523.655489, -437.242817, 20573.526706, 107
473.742293, -391.074325, 20512.453422, 108
498.487281, -446.283148, 20566.387529, 109
498.068504, -400.527975, 20540.336510, 110
481.628597, -430.907963, 20511.274831, 111
490.751869, -389.204766, 20513.103598, 112
463.606643, -391.059454, 20543.760396, 113
473.953515, -390.966066, 20566.448380, 114
493.361329, -444.652111, 20539.543382, 115
477.694640, -395.400289, 20555.937752, 116
491.114119, -399.378419, 20572.957118, 117
487.333029, -453.269682, 20567.418700, 118
491.201298, -413.696436, 20575.402193, 119
480.279807, -443.261484, 20560.405054, 120
512.033222, -420.547026, 20515.031099, 121
514.723896, -388.709249, 20511.365875, 122
519.242097, -452.736251, 20574.566334, 123
485.697028, -437.696899, 20569.145819, 124
474.837412, -403.249503, 20510.022208, 125
505.797199, -453.188652, 20568.883285, 126
484.428308, -420.988649, 20555.041102, 127
