x coord, y coord, z coord, scalar
19.922365, 30.425948, 24.193391, 0
10.372743, 36.274298, 40.913465, 1
22.706517, 24.646023, 46.626613, 2
55.232023, 61.393319, 17.856107, 3
16.194420, 68.072134, 2.806852, 4
41.000199, 61.142623, 38.469399, 5
5.917040, 48.263028, 52.690422, 6
58.596870, 37.524282, 64.552806, 7
59.856478, 57.621168, 54.232998, 8
67.046545, 27.408877, 9.324508, 9
33.988041, 47.331232, 39.750446, 10
58.181423, 57.703965, 7.305257, 11
30.375400, 11.690995, 31.951270, 12
8.282526, 66.923007, 24.625103, 13
26.138623, 14.397941, 23.977750, 14
28.945465, 55.398130, 16.400886, 15
67.414854, 61.315160, 64.663904, 16
51.385789, 51.192544, 33.468699, 17
47.219109, 42.329535, 22.370380, 18
32.732620, 40.656593, 49.779247, 19
42.057118, 5.925148, 28.390993, 20
13.088077, 64.106560, 17.375471, 21
20.393324, 25.762474, 29.066456, 22
52.344585, 34.044991, 27.269976, 23
8.250201, 60.183603, 41.667907, 24
32.227941, 20.409582, 28.346551, 25
48.628817, 19.104949, 20.942225, 26
44.573234, 1.771251, 3.415282, 27
9.322446, 48.990349, 45.744807, 28
31.692817, 13.003483, 17.681914, 29
12.752577, 55.060591, 23.607051, 30
41.143560, 68.148658, 18.994125, 31
58.519020, 19.822496, 44.756589, 32
18.865989, 3.447594, 10.082093, 33
46.135955, 11.697785, 1.546210, 34
19.084376, 43.925716, 21.955781, 35
47.430917, 23.835047, 41.060720, 36
68.373131, 68.408271, 42.831961, 37
3.068926, 9.011230, 23.102823, 38
48.813724, 40.704037, 36.106296, 39
66.495627, 53.456604, 22.447400, 40
21.383192, 25.880677, 21.876571, 41
40.377307, 15.680210, 41.699057, 42
16.414410, 34.546190, 45.146642, 43
26.496493, 11.962658, 56.844417, 44
28.042693, 31.047024, 32.050646, 45
49.998464, 9.758454, 55.885683, 46
22.339698, 9.412098, 55.574467, 47
65.171649, 12.481015, 64.585687, 48
19.554985, 61.294728, 36.570237, 49
55.661271, 59.070869, 21.307354, 50
9.389184, 11.734574, 47.188021, 51
31.265746, 52.111871, 62.868221, 52
4.245316, 68.526270, 28.694924, 53
49.391948, 26.303277, 40.657572, 54
37.516878, 54.345960, 2.985109, 55
0.848038, 35.624937, 12.743553, 56
56.733711, 57.964625, 22.155641, 57
43.588691, 54.416787, 34.636646, 58
39.454891, 5.252285, 27.211887, 59
7.305641, 60.913547, 17.563269, 60
28.612985, 1.583244, 29.297832, 61
7.081519, 32.848980, 12.690216, 62
1.230254, 37.094286, 12.497000, 63
29.925168, 17.766747, 38.800267, 64
1.863253, 55.283615, 24.426740, 65
4.848352, 56.131642, 60.051667, 66
17.591895, 44.145866, 49.296805, 67
39.747526, 19.015070, 34.994106, 68
5.664685, 58.469951, 40.246381, 69
32.876562, 65.775582, 32.440441, 70
50.439821, 25.669080, 34.023675, 71
11.018166, 32.750589, 66.872645, 72
23.708373, 33.980833, 35.247444, 73
36.205363, 63.905990, 53.014181, 74
6.286143, 65.769233, 39.578309, 75
30.712872, 1.898099, 26.990464, 76
22.045053, 19.489984, 2.416844, 77
2.622371, 59.237500, 21.431904, 78
37.616467, 64.902175, 11.182368, 79
9.143362, 29.059250, 8.238463, 80
41.583793, 10.779584, 33.907533, 81
6.887981, 21.797740, 66.658112, 82
5.041139, 45.506103, 31.919458, 83
40.288573, 12.991979, 27.105961, 84
24.583267, 19.278112, 24.155707, 85
64.161566, 49.990974, 26.053796, 86
22.432543, 3.316540, 45.543770, 87
24.849377, 5.938902, 36.061782, 88
46.281271, 43.555359, 32.244470, 89
57.463629, 52.698711, 61.303710, 90
65.702081, 25.563018, 3.363807, 91
30.890127, 32.450989, 25.161537, 92
28.828752, 37.492118, 1.948154, 93
60.748200, 9.061205, 14.940123, 94
19.134674, 33.644462, 34.218225, 95
43.290371, 29.086541, 15.489713, 96
0.624681, 51.519075, 18.806243, 97
46.168440, 7.648965, 24.745135, 98
13.510736, 53.930226, 68.300484, 99
45.755196, 42.674368, 52.279709, 100
38.339419, 39.656962, 9.123240, 101
41.703217, 1.827603, 41.574219, 102
66.864744, 30.656345, 10.346850, 103
0.093411, 22.685058, 19.408045, 104
15.033524, 41.819722, 53.052497, 105
49.251738, 16.390606, 13.419552, 106
64.741441, 17.015277, 64.938616, 107
14.828197, 63.183707, 3.868095, 108
39.573322, 7.974956, 57.798311, 109
39.154320, 53.730142, 31.753192, 110
22.714542, 23.350075, 2.690667, 111
31.837772, 65.053281, 4.518260, 112
4.692503, 63.198539, 35.174595, 113
15.039344, 63.291939, 57.859643, 114
34.447379, 9.605976, 30.959877, 115
18.780389, 58.857705, 47.350474, 116
32.199931, 54.879659, 64.365741, 117
28.419061, 0.988370, 58.829961, 118
32.287146, 40.561682, 66.804907, 119
21.365970, 10.996515, 51.815562, 120
53.119152, 33.711047, 6.446151, 121
55.809809, 65.548809, 2.779945, 122
60.328059, 1.521825, 65.978474, 123
26.783167, 16.561159, 60.550927, 124
15.923323, 51.008528, 1.437416, 125
46.883191, 1.069431, 60.295111, 126
25.514178, 33.269352, 46.455283, 127
