x coord, y coord, z coord, scalar
277.925106, -207.289093, 5864.806024, 0
268.375539, -201.440529, 5881.527003, 1
280.708446, -213.068817, 5887.242629, 2
313.234798, -176.321770, 5858.471357, 3
274.197192, -169.642934, 5843.422084, 4
299.003014, -176.572478, 5879.084658, 5
263.919859, -189.451958, 5893.306687, 6
316.599636, -200.190833, 5905.168992, 7
317.859259, -180.093934, 5894.848797, 8
325.049301, -210.306212, 5849.939790, 9
291.990983, -190.383940, 5880.364074, 10
316.184191, -180.011120, 5847.920530, 11
288.378077, -226.024100, 5872.565597, 12
266.285313, -170.792049, 5865.240299, 13
284.141329, -223.317135, 5864.591902, 14
286.948253, -182.316945, 5857.015568, 15
325.417626, -176.399931, 5905.279735, 16
309.388581, -186.522573, 5874.083784, 17
305.221885, -195.385577, 5862.984961, 18
290.735805, -197.058862, 5890.399222, 19
300.059839, -231.789950, 5869.006018, 20
271.090861, -173.608501, 5857.990542, 21
278.396011, -211.952553, 5869.678249, 22
310.347347, -203.670135, 5867.884719, 23
266.253014, -177.531430, 5882.283305, 24
290.230628, -217.305532, 5868.959767, 25
306.631557, -218.610156, 5861.557034, 26
302.575980, -235.943830, 5844.030521, 27
267.325297, -188.724619, 5886.360338, 28
289.695544, -224.711601, 5858.296495, 29
270.755374, -182.654457, 5864.221720, 30
299.146342, -169.566424, 5859.609320, 31
316.521760, -217.892629, 5885.372161, 32
276.868728, -234.267475, 5850.697162, 33
304.138704, -226.017297, 5842.161366, 34
277.087170, -193.789333, 5862.569446, 35
305.433634, -213.880134, 5881.675740, 36
326.375905, -169.306819, 5883.447560, 37
261.071658, -228.703819, 5863.717870, 38
306.816514, -197.011122, 5876.721008, 39
324.498397, -184.258489, 5863.062742, 40
279.385920, -211.834380, 5862.489872, 41
298.379973, -222.034947, 5882.314081, 42
274.417247, -203.168072, 5885.759545, 43
284.499139, -225.752424, 5897.461348, 44
286.045405, -206.668106, 5872.658859, 45
308.001186, -227.956660, 5896.501677, 46
280.342357, -228.302965, 5896.190993, 47
323.174395, -225.234083, 5905.201589, 48
277.557814, -176.420326, 5877.185279, 49
313.664048, -178.644224, 5861.922584, 50
267.391862, -225.980443, 5887.803718, 51
289.268584, -185.603222, 5903.485479, 52
262.248102, -169.188784, 5869.310229, 53
307.394681, -211.411898, 5881.272625, 54
295.519649, -183.369119, 5843.600156, 55
258.850797, -202.090111, 5853.358419, 56
314.736487, -179.750468, 5862.770875, 57
301.591505, -183.298329, 5875.251566, 58
297.457610, -232.462808, 5867.826874, 59
265.308422, -176.801510, 5858.178335, 60
286.615696, -236.131835, 5869.912861, 61
265.084276, -204.866070, 5853.304861, 62
259.233015, -200.620763, 5853.111865, 63
287.927735, -219.948388, 5879.413653, 64
259.866036, -182.431428, 5865.041760, 65
262.851151, -181.583390, 5900.667894, 66
275.594940, -193.568978, 5889.914262, 67
297.750207, -218.700087, 5875.608204, 68
263.667493, -179.245079, 5880.861718, 69
290.879369, -171.939500, 5873.055581, 70
308.442560, -212.046067, 5874.638447, 71
269.020920, -204.964418, 5907.490446, 72
281.711162, -203.734151, 5875.850379, 73
294.208182, -173.809100, 5893.630116, 74
264.288941, -171.945813, 5880.193740, 75
288.715588, -235.816983, 5867.605472, 76
280.047801, -218.225087, 5843.031736, 77
260.625153, -178.477551, 5862.047002, 78
295.619245, -172.812904, 5851.797499, 79
267.146116, -208.655807, 5848.853223, 80
299.586496, -226.935532, 5874.522418, 81
264.890707, -215.917283, 5907.275022, 82
263.043935, -192.208901, 5872.533979, 83
298.291288, -224.723128, 5867.720580, 84
282.585971, -218.436959, 5864.769306, 85
322.164337, -187.724124, 5866.669098, 86
280.435224, -234.398527, 5886.159347, 87
282.852058, -231.776172, 5876.676723, 88
304.284069, -194.159785, 5872.858925, 89
315.466410, -185.016395, 5901.919724, 90
323.704838, -212.152068, 5843.979098, 91
288.892882, -205.264119, 5865.773825, 92
286.831514, -200.222956, 5842.562964, 93
318.750947, -228.653884, 5855.555406, 94
277.137435, -204.070438, 5874.826102, 95
301.293125, -208.628558, 5856.104235, 96
258.627456, -186.195972, 5859.421229, 97
304.171170, -230.066132, 5865.360178, 98
271.513536, -183.784819, 5908.917192, 99
303.758014, -195.040819, 5892.896134, 100
296.342186, -198.058124, 5849.737899, 101
299.705927, -235.887497, 5882.189673, 102
324.867502, -207.058745, 5850.962122, 103
258.096155, -215.029984, 5860.022894, 104
273.036450, -195.895126, 5893.671360, 105
307.254484, -221.324486, 5854.034541, 106
322.744189, -220.699824, 5905.554561, 107
272.830970, -174.531360, 5844.483255, 108
297.576023, -229.740152, 5898.414575, 109
297.157142, -183.984969, 5872.367783, 110
280.717293, -214.364995, 5843.305499, 111
289.840545, -172.661793, 5845.133424, 112
262.695299, -174.516506, 5875.789891, 113
273.042156, -174.423111, 5898.475770, 114
292.450074, -228.109123, 5871.574521, 115
276.783244, -178.857338, 5887.966188, 116
290.202754, -182.835430, 5904.982618, 117
286.421765, -236.726710, 5899.446089, 118
290.289950, -197.153430, 5907.423460, 119
279.368602, -226.718539, 5892.431905, 120
311.121911, -204.004042, 5847.061204, 121
313.812577, -172.166272, 5843.395277, 122
318.330801, -236.193266, 5906.594354, 123
284.785814, -221.153926, 5901.168800, 124
273.926092, -186.706538, 5842.052425, 125
304.885917, -236.645665, 5900.911078, 126
283.516968, -204.445697, 5887.070583, 127
