x coord, y coord, z coord, scalar
118.572586, -51.225106, 738.310150, 0
109.022979, -45.376677, 755.030332, 1
121.356441, -57.004976, 760.743778, 2
153.882257, -20.257751, 731.973180, 3
114.844653, -13.578929, 716.923923, 4
139.650448, -20.508451, 752.586474, 5
104.567288, -33.388004, 766.807617, 6
157.247102, -44.126797, 778.669993, 7
158.506715, -24.029907, 768.350138, 8
165.696773, -54.242194, 723.441585, 9
132.638338, -34.319864, 753.867324, 10
156.831655, -23.947104, 721.422333, 11
129.025600, -69.960079, 746.068233, 12
106.932764, -14.728051, 738.742170, 13
124.788832, -67.253126, 738.094691, 14
127.595704, -26.252935, 730.517891, 15
166.065087, -20.335910, 778.781047, 16
150.036030, -30.458536, 747.585753, 17
145.869344, -39.321543, 736.487373, 18
131.383010, -40.994600, 763.896889, 19
140.707333, -75.725927, 742.508039, 20
111.738314, -17.544499, 731.492523, 21
119.043526, -55.888576, 743.183113, 22
150.994816, -47.606093, 741.386989, 23
106.900448, -21.467446, 755.784998, 24
130.878144, -61.241499, 742.463379, 25
147.279039, -62.546128, 735.059245, 26
143.223458, -79.879817, 717.532354, 27
107.972705, -32.660676, 759.861914, 28
130.343034, -68.647586, 731.798907, 29
111.402818, -26.590464, 737.724055, 30
139.793797, -13.502409, 733.111192, 31
157.169243, -61.828588, 758.873702, 32
117.516210, -78.203469, 724.199145, 33
144.786180, -69.953283, 715.663272, 34
117.734616, -37.725339, 736.072664, 35
146.081132, -57.816058, 755.177766, 36
167.023365, -13.242800, 756.949076, 37
101.719144, -72.639827, 737.219872, 38
147.463965, -40.947058, 750.223305, 39
165.145860, -28.194468, 736.564485, 40
120.033409, -55.770383, 735.993410, 41
139.027504, -65.970887, 755.816104, 42
115.064648, -47.104581, 759.263433, 43
125.146681, -69.688412, 770.961693, 44
126.692906, -50.604062, 746.166873, 45
148.648680, -71.892626, 770.002846, 46
120.989890, -72.238965, 769.691694, 47
163.821873, -69.170059, 778.702839, 48
118.205238, -20.356328, 750.687285, 49
154.311506, -22.580203, 735.424425, 50
108.039382, -69.916473, 761.305148, 51
129.916003, -29.539199, 776.985536, 52
102.895554, -13.124787, 742.812004, 53
148.042169, -55.347825, 754.774622, 54
136.167111, -27.305107, 717.102158, 55
99.498266, -46.026118, 726.860580, 56
155.383946, -23.686446, 736.272713, 57
142.238940, -27.234292, 748.753679, 58
138.105105, -76.398788, 741.328929, 59
105.955877, -20.737512, 731.680320, 60
127.263196, -80.067824, 743.414879, 61
105.731746, -48.802077, 726.807217, 62
99.880482, -44.556770, 726.614027, 63
128.575328, -63.884344, 752.917116, 64
100.513489, -26.367439, 738.543785, 65
103.498594, -25.519407, 774.168858, 66
116.242221, -37.505110, 763.414145, 67
138.397728, -62.636027, 749.111041, 68
104.314930, -23.181097, 754.363465, 69
131.526808, -15.875485, 746.557501, 70
149.090044, -55.982012, 748.140691, 71
109.668391, -48.900452, 780.990025, 72
122.358610, -47.670199, 749.363035, 73
134.855613, -17.745079, 767.131337, 74
104.936385, -15.881821, 753.695404, 75
129.363085, -79.752970, 741.107509, 76
120.695277, -62.161080, 716.533874, 77
101.272607, -22.413556, 735.548959, 78
136.266703, -16.748892, 725.299427, 79
107.793588, -52.591809, 722.355477, 80
140.234002, -70.871497, 748.024562, 81
105.538197, -59.853307, 780.775385, 82
103.691379, -36.144936, 746.036443, 83
138.938786, -68.659099, 741.222959, 84
123.233476, -62.372953, 738.272582, 85
162.811799, -31.660099, 740.170876, 86
121.082743, -78.334524, 759.660883, 87
123.499577, -75.712165, 750.178819, 88
144.931515, -38.095730, 746.361448, 89
156.113866, -28.952365, 775.420875, 90
164.352309, -56.088052, 717.480886, 91
129.540355, -49.200088, 739.278254, 92
127.478981, -44.158947, 716.065174, 93
159.398424, -72.589866, 729.057200, 94
117.784899, -48.006540, 748.334411, 95
141.940598, -52.564533, 729.606698, 96
99.274914, -30.131980, 732.923285, 97
144.818659, -74.002109, 738.862184, 98
112.160979, -27.720828, 782.417733, 99
144.405448, -38.976736, 766.396924, 100
136.989651, -41.994107, 723.240242, 101
140.353428, -79.823473, 755.691317, 102
165.514972, -50.994726, 724.463926, 103
98.743633, -58.965996, 733.525070, 104
113.683807, -39.831258, 767.170006, 105
147.901962, -65.260466, 727.536594, 106
163.391666, -64.635798, 779.055773, 107
113.478430, -18.467355, 717.985157, 108
138.223530, -73.676122, 771.915506, 109
137.804572, -27.920935, 745.870186, 110
121.364767, -58.300989, 716.807690, 111
130.488005, -16.597783, 718.635323, 112
103.342744, -18.452515, 749.291674, 113
113.689591, -18.359116, 771.976822, 114
133.097585, -72.045099, 745.076878, 115
117.430652, -22.793347, 761.467603, 116
130.850183, -26.771410, 778.483010, 117
127.069270, -80.662699, 772.947140, 118
130.937391, -41.089395, 780.922378, 119
120.016152, -70.654545, 765.932767, 120
151.769380, -47.940023, 720.563200, 121
154.460041, -16.102258, 716.897029, 122
158.978282, -80.129246, 780.095623, 123
125.433355, -65.089913, 774.668316, 124
114.573555, -30.642534, 715.554460, 125
145.533408, -80.581643, 774.412270, 126
124.164417, -48.381703, 760.572362, 127
