x coord, y coord, z coord, scalar
154.071226, -98.001602, 1809.663618, 0
144.521636, -92.153139, 1826.383966, 1
156.854948, -103.781408, 1832.097867, 2
189.380901, -67.034256, 1803.327128, 3
150.343297, -60.355430, 1788.277868, 4
175.149099, -67.284959, 1823.940423, 5
140.065943, -80.164493, 1838.161751, 6
192.745743, -90.903307, 1850.024112, 7
194.005359, -70.806415, 1839.704186, 8
201.195413, -101.018698, 1794.795539, 9
168.137007, -81.096390, 1825.220975, 10
192.330297, -70.723608, 1792.776285, 11
164.524226, -116.736582, 1817.422011, 12
142.431411, -61.504551, 1810.096108, 13
160.287464, -114.029627, 1809.448438, 14
163.094350, -73.029438, 1801.871735, 15
201.563730, -67.112416, 1850.135101, 16
185.534676, -77.235047, 1818.939670, 17
181.367987, -86.098052, 1807.841198, 18
166.881711, -87.771183, 1835.251703, 19
176.205967, -122.502431, 1813.861945, 20
147.236960, -64.321000, 1802.846438, 21
154.542156, -102.665067, 1814.536427, 22
186.493456, -94.382604, 1812.740843, 23
142.399100, -68.243943, 1827.138973, 24
166.376772, -108.018006, 1813.816954, 25
182.777677, -109.322635, 1806.413112, 26
178.722097, -126.656320, 1788.886300, 27
143.471367, -79.437163, 1831.215914, 28
165.841670, -115.424089, 1803.152732, 29
146.901467, -73.366963, 1809.077896, 30
175.292442, -60.278914, 1804.465130, 31
192.667879, -108.605098, 1830.227708, 32
153.014848, -124.979970, 1795.553059, 33
180.284820, -116.729786, 1787.017203, 34
153.233265, -84.501838, 1807.426321, 35
181.579763, -104.592577, 1826.531671, 36
202.522009, -60.019305, 1828.303088, 37
137.217782, -119.416324, 1808.573783, 38
182.962609, -87.723576, 1821.577154, 39
200.644503, -74.970974, 1807.918449, 40
155.532045, -102.546881, 1807.347001, 41
174.526126, -112.747400, 1827.170010, 42
150.563333, -93.880947, 1830.616950, 43
160.645303, -116.464912, 1842.315948, 44
162.191537, -97.380572, 1817.519531, 45
184.147314, -118.669134, 1841.356930, 46
156.488515, -119.015462, 1841.045875, 47
199.320511, -115.946565, 1850.056906, 48
153.703893, -67.132830, 1822.041195, 49
189.810150, -69.356709, 1806.778369, 50
143.538012, -116.692962, 1832.659178, 51
165.414658, -76.315708, 1848.339852, 52
138.394200, -59.901287, 1814.165962, 53
183.540803, -102.124344, 1826.128534, 54
171.665754, -74.081610, 1788.456068, 55
134.996908, -92.802616, 1798.214458, 56
190.882590, -70.462953, 1807.626657, 57
177.737589, -74.010803, 1820.107567, 58
173.603739, -123.175292, 1812.682828, 59
141.454523, -67.514012, 1803.034234, 60
162.761829, -126.844325, 1814.768786, 61
141.230388, -95.578575, 1798.161054, 62
135.379125, -91.333268, 1797.967904, 63
164.073935, -110.660850, 1824.270722, 64
136.012136, -73.143936, 1809.897691, 65
138.997244, -72.295903, 1845.522985, 66
151.740920, -84.281583, 1834.768497, 67
173.896353, -109.412540, 1820.464777, 68
139.813581, -69.957594, 1825.717429, 69
167.025458, -62.651990, 1817.911429, 70
184.588679, -102.758526, 1819.494551, 71
145.167034, -95.676943, 1852.344441, 72
157.857260, -94.446687, 1820.714725, 73
170.354265, -64.521587, 1838.485410, 74
140.435034, -62.658320, 1825.049385, 75
164.861719, -126.529472, 1812.461412, 76
156.193917, -108.937582, 1787.887756, 77
136.771254, -69.190055, 1806.902879, 78
171.765347, -63.525395, 1796.653353, 79
143.292229, -99.368308, 1793.709335, 80
175.732633, -117.648005, 1819.378443, 81
141.036834, -106.629800, 1852.129637, 82
139.190030, -82.921428, 1817.390258, 83
174.437419, -115.435605, 1812.576791, 84
158.732108, -109.149453, 1809.626227, 85
198.310442, -78.436606, 1811.524833, 86
156.581372, -125.111022, 1831.014890, 87
158.998206, -122.488664, 1821.532710, 88
180.430160, -84.872246, 1817.715250, 89
191.612510, -75.728873, 1846.774963, 90
199.850950, -102.864556, 1788.834841, 91
165.038994, -95.976596, 1810.631659, 92
162.977623, -90.935449, 1787.419041, 93
194.897063, -119.366370, 1800.411154, 94
153.283548, -94.783013, 1819.687007, 95
177.439238, -99.341040, 1800.960513, 96
134.773560, -76.908478, 1804.277184, 97
180.317294, -120.778614, 1810.216093, 98
147.659628, -74.497327, 1853.771948, 99
179.904096, -85.753260, 1837.751087, 100
172.488293, -88.770611, 1794.594082, 101
175.852060, -126.599977, 1827.045302, 102
201.013613, -97.771231, 1795.817878, 103
134.242273, -105.742492, 1804.878945, 104
149.182486, -86.607727, 1838.524615, 105
183.400601, -112.036971, 1798.890494, 106
198.890305, -111.412304, 1850.409848, 107
148.977075, -65.243857, 1789.339089, 108
173.722161, -120.452628, 1843.269640, 109
173.303223, -74.697445, 1817.224013, 110
156.863407, -105.077490, 1788.161561, 111
165.986649, -63.374286, 1789.989255, 112
138.841393, -65.229013, 1820.645630, 113
149.188242, -65.135616, 1843.330930, 114
168.596214, -118.821604, 1816.430714, 115
152.929311, -69.569847, 1832.821636, 116
166.348835, -73.547917, 1849.837256, 117
162.567901, -127.439200, 1844.301249, 118
166.436039, -87.865906, 1852.276931, 119
155.514773, -117.431040, 1837.286915, 120
187.268022, -94.716528, 1791.917112, 121
189.958684, -62.878762, 1788.250991, 122
194.476920, -126.905751, 1851.449686, 123
160.931977, -111.866413, 1846.022744, 124
150.072198, -77.419035, 1786.908364, 125
181.032043, -127.358148, 1845.766350, 126
159.663065, -95.158203, 1831.926319, 127
