x coord, y coord, z coord, scalar
450.466720, -390.559702, 17950.576364, 0
440.917206, -384.710986, 17967.299227, 1
453.249482, -396.339233, 17973.020010, 2
485.776434, -359.592415, 17944.247140, 3
446.738827, -352.913564, 17929.197832, 4
471.544679, -359.843135, 17964.860460, 5
436.461534, -372.722531, 17979.084582, 6
489.141264, -383.461497, 17990.946725, 7
490.400900, -363.364590, 17980.625724, 8
497.590924, -393.576857, 17935.715641, 9
464.532735, -373.654656, 17966.136484, 10
488.725823, -363.281762, 17933.696361, 11
460.919641, -409.294744, 17958.339460, 12
438.826959, -354.062672, 17951.015971, 13
456.682915, -406.587768, 17950.365402, 14
459.489900, -365.587582, 17942.790169, 15
497.959260, -359.670577, 17991.056729, 16
481.930229, -369.793240, 17959.859226, 17
477.763522, -378.656239, 17948.759354, 18
463.277717, -380.329797, 17976.184840, 19
472.601434, -415.060599, 17954.781334, 20
443.632504, -356.879126, 17943.765952, 21
450.937586, -395.223149, 17955.446843, 22
482.888972, -386.940806, 17953.659446, 23
438.794681, -360.802038, 17968.059395, 24
462.772199, -400.576190, 17954.731321, 25
479.173167, -401.880811, 17947.331899, 26
475.117596, -419.214467, 17929.806280, 27
439.866995, -371.995182, 17972.136708, 28
462.237146, -407.982239, 17944.070889, 29
443.297028, -365.925074, 17949.996296, 30
471.687984, -352.837065, 17945.384989, 31
489.063368, -401.163298, 17971.148613, 32
449.410338, -417.538103, 17936.472568, 33
476.680322, -409.287936, 17927.936956, 34
449.628822, -377.059950, 17948.341932, 35
477.975223, -397.150842, 17967.451044, 36
498.917540, -352.577465, 17969.224069, 37
433.613265, -411.974434, 17949.493231, 38
479.358157, -380.281820, 17962.495674, 39
497.040029, -367.529137, 17948.838718, 40
451.927524, -395.105000, 17948.261600, 41
470.921526, -405.305636, 17968.089395, 42
446.958976, -386.438121, 17971.530441, 43
457.040681, -409.023058, 17983.240629, 44
458.586993, -389.938777, 17958.420009, 45
480.542783, -411.227320, 17982.279007, 46
452.883910, -411.573585, 17981.969432, 47
495.716010, -408.504734, 17990.978731, 48
450.099492, -359.690949, 17962.960630, 49
486.205685, -361.914872, 17947.698323, 50
439.933431, -409.251031, 17973.580431, 51
461.810266, -368.873875, 17989.265440, 52
434.789747, -352.459405, 17955.086126, 53
479.936282, -394.682604, 17967.047999, 54
468.061282, -366.639757, 17929.375517, 55
431.392425, -385.360726, 17939.133406, 56
487.278124, -363.021117, 17948.546624, 57
474.133168, -366.568997, 17961.026664, 58
469.999205, -415.733454, 17953.602110, 59
437.850064, -360.072132, 17943.953734, 60
459.157287, -419.402470, 17955.688186, 61
437.625901, -388.136686, 17939.079383, 62
431.774643, -383.891379, 17938.886849, 63
460.469218, -403.219056, 17965.185560, 64
432.407681, -365.702041, 17950.817065, 65
435.392808, -364.853996, 17986.445709, 66
448.136787, -376.839461, 17975.694637, 67
470.291771, -401.970776, 17961.381591, 68
436.209156, -362.515684, 17966.637682, 69
463.421030, -355.210142, 17958.831135, 70
480.984167, -395.316752, 17960.413238, 71
441.562545, -388.235003, 17993.271536, 72
454.252814, -387.004722, 17961.600573, 73
466.749850, -357.079750, 17979.407327, 74
436.830596, -355.216430, 17965.969900, 75
461.257182, -419.087619, 17953.380751, 76
452.589419, -401.495717, 17928.806778, 77
433.166795, -361.748169, 17947.822469, 78
468.160884, -356.083543, 17937.573034, 79
439.687738, -391.926428, 17934.627987, 80
472.128079, -410.206192, 17960.297443, 81
437.432311, -399.187879, 17993.054257, 82
435.585591, -375.479486, 17958.308248, 83
470.832879, -407.993783, 17953.495053, 84
455.127557, -401.707587, 17950.541656, 85
494.705970, -370.994776, 17952.444990, 86
452.976793, -417.669152, 17971.935812, 87
455.393627, -415.046801, 17962.451862, 88
476.825718, -377.430472, 17958.633051, 89
488.008049, -368.287053, 17987.697097, 90
496.246460, -395.422711, 17929.754969, 91
461.434502, -388.534778, 17951.543448, 92
459.373141, -383.493591, 17928.337830, 93
491.292564, -411.924529, 17941.331257, 94
449.679072, -387.340946, 17960.586554, 95
473.834744, -391.899211, 17941.878506, 96
431.169095, -369.466587, 17945.196463, 97
476.712773, -413.336781, 17951.135529, 98
444.055193, -367.055435, 17994.696007, 99
476.299675, -378.311538, 17978.674362, 100
468.883815, -381.328767, 17935.512455, 101
472.247516, -419.158146, 17967.965885, 102
497.409126, -390.329391, 17936.737949, 103
430.637771, -398.300593, 17945.797845, 104
445.578211, -379.165604, 17979.454660, 105
479.796098, -404.595133, 17939.809781, 106
495.285805, -403.970477, 17991.331789, 107
445.372605, -357.801989, 17930.258853, 108
470.117603, -413.010807, 17984.192469, 109
469.698811, -367.255633, 17958.142195, 110
453.258912, -397.635626, 17929.080409, 111
462.382181, -355.932428, 17930.909028, 112
435.236952, -357.787120, 17961.565767, 113
445.583822, -357.693731, 17984.253380, 114
464.991652, -411.379772, 17957.349043, 115
449.324941, -362.127954, 17973.742936, 116
462.744425, -366.106079, 17990.761786, 117
458.963350, -419.997345, 17985.223700, 118
462.831606, -380.424093, 17993.206115, 119
451.910137, -409.989151, 17978.209959, 120
483.663536, -387.274687, 17932.836577, 121
486.354209, -355.436911, 17929.171229, 122
490.872414, -419.463912, 17992.371446, 123
457.327356, -404.424562, 17986.950042, 124
446.467725, -369.977167, 17927.827707, 125
477.427518, -419.916313, 17986.688356, 126
456.058618, -387.716315, 17972.846471, 127
