x coord, y coord, z coord, scalar
347.671366, -284.067315, 9661.082794, 0
338.121821, -278.218688, 9677.804365, 1
350.454468, -289.846959, 9683.521609, 2
382.981067, -253.100006, 9654.749836, 3
343.943461, -246.421165, 9639.700552, 4
368.749295, -253.350719, 9675.363142, 5
333.666144, -266.230165, 9689.585828, 6
386.345902, -276.969077, 9701.448083, 7
387.605530, -256.872175, 9691.127635, 8
394.795565, -287.084449, 9646.218290, 9
361.737300, -267.162206, 9676.641494, 10
385.930459, -256.789355, 9644.199024, 11
358.124317, -302.802336, 9668.843473, 12
336.031586, -247.570277, 9661.518743, 13
353.887577, -300.095367, 9660.869664, 14
356.694527, -259.095179, 9653.293676, 15
395.163894, -253.178168, 9701.558593, 16
379.134855, -263.300819, 9670.362156, 17
374.968155, -272.163820, 9659.263003, 18
360.482188, -273.837218, 9686.680788, 19
369.806091, -308.568188, 9665.284350, 20
340.837133, -250.386729, 9654.268904, 21
348.142255, -288.730769, 9665.954471, 22
380.093612, -280.448382, 9664.162866, 23
335.999296, -254.309652, 9678.561880, 24
359.976870, -294.083774, 9665.236918, 25
376.377816, -295.388397, 9657.835225, 26
372.322241, -312.722063, 9640.308992, 27
337.071592, -265.502822, 9682.639001, 28
359.441799, -301.489835, 9654.574538, 29
340.501650, -259.432682, 9660.499820, 30
368.892614, -246.344659, 9655.887763, 31
386.268018, -294.670875, 9681.650850, 32
346.614986, -311.045704, 9646.975522, 33
373.884966, -302.795531, 9638.439784, 34
346.833445, -270.567558, 9658.846890, 35
375.179884, -290.658396, 9677.954068, 36
396.122174, -246.085056, 9679.726266, 37
330.817915, -305.482043, 9659.996216, 38
376.562786, -273.789381, 9672.999136, 39
394.244664, -261.036727, 9659.341282, 40
349.132176, -288.612606, 9658.767078, 41
368.126208, -298.813202, 9678.592412, 42
344.163555, -279.946063, 9682.036490, 43
354.245369, -302.530656, 9693.740925, 44
355.791655, -283.446353, 9668.932743, 45
377.747439, -304.734903, 9692.780641, 46
350.088592, -305.081192, 9692.470306, 47
392.920655, -302.012322, 9701.480494, 48
347.304100, -253.198554, 9673.463622, 49
383.410318, -255.422461, 9658.201049, 50
337.138104, -302.758656, 9684.082489, 51
359.014872, -262.381462, 9699.765269, 52
331.994375, -245.967011, 9665.588744, 53
377.140936, -288.190160, 9677.550976, 54
365.265917, -260.147353, 9639.878502, 55
328.597063, -278.868335, 9649.636648, 56
384.482757, -256.528706, 9659.049343, 57
371.337786, -260.076575, 9671.529829, 58
367.203862, -309.241045, 9664.105181, 59
335.054694, -253.579737, 9654.456693, 60
356.361947, -312.910067, 9666.191196, 61
334.830541, -281.644294, 9649.582944, 62
328.979281, -277.398988, 9649.390093, 63
357.673941, -296.726634, 9675.690915, 64
329.612309, -259.209652, 9661.320088, 65
332.597429, -258.361610, 9696.947011, 66
345.341296, -270.347148, 9686.194182, 67
367.496446, -295.478342, 9671.885931, 68
333.413773, -256.023299, 9677.140254, 69
360.625649, -248.717735, 9669.333988, 70
378.188817, -288.824320, 9670.916614, 71
338.767184, -281.742630, 9703.770591, 72
351.457438, -280.512357, 9672.120821, 73
363.954464, -250.587339, 9689.909043, 74
334.035218, -248.724038, 9676.472337, 75
358.461840, -312.595216, 9663.883792, 76
349.794063, -295.003317, 9639.309982, 77
330.371425, -255.255776, 9658.325382, 78
365.365516, -249.591138, 9648.075900, 79
336.892379, -285.434034, 9645.131382, 80
369.332743, -303.713775, 9670.800659, 81
334.636963, -292.695500, 9703.554584, 82
332.790212, -268.987113, 9668.811982, 83
368.037539, -301.501369, 9663.998647, 84
352.332220, -295.215189, 9661.046707, 85
391.910605, -264.502364, 9662.947611, 86
350.181465, -311.176755, 9682.438040, 87
352.598300, -308.554402, 9672.955000, 88
374.030343, -270.938039, 9669.136884, 89
385.212680, -261.794637, 9698.198702, 90
393.451101, -288.930304, 9640.257604, 91
358.639144, -282.042362, 9662.050370, 92
356.577780, -277.001189, 9638.841155, 93
388.497208, -305.432121, 9651.833906, 94
346.883705, -280.848618, 9671.099767, 95
371.039387, -285.406798, 9652.382239, 96
328.373727, -262.974196, 9655.699535, 97
373.917425, -306.844371, 9661.638521, 98
341.259814, -260.563044, 9705.196622, 99
373.504293, -271.819086, 9689.175381, 100
366.088452, -274.836360, 9646.015993, 101
369.452177, -312.665735, 9678.468286, 102
394.613766, -283.836982, 9647.240614, 103
327.842416, -291.808206, 9656.301112, 104
342.782771, -272.673294, 9689.952199, 105
377.000744, -298.102724, 9650.312849, 106
392.490450, -297.478064, 9701.833493, 107
342.577239, -251.309590, 9640.761675, 108
367.322269, -306.518393, 9694.693716, 109
366.903424, -260.763213, 9668.645832, 110
350.463555, -291.143226, 9639.583704, 111
359.586814, -249.440026, 9641.411847, 112
332.441575, -251.294730, 9672.068399, 113
342.788438, -251.201338, 9694.754823, 114
362.196319, -304.887361, 9667.852604, 115
346.529539, -255.635563, 9684.244970, 116
359.949038, -259.613668, 9701.262159, 117
356.168013, -313.504942, 9695.725142, 118
360.036228, -273.931674, 9703.704096, 119
349.114830, -303.496762, 9688.711097, 120
380.868176, -280.782279, 9643.339554, 121
383.558845, -248.944506, 9639.673809, 122
388.077061, -312.971503, 9702.873244, 123
354.532044, -297.932159, 9697.448992, 124
343.672360, -263.484768, 9638.330746, 125
374.632172, -313.423903, 9697.190026, 126
353.263243, -281.223923, 9683.349095, 127
