x coord, y coord, z coord, scalar
184.869505, -126.906850, 2373.286294, 0
175.319921, -121.058361, 2390.006730, 1
187.653130, -132.686637, 2395.720870, 2
220.179185, -95.939510, 2366.950057, 3
181.141581, -89.260681, 2351.900795, 4
205.947387, -96.190214, 2387.563353, 5
170.864232, -109.069734, 2401.784778, 6
223.544026, -119.808564, 2413.647131, 7
224.803644, -99.711670, 2403.327168, 8
231.993695, -129.923952, 2358.418471, 9
198.935311, -110.001652, 2388.843747, 10
223.128581, -99.628861, 2356.399217, 11
195.322499, -145.641837, 2381.044851, 12
173.229696, -90.409800, 2373.719032, 13
191.085740, -142.934879, 2373.071261, 14
193.892636, -101.934690, 2365.494609, 15
232.362014, -96.017670, 2413.758086, 16
216.332962, -106.140303, 2382.562583, 17
212.166272, -115.003309, 2371.464063, 18
197.680046, -116.676477, 2398.875089, 19
207.004245, -151.407686, 2377.484853, 20
178.035245, -93.226250, 2366.469349, 21
185.340429, -131.570314, 2378.159022, 22
217.291738, -123.287862, 2376.363723, 23
173.197389, -97.149190, 2390.761917, 24
197.175046, -136.923263, 2377.439687, 25
213.575957, -138.227890, 2370.035998, 26
209.520378, -155.561572, 2352.509228, 27
174.269659, -108.342402, 2394.838870, 28
196.639948, -144.329342, 2366.775596, 29
177.699754, -102.272211, 2372.700769, 30
206.090727, -89.184166, 2368.088053, 31
223.466159, -137.510356, 2393.850668, 32
183.813128, -153.885221, 2359.175971, 33
211.083101, -145.635039, 2350.640123, 34
184.031551, -113.407087, 2371.049097, 35
212.378040, -133.497841, 2390.154578, 36
233.320292, -88.924559, 2391.926051, 37
168.016061, -148.321573, 2372.196692, 38
213.760895, -116.628838, 2385.200031, 39
231.442786, -103.876228, 2371.541387, 40
186.330324, -131.452131, 2370.969741, 41
205.324398, -141.652662, 2390.792917, 42
181.361619, -122.786101, 2394.239653, 43
191.443571, -145.370165, 2405.939040, 44
192.989814, -126.285831, 2381.141780, 45
214.945592, -147.574391, 2404.979931, 46
187.286784, -147.920713, 2404.668928, 47
230.118792, -144.851820, 2413.679898, 48
184.502183, -96.038078, 2385.664104, 49
220.608434, -98.261962, 2370.401296, 50
174.336284, -145.598208, 2396.282150, 51
196.212949, -105.220961, 2411.962975, 52
169.192485, -88.806536, 2377.788896, 53
214.339082, -131.029608, 2389.751444, 54
202.464037, -102.986862, 2352.078978, 55
165.795190, -121.707865, 2361.837350, 56
221.680874, -99.368207, 2371.249585, 57
208.535878, -102.916060, 2383.730464, 58
204.402017, -152.080546, 2376.305732, 59
172.252807, -96.419261, 2366.657145, 60
193.560106, -155.749578, 2378.391694, 61
172.028670, -124.483823, 2361.783924, 62
166.177407, -120.238517, 2361.590796, 63
194.872194, -139.566111, 2387.893471, 64
166.810421, -102.049184, 2373.520598, 65
169.795530, -101.201150, 2409.146008, 66
182.539235, -113.186805, 2398.391639, 67
204.694626, -138.317802, 2384.087595, 68
170.611869, -98.862840, 2389.340366, 69
197.823745, -91.557242, 2381.534347, 70
215.386959, -131.663786, 2383.117434, 71
175.965315, -124.582186, 2415.967616, 72
188.655545, -123.351928, 2384.336464, 73
201.152554, -93.426840, 2402.108405, 74
171.233320, -91.563568, 2388.672332, 75
195.659996, -155.434725, 2376.084318, 76
186.992198, -137.842833, 2351.510651, 77
167.569538, -98.095304, 2370.525793, 78
202.563631, -92.430648, 2360.276270, 79
174.090510, -128.273558, 2357.332217, 80
206.530908, -146.553262, 2383.001337, 81
171.835112, -135.535046, 2415.752726, 82
169.988316, -111.826671, 2381.013116, 83
205.235696, -144.340861, 2376.199659, 84
189.530383, -138.054705, 2373.248997, 85
229.108725, -107.341861, 2375.147767, 86
187.379644, -154.016274, 2394.637851, 87
189.796478, -151.393916, 2385.155609, 88
211.228447, -113.777506, 2381.338102, 89
222.410794, -104.634129, 2410.397966, 90
230.649231, -131.769809, 2352.457774, 91
195.837276, -124.881852, 2374.254302, 92
193.775906, -119.840701, 2351.041928, 93
225.695344, -148.271624, 2364.034086, 94
184.081829, -123.688244, 2383.309224, 95
208.237519, -128.246294, 2364.583372, 96
165.571843, -105.813727, 2367.900088, 97
211.115573, -149.683869, 2373.839002, 98
178.457915, -103.402575, 2417.395018, 99
210.702385, -114.658525, 2401.374130, 100
203.286576, -117.675865, 2358.216954, 101
206.650337, -155.505233, 2390.668251, 102
231.811895, -126.676485, 2359.440809, 103
165.040553, -134.647740, 2368.501835, 104
179.980786, -115.512951, 2402.147894, 105
214.198881, -140.942225, 2362.513398, 106
229.688586, -140.317559, 2414.032845, 107
179.775358, -94.149107, 2352.962009, 108
204.520436, -149.357885, 2406.892667, 109
204.101512, -103.602701, 2380.846879, 110
187.661688, -133.982742, 2351.784450, 111
196.784933, -92.279538, 2353.612176, 112
169.639679, -94.134261, 2384.268563, 113
179.986531, -94.040865, 2406.953944, 114
199.394489, -147.726859, 2380.053585, 115
183.727604, -98.475095, 2396.444610, 116
197.147125, -102.453171, 2413.460342, 117
193.366177, -156.344452, 2407.924263, 118
197.234327, -116.771162, 2415.900180, 119
186.313039, -146.336290, 2400.909950, 120
218.066304, -123.621782, 2355.540022, 121
220.756967, -91.784015, 2351.873928, 122
225.275200, -155.811005, 2415.072676, 123
191.730246, -140.771667, 2409.645927, 124
180.870481, -106.324286, 2350.531270, 125
211.830321, -156.263402, 2409.389348, 126
190.461350, -124.063451, 2395.549253, 127
