
0.000000s:
Position:(0.574765,0.754099,1.283809)
Velocity:(0.000098,0.000033,0.000078)
Acceleration:(0.098300,0.032745,0.077516)

Attributes: 1.000000, 1.000000, 120.000000, 1.000000

Position:(0.535371,2.138666,1.695874)
Velocity:(0.000095,0.000160,0.000115)
Acceleration:(0.094673,0.160229,0.115457)

Attributes: 1.000000, 1.000000, 120.000000, 1.000000


0.100000s:
Position:(0.575266,0.754266,1.284204)
Velocity:(0.009928,0.003309,0.007830)
Acceleration:(0.098299,0.032803,0.077534)

Attributes: 1.000000, 1.000000, 120.000000, 1.000000

Position:(0.535853,2.139483,1.696463)
Velocity:(0.009562,0.016181,0.011661)
Acceleration:(0.094675,0.160170,0.115440)

Attributes: 1.000000, 1.000000, 120.000000, 1.000000


0.200000s:
Position:(0.576750,0.754761,1.285375)
Velocity:(0.019758,0.006597,0.015585)
Acceleration:(0.098294,0.032979,0.077586)

Attributes: 1.000000, 1.000000, 120.000000, 1.000000

Position:(0.537283,2.141902,1.698206)
Velocity:(0.019030,0.032190,0.023202)
Acceleration:(0.094680,0.159995,0.115388)

Attributes: 1.000000, 1.000000, 120.000000, 1.000000


0.300000s:
Position:(0.579218,0.755586,1.287322)
Velocity:(0.029587,0.009909,0.023348)
Acceleration:(0.098285,0.033269,0.077672)

Attributes: 1.000000, 1.000000, 120.000000, 1.000000

Position:(0.539659,2.145920,1.701103)
Velocity:(0.028498,0.048176,0.034737)
Acceleration:(0.094688,0.159705,0.115301)

Attributes: 1.000000, 1.000000, 120.000000, 1.000000


0.400000s:
Position:(0.582668,0.756744,1.290045)
Velocity:(0.039415,0.013255,0.031121)
Acceleration:(0.098274,0.033671,0.077792)

Attributes: 1.000000, 1.000000, 120.000000, 1.000000

Position:(0.542983,2.151536,1.705153)
Velocity:(0.037967,0.064127,0.046261)
Acceleration:(0.094699,0.159302,0.115181)

Attributes: 1.000000, 1.000000, 120.000000, 1.000000


0.500000s:
Position:(0.587101,0.758239,1.293546)
Velocity:(0.049242,0.016647,0.038908)
Acceleration:(0.098259,0.034182,0.077944)

Attributes: 1.000000, 1.000000, 120.000000, 1.000000

Position:(0.547253,2.158744,1.710355)
Velocity:(0.047438,0.080032,0.057772)
Acceleration:(0.094714,0.158792,0.115030)

Attributes: 1.000000, 1.000000, 120.000000, 1.000000


0.600000s:
Position:(0.592516,0.760075,1.297827)
Velocity:(0.059067,0.020096,0.046711)
Acceleration:(0.098242,0.034795,0.078126)

Attributes: 1.000000, 1.000000, 120.000000, 1.000000

Position:(0.552470,2.167540,1.716707)
Velocity:(0.056910,0.095881,0.069266)
Acceleration:(0.094731,0.158178,0.114847)

Attributes: 1.000000, 1.000000, 120.000000, 1.000000


0.700000s:
Position:(0.598914,0.762260,1.302889)
Velocity:(0.068890,0.023610,0.054534)
Acceleration:(0.098222,0.035506,0.078338)

Attributes: 1.000000, 1.000000, 120.000000, 1.000000

Position:(0.558635,2.177918,1.724208)
Velocity:(0.066384,0.111664,0.080740)
Acceleration:(0.094752,0.157467,0.114635)

Attributes: 1.000000, 1.000000, 120.000000, 1.000000


0.800000s:
Position:(0.606294,0.764800,1.308735)
Velocity:(0.078711,0.027201,0.062380)
Acceleration:(0.098199,0.036308,0.078577)

Attributes: 1.000000, 1.000000, 120.000000, 1.000000

Position:(0.565747,2.189871,1.732854)
Velocity:(0.075861,0.127371,0.092192)
Acceleration:(0.094774,0.156665,0.114397)

Attributes: 1.000000, 1.000000, 120.000000, 1.000000


0.900000s:
Position:(0.614656,0.767703,1.315366)
Velocity:(0.088530,0.030875,0.070251)
Acceleration:(0.098174,0.037194,0.078840)

Attributes: 1.000000, 1.000000, 120.000000, 1.000000

Position:(0.573807,2.203390,1.742645)
Velocity:(0.085339,0.142994,0.103618)
Acceleration:(0.094800,0.155780,0.114133)

Attributes: 1.000000, 1.000000, 120.000000, 1.000000

