
0.000000s:
Position:(0.287382,0.377049,0.641905)
Velocity:(0.000096,0.000096,0.000096)
Acceleration:(0.096487,0.096487,0.096487)

Attributes: 1.000000, 1.000000, 120.000000, 1.000000


0.100000s:
Position:(0.287874,0.377541,0.642397)
Velocity:(0.009745,0.009745,0.009745)
Acceleration:(0.096487,0.096487,0.096487)

Attributes: 1.000000, 1.000000, 120.000000, 1.000000


0.200000s:
Position:(0.289331,0.378998,0.643854)
Velocity:(0.019394,0.019394,0.019394)
Acceleration:(0.096487,0.096487,0.096487)

Attributes: 1.000000, 1.000000, 120.000000, 1.000000


0.300000s:
Position:(0.291753,0.381420,0.646275)
Velocity:(0.029042,0.029042,0.029042)
Acceleration:(0.096487,0.096487,0.096487)

Attributes: 1.000000, 1.000000, 120.000000, 1.000000


0.400000s:
Position:(0.295140,0.384807,0.649662)
Velocity:(0.038691,0.038691,0.038691)
Acceleration:(0.096487,0.096487,0.096487)

Attributes: 1.000000, 1.000000, 120.000000, 1.000000


0.500000s:
Position:(0.299491,0.389158,0.654014)
Velocity:(0.048340,0.048340,0.048340)
Acceleration:(0.096487,0.096487,0.096487)

Attributes: 1.000000, 1.000000, 120.000000, 1.000000


0.600000s:
Position:(0.304808,0.394475,0.659330)
Velocity:(0.057988,0.057988,0.057988)
Acceleration:(0.096487,0.096487,0.096487)

Attributes: 1.000000, 1.000000, 120.000000, 1.000000


0.700000s:
Position:(0.311089,0.400756,0.665611)
Velocity:(0.067637,0.067637,0.067637)
Acceleration:(0.096487,0.096487,0.096487)

Attributes: 1.000000, 1.000000, 120.000000, 1.000000


0.800000s:
Position:(0.318335,0.408002,0.672857)
Velocity:(0.077286,0.077286,0.077286)
Acceleration:(0.096487,0.096487,0.096487)

Attributes: 1.000000, 1.000000, 120.000000, 1.000000


0.900000s:
Position:(0.326546,0.416213,0.681068)
Velocity:(0.086935,0.086935,0.086935)
Acceleration:(0.096487,0.096487,0.096487)

Attributes: 1.000000, 1.000000, 120.000000, 1.000000

