
0.000000s:
Position:(0.288382,0.377049,0.641905)
Velocity:(1.000000,0.000000,0.000096)
Acceleration:(0.000000,0.000000,0.096487)

Attributes: 1.000000, 1.000000, 120.000000, 1.000000


0.100000s:
Position:(0.388381,0.377049,0.642397)
Velocity:(0.999953,0.000000,0.009745)
Acceleration:(-0.000931,0.000000,0.096482)

Attributes: 1.000000, 1.000000, 120.000000, 1.000000


0.200000s:
Position:(0.488370,0.377049,0.643854)
Velocity:(0.999813,0.000000,0.019393)
Acceleration:(-0.001862,0.000000,0.096469)

Attributes: 1.000000, 1.000000, 120.000000, 1.000000


0.300000s:
Position:(0.588340,0.377049,0.646275)
Velocity:(0.999580,0.000000,0.029038)
Acceleration:(-0.002793,0.000000,0.096446)

Attributes: 1.000000, 1.000000, 120.000000, 1.000000


0.400000s:
Position:(0.688283,0.377049,0.649661)
Velocity:(0.999253,0.000000,0.038682)
Acceleration:(-0.003723,0.000000,0.096415)

Attributes: 1.000000, 1.000000, 120.000000, 1.000000


0.500000s:
Position:(0.788188,0.377049,0.654011)
Velocity:(0.998834,0.000000,0.048321)
Acceleration:(-0.004653,0.000000,0.096375)

Attributes: 1.000000, 1.000000, 120.000000, 1.000000


0.600000s:
Position:(0.888046,0.377049,0.659325)
Velocity:(0.998322,0.000000,0.057956)
Acceleration:(-0.005583,0.000000,0.096325)

Attributes: 1.000000, 1.000000, 120.000000, 1.000000


0.700000s:
Position:(0.987849,0.377049,0.665602)
Velocity:(0.997717,0.000000,0.067586)
Acceleration:(-0.006512,0.000000,0.096267)

Attributes: 1.000000, 1.000000, 120.000000, 1.000000


0.800000s:
Position:(1.087587,0.377049,0.672842)
Velocity:(0.997019,0.000000,0.077209)
Acceleration:(-0.007440,0.000000,0.096200)

Attributes: 1.000000, 1.000000, 120.000000, 1.000000


0.900000s:
Position:(1.187250,0.377049,0.681044)
Velocity:(0.996228,0.000000,0.086825)
Acceleration:(-0.008368,0.000000,0.096124)

Attributes: 1.000000, 1.000000, 120.000000, 1.000000

