x coord, y coord, z coord, scalar
193.109119, 35.763105, 116.391612, 0
193.268774, 62.497886, 151.755530, 1
223.013090, 58.579255, 122.000863, 2
195.171104, 19.297591, 124.953445, 3
204.589980, 60.505267, 131.233296, 4
191.913489, 37.208015, 160.565680, 5
233.921052, 39.353266, 148.764941, 6
190.776914, 33.797969, 143.444657, 7
196.383151, 2.977843, 138.585376, 8
203.415653, 3.401314, 121.713471, 9
227.980801, 15.638013, 156.672917, 10228.372783, 28.034306, 149.647244, 11195.408756, 1.455611, 138.702454, 12201.409932, 15.754354, 157.196345, 13210.364890, 39.472727, 148.190598, 14225.597408, 50.512984, 184.581719, 15201.443049, 34.842295, 154.412935, 16234.207847, 44.746677, 118.685098, 17192.933159, 60.257486, 120.858915, 18215.518571, 14.081271, 123.455899, 19221.232293, 61.189705, 138.290006, 20193.185391, 39.970705, 165.521015, 21226.832273, 54.507043, 166.172356, 22249.534760, 6.325158, 181.122246, 23222.011244, 35.816293, 151.072907, 24185.469339, 11.822105, 132.059660, 25185.331300, 32.392793, 166.098118, 26223.742399, 17.008707, 141.320661, 27226.427868, 29.069445, 132.053850, 28231.287053, 63.715686, 145.331889, 29238.743335, 35.356044, 136.997751, 30192.314075, 47.669094, 176.164859, 31241.834533, 24.909440, 161.148198, 32223.286982, 24.852339, 166.669719, 33219.689689, 65.991203, 132.961749, 34186.040583, 1.868705, 143.979895, 35202.100373, 6.327611, 175.568757, 36183.478727, 49.197687, 123.053450, 37208.799410, 26.033760, 151.320841, 38224.854328, 7.728838, 145.511111, 39185.466780, 65.599804, 180.063207, 40206.464734, 8.322003, 158.208780, 41197.909828, 69.284152, 182.314022, 42243.057803, 42.979253, 137.642465, 43225.007289, 13.077057, 134.109910, 44241.969254, 18.245262, 135.174627, 45201.229732, 39.473457, 140.696832, 46192.078749, 42.079627, 120.371886, 47199.132383, 1.287358, 145.601845, 48234.451452, 45.269270, 152.526827, 49195.243101, 49.863757, 148.602888, 50190.586626, 6.736613, 156.120718, 51232.795149, 23.773987, 155.881492, 52230.389529, 17.239935, 129.336477, 53183.312688, 61.374904, 141.609710, 54201.422909, 53.752313, 159.051413, 55220.597601, 5.390100, 129.000351, 56245.295841, 16.596448, 170.276193, 57180.948650, 34.856492, 170.759474, 58210.550366, 19.716046, 146.505026, 59247.077045, 34.086688, 126.844861, 60210.960379, 43.800981, 132.775370, 61182.361421, 27.004294, 155.747560, 62222.242550, 7.801942, 172.183467, 63235.579355, 10.242218, 164.034674, 64192.469613, 30.792785, 148.263312, 65235.520511, 1.798456, 152.849191, 66248.521090, 66.221915, 168.641554, 67234.077651, 66.298172, 133.974201, 68220.117279, 27.256696, 152.887885, 69181.902861, 24.741996, 117.449109, 70192.747921, 54.829924, 160.446426, 71209.525416, 56.318944, 117.926396, 72249.272789, 28.969622, 124.924444, 73236.736508, 14.957117, 134.362525, 74216.051498, 26.554370, 164.352443, 75248.314681, 12.483031, 165.345712, 76216.444305, 11.412251, 162.044273, 77200.366334, 64.617512, 158.818681, 78218.340619, 35.143022, 116.551031, 79186.507351, 36.173551, 140.489352, 80187.956666, 48.049036, 125.795507, 81232.402777, 7.982540, 181.310785, 82234.329545, 7.663453, 140.756570, 83243.254171, 63.527590, 154.909708, 84192.897364, 29.987279, 180.660195, 85241.248626, 28.710070, 123.619055, 86221.874775, 64.282027, 134.227222, 87199.199143, 15.056493, 129.320959, 88242.017653, 52.524689, 163.660403, 89242.569318, 58.159654, 130.309964, 90198.339350, 65.243940, 177.555182, 91208.135149, 48.054856, 116.013404, 92204.726254, 32.792567, 122.872338, 93229.482881, 26.454825, 116.876836, 94199.673064, 38.480009, 146.060393, 95195.613430, 30.136593, 173.966767, 96203.232724, 2.419458, 168.724928, 97221.460158, 20.746229, 182.977400, 98234.781463, 13.171992, 165.978398, 99213.722171, 6.149442, 154.614400, 10228.032251, 23.616329, 150.334861, 10220.867830, 50.879123, 128.865067, 10220.881673, 6.013527, 160.854415, 10227.754947, 54.624022, 117.785099, 10228.632140, 4.705190, 155.461222, 10189.973034, 19.446259, 116.073816, 10247.939357, 41.806584, 117.689212, 10231.944586, 13.674871, 137.631315, 10230.202232, 67.583970, 149.999404, 10211.460765, 31.714347, 155.349544, 11181.355638, 10.154755, 178.157056, 11215.690250, 50.150140, 159.513482, 11228.555948, 21.439956, 164.722317, 11204.690713, 68.322532, 149.822325, 11206.476212, 47.362884, 153.724680, 11245.937205, 56.463458, 172.365590, 11246.011271, 54.810936, 144.648411, 11247.700638, 37.163676, 157.519318, 11200.612587, 17.774068, 155.579962, 11234.611987, 48.362535, 117.769946, 12205.237185, 48.845822, 127.120056, 12198.674576, 14.944128, 176.467166, 12242.187037, 62.627686, 128.383118, 12222.189357, 17.726498, 127.181648, 12187.292166, 43.330240, 173.741125, 12225.015501, 39.675500, 160.681850, 12212.661418, 36.095001, 145.966871, 12