x coord, y coord, z coord, scalar
92.031931, -0.176892, 655.704300, 0
103.294859, -9.617200, 668.915552, 1
112.547644, 15.537551, 690.405185, 2
84.537837, -21.622887, 706.725824, 3
73.764673, -32.001249, 688.437600, 4
82.505143, -24.729895, 708.949142, 5
61.713450, -17.108421, 703.379206, 6
83.450893, 2.405419, 697.606977, 7
92.120079, 26.101750, 707.134659, 8
90.438283, 13.869139, 674.721901, 9
68.761003, -9.483153, 714.145397, 10
76.563276, -21.572554, 675.407077, 11
97.576814, -24.409132, 661.825942, 12
71.360416, 13.463965, 679.803039, 13
61.463896, -28.155326, 687.401192, 14
102.000127, 7.684965, 702.271812, 15
94.327014, 22.733649, 656.043625, 16
81.083759, -9.199766, 698.049462, 17
62.068889, -32.463810, 695.031398, 18
52.581998, 11.309656, 679.780592, 19
79.401806, -35.313607, 709.897774, 20
76.925185, -5.415070, 659.205004, 21
104.431201, -23.222496, 674.395855, 22
49.635703, 1.473172, 658.740210, 23
81.536701, 16.272380, 670.184680, 24
52.316857, 2.888275, 648.750033, 25
106.686496, -18.168960, 711.083744, 26
114.828048, 16.249986, 672.764292, 27
96.255405, -37.065293, 679.900192, 28
74.664925, -31.148043, 662.090048, 29
106.543466, 1.589030, 666.376556, 30
99.819212, -36.870033, 700.561505, 31
111.122320, 20.896433, 648.219300, 32
68.896692, 23.867382, 689.292362, 33
79.734907, -9.980179, 676.444557, 34
102.017513, -4.328061, 650.213721, 35
102.865514, -13.025804, 671.644605, 36
97.327553, -13.581983, 658.774966, 37
53.470262, -32.710779, 661.309515, 38
85.468470, -4.710617, 669.761276, 39
99.656689, -13.551389, 710.950584, 40
49.411702, -29.116365, 713.680490, 41
102.071002, -33.378308, 705.457210, 42
102.388226, -11.146383, 700.204957, 43
75.058993, 21.923760, 661.105046, 44
103.602012, 8.557033, 696.376943, 45
105.913686, -3.961682, 654.231445, 46
60.936798, -22.018290, 680.248511, 47
71.810128, -15.212820, 687.134739, 48
85.217366, 23.590864, 653.308225, 49
107.076768, 7.863313, 679.356738, 50
101.405599, 10.610269, 689.840255, 51
98.464282, -2.702961, 696.061879, 52
87.299777, -15.698958, 655.795676, 53
70.883057, 12.695282, 648.599932, 54
84.086071, 0.913040, 696.757023, 55
63.841369, -8.557483, 663.675356, 56
70.170785, 5.714567, 681.257008, 57
102.518041, -37.859891, 705.644265, 58
73.034984, 0.692731, 700.115653, 59
78.441140, -7.614755, 678.858596, 60
109.895747, -21.593383, 660.349731, 61
83.114364, -38.513363, 697.246918, 62
62.554646, 2.121690, 652.428053, 63
70.448389, 26.339989, 704.723364, 64
71.146305, -4.958199, 676.516318, 65
51.281602, 12.218414, 707.559222, 66
67.055020, -32.995030, 684.153393, 67
100.410136, 22.858229, 685.894086, 68
89.432706, -19.491060, 657.467027, 69
72.926560, 12.285293, 689.452332, 70
103.883567, 6.796804, 707.458900, 71
47.611768, -25.472989, 708.545578, 72
96.956397, -9.583145, 681.547322, 73
101.482445, 14.200500, 678.767794, 74
89.584154, -30.037470, 713.409777, 75
49.479324, -25.420572, 696.508415, 76
109.136365, -5.030274, 703.113150, 77
76.668937, -20.004694, 696.856628, 78
114.660839, 22.763590, 648.241029, 79
55.506458, -19.694035, 700.126647, 80
97.056671, -31.194788, 677.803266, 81
87.893886, -30.247808, 691.930290, 82
79.817698, 20.043886, 653.227484, 83
113.463025, 6.142089, 707.027961, 84
75.609252, -19.657976, 716.590848, 85
72.397149, -16.843389, 662.049761, 86
52.283831, -23.091202, 696.619905, 87
107.494817, 6.912849, 716.215286, 88
87.724947, 6.189456, 709.859334, 89
88.063876, 15.031162, 661.045423, 90
71.568507, -3.296383, 669.450290, 91
101.469781, -30.786711, 678.802614, 92
76.778483, 2.366246, 669.726793, 93
82.103905, 0.445034, 715.469170, 94
72.510198, -39.329938, 666.691116, 95
72.479331, -13.597562, 689.446206, 96
86.626960, -7.978482, 705.956800, 97
66.625146, -15.867774, 683.747721, 98
66.218685, 25.192308, 660.819515, 99
59.456298, -2.128045, 715.450823, 100
72.599674, 22.775683, 683.034579, 101
94.148152, 8.861231, 691.847787, 102
56.329252, -29.744510, 665.094167, 103
78.154157, 5.694613, 705.139487, 104
77.001458, -37.179411, 705.409689, 105
95.790758, -11.365212, 662.691947, 106
68.617023, 28.596983, 694.313525, 107
57.951883, -20.162187, 649.325881, 108
93.799484, -0.608274, 714.118349, 109
106.716926, 12.183262, 682.870521, 110
105.545916, -30.601312, 676.526529, 111
71.958934, 16.882089, 656.268168, 112
47.185115, 26.546599, 666.123557, 113
64.377427, -10.683484, 711.418577, 114
52.895146, 19.653248, 713.838608, 115
110.402279, 0.059761, 673.353683, 116
56.472787, 22.012034, 672.831061, 117
102.884162, -35.420334, 692.268791, 118
104.308083, 11.714403, 662.540855, 119
101.804690, 3.047090, 714.324133, 120
68.053630, -6.791209, 654.602954, 121
96.678124, 18.502960, 711.085148, 122
105.044246, 19.023318, 708.512118, 123
54.546224, -31.983483, 668.708725, 124
49.342709, -25.753102, 659.242446, 125
115.279133, -30.735077, 698.902273, 126
72.011273, -20.927027, 691.794644, 127
