x coord, y coord, z coord, scalar
79.157119, 9.921898, 382.990886, 0
90.420047, 0.481591, 396.202135, 1
99.672832, 25.636341, 417.691719, 2
71.663026, -11.524088, 434.012066, 3
60.889903, -21.902452, 415.724435, 4
69.630335, -14.631099, 436.235386, 5
48.838634, -7.009648, 430.665328, 6
70.576074, 12.504211, 424.893465, 7
79.245266, 36.200540, 434.421177, 8
77.563469, 23.967929, 402.008465, 9
55.886188, 0.615634, 441.431731, 10
63.688465, -11.473760, 402.694089, 11
84.702004, -14.310341, 389.112545, 12
58.485601, 23.562753, 407.089608, 13
48.589104, -18.056563, 414.687981, 14
89.125314, 17.783756, 429.558325, 15
81.452202, 32.832438, 383.330181, 16
68.208930, 0.899035, 425.335778, 17
49.194097, -22.365037, 422.317807, 18
39.707184, 21.408443, 407.067153, 19
66.527001, -25.214815, 437.184124, 20
64.050372, 4.683719, 386.491635, 21
91.556391, -13.123704, 401.682438, 22
36.760891, 11.571959, 386.026793, 23
68.661887, 26.371169, 397.471250, 24
39.442045, 12.987063, 376.036608, 25
93.811685, -8.070169, 438.370233, 26
101.953236, 26.348776, 400.050838, 27
83.380597, -26.966500, 407.186780, 28
61.790116, -21.049254, 389.376718, 29
93.668654, 11.687820, 393.663121, 30
86.944403, -26.771240, 427.848003, 31
98.247508, 30.995222, 375.505849, 32
56.021879, 33.966170, 416.578899, 33
66.860088, 0.118615, 403.731352, 34
89.142701, 5.770729, 377.500292, 35
89.990702, -2.927012, 398.931192, 36
84.452742, -3.483192, 386.061563, 37
40.595453, -22.611992, 388.596131, 38
72.593656, 5.388174, 397.047921, 39
86.781877, -3.452597, 438.237049, 40
36.536893, -19.017580, 440.966931, 41
89.196193, -23.279516, 432.743698, 42
89.513413, -1.047590, 427.491456, 43
62.184181, 32.022549, 388.391610, 44
90.727199, 18.655824, 423.663468, 45
93.038874, 6.137108, 381.518014, 46
48.061990, -11.919518, 407.535448, 47
58.935231, -5.114039, 414.422949, 48
72.342553, 33.689653, 380.594784, 49
94.201955, 17.962104, 406.643288, 50
88.530785, 20.709060, 417.126792, 51
85.589468, 7.395832, 423.348394, 52
74.424966, -5.600168, 383.082294, 53
58.008245, 22.794071, 375.886502, 54
71.211252, 11.011832, 424.043513, 55
50.966556, 1.541304, 390.962015, 56
57.295968, 15.813355, 408.543605, 57
89.643232, -27.761099, 432.930760, 58
60.160163, 10.791519, 427.402089, 59
65.566319, 2.484038, 406.145375, 60
97.020936, -11.494593, 387.636302, 61
70.239564, -28.414567, 424.533372, 62
49.679834, 12.220478, 379.714642, 63
57.573576, 36.438777, 432.009881, 64
58.271485, 5.140589, 403.803055, 65
38.406788, 22.317201, 434.845724, 66
54.180230, -22.896250, 411.440245, 67
87.535323, 32.957019, 413.180625, 68
76.557895, -9.392269, 384.753646, 69
60.051744, 22.384082, 416.738874, 70
91.008754, 16.895594, 434.745408, 71
34.736958, -15.374206, 435.832021, 72
84.081583, 0.515649, 408.833914, 73
88.607633, 24.299290, 406.054345, 74
76.709345, -19.938677, 440.696186, 75
36.604516, -15.321794, 423.794895, 76
96.261553, 5.068518, 430.399661, 77
63.794106, -9.905822, 424.140973, 78
101.786028, 32.862379, 375.527577, 79
42.631646, -9.595263, 427.412991, 80
84.181862, -21.095994, 405.089870, 81
75.019083, -20.149004, 419.216820, 82
66.942886, 30.142675, 380.514047, 83
100.588213, 16.240879, 434.314478, 84
62.734441, -9.559186, 443.877154, 85
59.522337, -6.744601, 389.336452, 86
39.409023, -12.992428, 423.906356, 87
94.620005, 17.011639, 443.501793, 88
74.850132, 16.288246, 437.145812, 89
75.189063, 25.129952, 388.331992, 90
58.693691, 6.802405, 396.736963, 91
88.594972, -20.687917, 406.089196, 92
63.903668, 12.465035, 397.013419, 93
69.229090, 10.543824, 442.755612, 94
59.635390, -29.231150, 393.977769, 95
59.604423, -3.498771, 416.733479, 96
73.752143, 2.120312, 433.243187, 97
53.750313, -5.769011, 411.035145, 98
53.343873, 35.291096, 388.106073, 99
46.581484, 7.970742, 442.737259, 100
59.724860, 32.874471, 410.321127, 101
81.273338, 18.960022, 419.134319, 102
43.454443, -19.645724, 392.380815, 103
65.279340, 15.793403, 432.425951, 104
64.126656, -27.080619, 432.696032, 105
82.915946, -1.266421, 389.978552, 106
55.742210, 38.695772, 421.600055, 107
45.077072, -10.063400, 376.612483, 108
80.924670, 9.490517, 441.404819, 109
93.842113, 22.282053, 410.157065, 110
92.671106, -20.502520, 403.813102, 111
59.084122, 26.980877, 383.554738, 112
34.310303, 36.645386, 393.410108, 113
51.502612, -0.584700, 438.704889, 114
40.020333, 29.752036, 441.125115, 115
97.527466, 10.158552, 400.640241, 116
43.597974, 32.110822, 400.117616, 117
90.009353, -25.321540, 419.555322, 118
91.433271, 21.813192, 389.827414, 119
88.929877, 13.145880, 441.610629, 120
55.178817, 3.307579, 381.889571, 121
83.803311, 28.601750, 438.371659, 122
92.169433, 29.122108, 435.798636, 123
41.671415, -21.884698, 395.995370, 124
36.467899, -15.654316, 386.529053, 125
102.404323, -20.636286, 426.188795, 126
59.136461, -10.828242, 419.081188, 127
