x coord, y coord, z coord, scalar
65.719968, 18.388128, 176.514241, 0
76.982896, 8.947823, 189.725488, 1
86.235681, 34.102571, 211.215036, 2
58.225876, -3.057850, 227.535169, 3
47.452795, -13.436216, 209.247972, 4
56.193188, -6.164863, 229.758491, 5
35.401479, 1.456565, 224.188343, 6
57.138917, 20.970443, 218.416749, 7
65.808115, 44.666769, 227.944482, 8
64.126317, 32.434159, 195.531804, 9
42.449034, 9.081862, 234.954901, 10
50.251316, -3.007526, 196.217757, 11
71.264854, -5.844110, 182.635912, 12
45.048447, 32.028981, 200.612950, 13
35.151972, -9.590359, 208.211485, 14
75.688162, 26.249987, 223.081627, 15
68.015051, 41.298667, 176.853514, 16
54.771763, 9.365277, 218.858936, 17
35.756966, -13.898823, 215.841032, 18
26.270031, 29.874670, 200.590490, 19
53.089857, -16.748583, 230.707306, 20
50.613220, 13.149949, 180.015022, 21
78.119241, -4.657471, 195.205791, 22
23.323740, 20.038187, 179.550145, 23
55.224735, 34.837399, 190.994592, 24
26.004895, 21.453291, 169.559954, 25
80.374534, 0.396064, 231.893516, 26
88.516085, 34.815006, 193.574163, 27
69.943450, -18.500266, 200.710137, 28
48.352968, -12.583024, 182.900134, 29
80.231503, 20.154051, 187.186460, 30
73.507256, -18.305006, 221.371294, 31
84.810358, 39.461451, 169.029178, 32
42.584726, 42.432399, 210.102218, 33
53.422930, 8.584849, 197.254859, 34
75.705551, 14.236959, 171.023636, 35
76.553551, 5.539220, 192.454548, 36
71.015592, 4.983039, 179.584925, 37
27.158304, -14.145765, 182.119508, 38
59.156503, 13.854406, 190.571319, 39
73.344726, 5.013636, 231.760315, 40
23.099745, -10.551355, 234.490180, 41
75.759045, -14.813283, 226.266981, 42
76.076262, 7.418644, 221.014747, 43
48.747029, 40.488778, 181.914947, 44
77.290047, 27.122055, 217.186778, 45
79.601724, 14.603338, 175.041356, 46
34.624842, -3.453305, 201.059060, 47
45.497996, 3.352185, 207.947492, 48
58.905403, 42.155882, 174.118118, 49
80.764804, 26.428335, 200.166616, 50
75.093633, 29.175290, 210.650110, 51
72.152315, 15.862066, 216.871696, 52
60.987815, 2.866062, 176.605672, 53
44.571094, 31.260300, 169.409846, 54
57.774094, 19.478065, 217.566797, 55
37.529404, 10.007531, 184.485424, 56
43.858811, 24.279583, 202.066968, 57
76.206084, -19.294866, 226.454049, 58
46.723003, 19.257748, 220.925335, 59
52.129158, 10.950272, 199.668872, 60
83.583786, -3.028362, 181.159646, 61
56.802425, -19.948331, 218.056630, 62
36.242683, 20.686706, 173.237999, 63
44.136424, 44.905006, 225.533185, 64
44.834326, 13.606817, 197.326520, 65
24.969636, 30.783428, 228.369018, 66
40.743102, -14.430029, 204.963795, 67
74.098172, 41.423249, 206.703945, 68
63.120745, -0.926039, 178.277026, 69
46.614589, 30.850311, 210.262197, 70
77.571603, 25.361825, 228.268706, 71
21.299809, -6.907982, 229.355271, 72
70.644431, 8.981884, 202.357274, 73
75.170481, 32.765520, 199.577673, 74
63.272197, -11.472444, 234.219411, 75
23.167369, -6.855575, 217.318172, 76
82.824402, 13.534750, 223.922961, 77
50.356937, -1.439510, 217.662688, 78
88.348877, 41.328609, 169.050904, 79
29.194496, -1.129049, 220.936169, 80
70.744715, -12.629760, 198.613238, 81
61.581942, -11.682759, 212.740133, 82
53.505735, 38.608904, 174.037385, 83
87.151062, 24.707110, 227.837782, 84
49.297291, -1.092956, 237.400304, 85
46.085187, 1.721628, 182.859884, 86
25.971875, -4.526213, 217.429612, 87
81.182854, 25.477869, 237.025090, 88
61.412979, 24.754477, 230.669087, 89
61.751911, 33.596181, 181.855334, 90
45.256537, 15.268634, 190.260381, 91
75.157824, -12.221684, 199.612548, 92
50.466514, 20.931264, 190.536803, 93
55.791937, 19.010055, 236.278861, 94
46.198244, -20.764921, 187.501173, 95
46.167178, 4.967461, 210.257336, 96
60.314987, 10.586547, 226.766396, 97
40.313141, 2.697192, 204.559113, 98
39.906721, 43.757324, 181.629408, 99
33.144331, 16.436968, 236.260503, 100
46.287707, 41.340700, 203.844453, 101
67.836185, 27.426254, 212.657635, 102
30.017295, -11.179498, 185.904215, 103
51.842184, 24.259633, 225.949217, 104
50.689516, -18.614387, 226.219208, 105
69.478795, 7.199810, 183.501921, 106
42.305058, 47.162000, 215.123369, 107
31.639922, -1.597172, 170.135849, 108
67.487518, 17.956748, 234.928089, 109
80.404962, 30.748283, 203.680389, 110
79.233957, -12.036287, 197.336447, 111
45.646970, 35.447106, 177.078081, 112
20.873152, 45.111615, 186.933437, 113
38.065457, 7.881525, 232.228043, 114
26.583181, 38.218264, 234.648413, 115
84.090315, 18.624783, 194.163575, 116
30.160823, 40.577050, 193.640949, 117
76.572205, -16.855307, 213.078637, 118
77.996120, 30.279422, 183.350749, 119
75.492725, 21.612111, 235.133918, 120
41.741666, 11.773807, 175.412949, 121
70.366159, 37.067980, 231.894959, 122
78.732282, 37.588338, 229.321941, 123
28.234268, -13.418473, 189.518768, 124
23.030750, -7.188089, 180.052422, 125
88.967173, -12.170054, 219.712102, 126
45.699311, -2.362016, 212.604512, 127
