x coord, y coord, z coord, scalar
195.555911, 33.257607, 119.391592, 0
195.715567, 59.992388, 154.755535, 1
225.459883, 56.073756, 125.000845, 2
197.617896, 16.792093, 127.953425, 3
207.036773, 57.999768, 134.233278, 4
194.360282, 34.702518, 163.565708, 5
236.367843, 36.847764, 151.764949, 6
193.223707, 31.292473, 146.444650, 7
198.829942, 0.472346, 141.585372, 8
205.862444, 0.895815, 124.713461, 9
230.427591, 13.132514, 159.672932, 10230.819571, 25.528805, 152.647263, 11197.855547, -1.049887, 141.702450, 12203.856723, 13.248857, 160.196365, 13212.811740, 36.967230, 151.191280, 14228.044200, 48.007485, 187.581734, 15203.889843, 32.336801, 157.413028, 16236.654638, 42.241178, 121.685080, 17195.379952, 57.751987, 123.858902, 18217.965362, 11.575773, 126.455877, 19223.679086, 58.684205, 141.289994, 20195.632183, 37.465207, 168.521042, 21229.279065, 52.001543, 169.172377, 22251.981551, 3.819659, 184.122251, 23224.458029, 33.310785, 154.073037, 24187.916131, 9.316608, 135.059653, 25187.778092, 29.887296, 169.098134, 26226.189188, 14.503208, 144.320649, 27228.874657, 26.563945, 135.053802, 28233.733845, 61.210186, 148.331889, 29241.190126, 32.850544, 139.997738, 30194.760867, 45.163595, 179.164876, 31244.281324, 22.403940, 164.148210, 32225.733772, 22.346840, 169.669756, 33222.136482, 63.485703, 135.961738, 34188.487374, -0.636793, 146.979894, 35204.547165, 3.822113, 178.568769, 36185.925519, 46.692189, 126.053438, 37211.246196, 23.528269, 154.320936, 38227.301119, 5.223339, 148.511111, 39187.913572, 63.094305, 183.063215, 40208.911525, 5.816506, 161.208792, 41200.356620, 66.778653, 185.314030, 42245.504595, 40.473753, 140.642458, 43227.454079, 10.571559, 137.109894, 44244.416045, 15.739763, 138.174619, 45203.676530, 36.967963, 143.696759, 46194.525542, 39.574129, 123.371865, 47201.579174, -1.218140, 148.601844, 48236.898243, 42.763770, 155.526841, 49197.689896, 47.358259, 151.602895, 50193.033418, 4.231116, 159.120724, 51235.241939, 21.268488, 158.881510, 52232.836319, 14.734436, 132.336460, 53185.759481, 58.869406, 144.609708, 54203.869703, 51.246814, 162.051440, 55223.044392, 2.884601, 132.000340, 56247.742632, 14.090949, 173.276201, 57183.395442, 32.350994, 173.759485, 58212.997153, 17.210550, 149.505030, 59249.523836, 31.581189, 129.844851, 60213.407174, 41.295481, 135.775258, 61184.808213, 24.498797, 158.747568, 62224.689341, 5.296444, 175.183480, 63238.026146, 7.736719, 167.034683, 64194.916406, 28.287289, 151.263319, 65237.967302, -0.707043, 155.849194, 66250.967882, 63.716416, 171.641559, 67236.524443, 63.792673, 136.974195, 68222.564064, 24.751197, 155.887972, 69184.349653, 22.236498, 120.449098, 70195.194714, 52.324426, 163.446441, 71211.972208, 53.813445, 120.926375, 72251.719580, 26.464123, 127.924436, 73239.183299, 12.451618, 137.362516, 74218.498288, 24.048871, 167.352504, 75250.761472, 9.977532, 168.345718, 76218.891096, 8.906753, 165.044292, 77202.813127, 62.112013, 161.818691, 78220.787411, 32.637523, 119.550997, 79188.954144, 33.668054, 143.489343, 80190.403458, 45.543538, 128.795491, 81234.849568, 5.477041, 184.310794, 82236.776336, 5.157954, 143.756567, 83245.700962, 61.022091, 157.909712, 84195.344156, 27.481781, 183.660211, 85243.695417, 26.204571, 126.619041, 86224.321567, 61.776528, 137.227211, 87201.645934, 12.550995, 132.320940, 88244.464444, 50.019189, 166.660413, 89245.016110, 55.654154, 133.309956, 90200.786142, 62.738441, 180.555192, 91210.581941, 45.549358, 119.013377, 92207.173046, 30.287069, 125.872290, 93231.929672, 23.949326, 119.876815, 94202.119861, 35.974516, 149.060394, 95198.060222, 27.631095, 176.966791, 96205.679515, -0.086040, 171.724938, 97223.906949, 18.240730, 185.977416, 98237.228254, 10.666493, 168.978410, 99216.168961, 3.643944, 157.614409, 10230.479039, 21.110829, 153.334878, 10223.314623, 48.373622, 131.865029, 10223.328464, 3.508029, 163.854426, 10230.201739, 52.118523, 120.785082, 10231.078930, 2.199692, 158.461228, 10192.419826, 16.940760, 119.073803, 10250.386149, 39.301085, 120.689203, 10234.391377, 11.169372, 140.631306, 10232.649024, 65.078470, 152.999407, 10213.907553, 29.208852, 158.349800, 11183.802429, 7.649257, 181.157063, 11218.137043, 47.644639, 162.513536, 11231.002738, 18.934457, 167.722342, 11207.137506, 65.817033, 152.822328, 11208.923009, 44.857385, 156.724751, 11248.383997, 53.957959, 175.365598, 11248.458062, 52.305436, 147.648410, 11250.147429, 34.658176, 160.519325, 11203.059377, 15.268572, 158.579984, 11237.058778, 45.857036, 120.769930, 12207.683978, 46.340323, 130.120013, 12201.121367, 12.438630, 179.467181, 12244.633829, 60.122187, 131.383112, 12224.636147, 15.220999, 130.181621, 12189.738958, 40.824742, 176.741140, 12227.462292, 37.169999, 163.681911, 12215.108210, 33.589505, 148.966810, 12