x coord, y coord, z coord, scalar
65.120593, 17.316175, 169.360365, 0
76.383521, 7.875869, 182.571612, 1
85.636306, 33.030618, 204.061159, 2
57.626502, -4.129803, 220.381285, 3
46.853420, -14.508169, 202.094103, 4
55.593813, -7.236816, 222.604607, 5
34.802104, 0.384612, 217.034456, 6
56.539542, 19.898490, 211.262871, 7
65.208740, 43.594816, 220.790605, 8
63.526942, 31.362206, 188.377928, 9
41.849659, 8.009909, 227.801020, 10
49.651941, -4.079479, 189.063892, 11
70.665480, -6.916063, 175.482037, 12
44.449072, 30.957028, 193.459074, 13
34.552597, -10.662312, 201.057615, 14
75.088787, 25.178034, 215.927750, 15
67.415676, 40.226714, 169.699637, 16
54.172388, 8.293324, 211.705054, 17
35.157591, -14.970776, 208.687152, 18
25.670656, 28.802716, 193.436614, 19
52.490482, -17.820536, 223.553425, 20
50.013845, 12.077996, 172.861147, 21
77.519866, -5.729424, 188.051915, 22
22.724365, 18.966234, 172.396270, 23
54.625360, 33.765446, 183.840716, 24
25.405520, 20.381338, 162.406079, 25
79.775160, -0.675890, 224.739639, 26
87.916711, 33.743053, 186.420286, 27
69.344075, -19.572219, 193.556261, 28
47.753594, -13.654977, 175.746260, 29
79.632128, 19.082098, 180.032584, 30
72.907881, -19.376960, 214.217416, 31
84.210983, 38.389498, 161.875301, 32
41.985351, 41.360446, 202.948341, 33
52.823555, 7.512896, 190.100989, 34
75.106176, 13.165006, 163.869760, 35
75.954176, 4.467267, 185.300672, 36
70.416217, 3.911085, 172.431050, 37
26.558930, -15.217718, 174.965633, 38
58.557128, 12.782453, 183.417445, 39
72.745351, 3.941683, 224.606437, 40
22.500370, -11.623308, 227.336301, 41
75.159670, -15.885236, 219.113104, 42
75.476887, 6.346691, 213.860870, 43
48.147654, 39.416825, 174.761071, 44
76.690672, 26.050102, 210.032901, 45
79.002349, 13.531385, 167.887480, 46
34.025467, -4.525258, 193.905194, 47
44.898621, 2.280233, 200.793657, 48
58.306028, 41.083929, 166.964242, 49
80.165429, 25.356381, 193.012740, 50
74.494258, 28.103337, 203.496233, 51
71.552940, 14.790113, 209.717819, 52
60.388441, 1.794109, 169.451797, 53
43.971719, 30.188346, 162.255970, 54
57.174720, 18.406112, 210.412919, 55
36.930030, 8.935578, 177.331550, 56
43.259436, 23.207630, 194.913093, 57
75.606710, -20.366820, 219.300171, 58
46.123628, 18.185795, 213.771456, 59
51.529783, 9.878319, 192.515001, 60
82.984412, -4.100315, 174.005770, 61
56.203050, -21.020284, 210.902751, 62
35.643308, 19.614753, 166.084124, 63
43.537049, 43.833053, 218.379308, 64
44.234952, 12.534864, 190.172649, 65
24.370261, 29.711475, 221.215140, 66
40.143727, -15.501982, 197.809926, 67
73.498797, 40.351296, 199.550068, 68
62.521371, -1.997992, 171.123151, 69
46.015214, 29.778358, 203.108320, 70
76.972228, 24.289872, 221.114828, 71
20.700435, -7.979935, 222.201392, 72
70.045056, 7.909931, 195.203398, 73
74.571106, 31.693567, 192.423797, 74
62.672822, -12.544397, 227.065531, 75
22.567994, -7.927528, 210.164294, 76
82.225027, 12.462797, 216.769083, 77
49.757563, -2.511463, 210.508758, 78
87.749503, 40.256656, 161.897028, 79
28.595121, -2.201003, 213.782287, 80
70.145340, -13.701713, 191.459363, 81
60.982567, -12.754713, 205.586256, 82
52.906360, 37.536951, 166.883509, 83
86.551688, 23.635157, 220.683905, 84
48.697916, -2.164909, 230.246421, 85
45.485812, 0.649675, 175.706011, 86
25.372500, -5.598166, 210.275734, 87
80.583479, 24.405916, 229.871212, 88
60.813604, 23.682524, 223.515209, 89
61.152537, 32.524228, 174.701458, 90
44.657162, 14.196681, 183.106508, 91
74.558449, -13.293637, 192.458673, 92
49.867139, 19.859311, 183.382929, 93
55.192562, 17.938102, 229.124982, 94
45.598870, -21.836874, 180.347299, 95
45.567803, 3.895509, 203.103477, 96
59.715613, 9.514594, 219.612516, 97
39.713765, 1.625239, 197.405259, 98
39.307347, 42.685371, 174.475532, 99
32.544957, 15.365015, 229.106624, 100
45.688332, 40.268747, 196.690577, 101
67.236810, 26.354301, 205.503759, 102
29.417920, -12.251451, 178.750342, 103
51.242810, 23.187680, 218.795339, 104
50.090141, -19.686340, 219.065327, 105
68.879420, 6.127857, 176.348046, 106
41.705683, 46.090047, 207.969492, 107
31.040547, -2.669125, 162.981974, 108
66.888143, 16.884795, 227.774211, 109
79.805587, 29.676330, 196.526512, 110
78.634583, -13.108241, 190.182572, 111
45.047595, 34.375153, 169.924205, 112
20.273777, 44.039661, 179.779561, 113
37.466083, 6.809572, 225.074161, 114
25.983807, 37.146311, 227.494535, 115
83.490941, 17.552830, 187.009699, 116
29.561448, 39.505097, 186.487073, 117
75.972831, -17.927260, 205.924760, 118
77.396745, 29.207469, 176.196873, 119
74.893351, 20.540158, 227.980040, 120
41.142292, 10.701854, 168.259074, 121
69.766784, 35.996027, 224.741082, 122
78.132907, 36.516385, 222.168064, 123
27.634893, -14.490426, 182.364894, 124
22.431375, -8.260042, 172.898548, 125
88.367799, -13.242007, 212.558225, 126
45.099936, -3.433969, 205.450636, 127
