x coord, y coord, z coord, scalar
87.975531, -5.859202, 535.250793, 0
99.238459, -15.299511, 548.462043, 1
108.491245, 9.855240, 569.951654, 2
80.481438, -27.305197, 586.272163, 3
69.708280, -37.683564, 567.984203, 4
78.448745, -30.412205, 588.495483, 5
57.657048, -22.790734, 582.925493, 6
79.394492, -3.276891, 577.153426, 7
88.063679, 20.419440, 586.681121, 8
86.381883, 8.186829, 554.268384, 9
64.704603, -15.165464, 593.691777, 10
72.506877, -27.254865, 554.953759, 11
93.520415, -30.091443, 541.372443, 12
67.304016, 7.781654, 559.349524, 13
57.407496, -33.837643, 566.947775, 14
97.943728, 2.002655, 581.818272, 15
90.270614, 17.051338, 535.590104, 16
77.027358, -14.882073, 577.595835, 17
58.012490, -38.146125, 574.577812, 18
48.525598, 5.627345, 559.327074, 19
75.345407, -40.995918, 589.444162, 20
72.868785, -11.097380, 538.751517, 21
100.374802, -28.904807, 553.942346, 22
45.579303, -4.209139, 538.286701, 23
77.480301, 10.590070, 549.731165, 24
48.260457, -2.794035, 528.296521, 25
102.630097, -23.851271, 590.630193, 26
110.771649, 10.567676, 552.310766, 27
92.199006, -42.747604, 559.446686, 28
70.608526, -36.830354, 541.636578, 29
102.487067, -4.093281, 545.923039, 30
95.762813, -42.552344, 580.107959, 31
107.065920, 15.214122, 527.765776, 32
64.840292, 18.185071, 568.838833, 33
75.678507, -15.662488, 555.991142, 34
97.961113, -10.010371, 529.760207, 35
98.809114, -18.708114, 551.191098, 36
93.271154, -19.264293, 538.321464, 37
49.413863, -38.393090, 540.856021, 38
81.412071, -10.392927, 549.307795, 39
95.600289, -19.233700, 590.497022, 40
45.355302, -34.798676, 593.226918, 41
98.014603, -39.060619, 585.003659, 42
98.331827, -16.828693, 579.751411, 43
71.002593, 16.241449, 540.651529, 44
99.545612, 2.874723, 575.923409, 45
101.857286, -9.643993, 533.777930, 46
56.880397, -27.700604, 559.795160, 47
67.753716, -20.895122, 566.681954, 48
81.160966, 17.908554, 532.854706, 49
103.020368, 2.181003, 558.903214, 50
97.349199, 4.927959, 569.386726, 51
94.407883, -8.385271, 575.608340, 52
83.243378, -21.381269, 535.342183, 53
66.826657, 7.012972, 528.146417, 54
80.029671, -4.769270, 576.303473, 55
59.784969, -14.239794, 543.221881, 56
66.114385, 0.032257, 560.803506, 57
98.461642, -43.542202, 585.190718, 58
68.978583, -4.989579, 579.662079, 59
74.384740, -13.297064, 558.405175, 60
105.839348, -27.275694, 539.896217, 61
79.057967, -44.195674, 576.793352, 62
58.498246, -3.560621, 531.974547, 63
66.391989, 20.657678, 584.269826, 64
67.089904, -10.640509, 556.062878, 65
47.225202, 6.536103, 587.105677, 66
62.998622, -38.677345, 563.700004, 67
96.353737, 17.175919, 565.440557, 68
85.376307, -25.173370, 537.013534, 69
68.870160, 6.602983, 568.998805, 70
99.827168, 1.114493, 587.005358, 71
43.555368, -31.155300, 588.092007, 72
92.899998, -15.265455, 561.093818, 73
97.426046, 8.518189, 558.314271, 74
85.527755, -35.719780, 592.956191, 75
45.422924, -31.102884, 576.054860, 76
105.079966, -10.712584, 582.659609, 77
72.612544, -25.686992, 576.402124, 78
110.604440, 17.081279, 527.787505, 79
51.450056, -25.376348, 579.673032, 80
93.000273, -36.877098, 557.349767, 81
83.837489, -35.930118, 571.476757, 82
75.761298, 14.361576, 532.773966, 83
109.406626, 0.459779, 586.574423, 84
71.552853, -25.340287, 596.137216, 85
68.340749, -22.525700, 541.596300, 86
48.227430, -28.773515, 576.166338, 87
103.438417, 1.230538, 595.761744, 88
83.668547, 0.507145, 589.405779, 89
84.007476, 9.348852, 540.591908, 90
67.512106, -8.978693, 548.996821, 91
97.413383, -36.469021, 558.349105, 92
72.722083, -3.316065, 549.273303, 93
78.047505, -5.237276, 595.015599, 94
68.453799, -45.012250, 546.237638, 95
68.422919, -19.279861, 568.993004, 96
82.570560, -13.660792, 585.503204, 97
62.568741, -21.550085, 563.294586, 98
62.162285, 19.509997, 540.365995, 99
55.399898, -7.810356, 594.997249, 100
68.543274, 17.093372, 562.581055, 101
90.091753, 3.178921, 571.394256, 102
52.272853, -35.426821, 544.640687, 103
74.097756, 0.012303, 584.685926, 104
72.945060, -42.861722, 584.956074, 105
91.734358, -17.047523, 542.238448, 106
64.560623, 22.914673, 573.859993, 107
53.895483, -25.844499, 528.872381, 108
89.743084, -6.290585, 593.664790, 109
102.660526, 6.500952, 562.416994, 110
101.489517, -36.283623, 556.073016, 111
67.902534, 11.199778, 535.814654, 112
43.128716, 20.864288, 545.670034, 113
60.321027, -16.365795, 590.964948, 114
48.838746, 13.970937, 593.385066, 115
106.345879, -5.622549, 552.900163, 116
52.416387, 16.329724, 552.377540, 117
98.827763, -41.102644, 571.815260, 118
100.251683, 6.032092, 542.087335, 119
97.748290, -2.635221, 593.870586, 120
63.997230, -12.473520, 534.149461, 121
92.621724, 12.820650, 590.631607, 122
100.987846, 13.341008, 588.058581, 123
50.489824, -37.665795, 548.255244, 124
45.286310, -31.435414, 538.788948, 125
111.222734, -36.417388, 578.448737, 126
67.954872, -26.609339, 571.341118, 127
