x coord, y coord, z coord, scalar
79.380731, 15.750864, 239.215354, 0
90.643660, 6.310559, 252.426602, 1
99.896444, 31.465307, 273.916161, 2
71.886642, -5.695116, 290.236357, 3
61.113549, -16.073492, 271.949031, 4
69.853952, -8.802129, 292.459679, 5
49.062239, -1.180693, 286.889558, 6
70.799682, 18.333180, 281.117883, 7
79.468878, 42.029506, 290.645610, 8
77.787081, 29.796896, 258.232922, 9
56.109798, 6.444599, 297.656070, 10
63.912080, -5.644791, 258.918777, 11
84.925618, -8.481374, 245.337022, 12
58.709211, 29.391719, 263.314067, 13
48.812724, -12.227621, 270.912554, 14
89.348926, 23.612724, 285.782756, 15
81.675814, 38.661404, 239.554633, 16
68.432534, 6.728014, 281.560108, 17
49.417720, -16.536087, 278.542184, 18
39.930794, 27.237407, 263.291609, 19
66.750619, -19.385849, 293.408471, 20
64.273983, 10.512685, 242.716125, 21
91.780005, -7.294736, 257.906905, 22
36.984503, 17.400924, 242.251259, 23
68.885498, 32.200136, 253.695709, 24
39.665657, 18.816028, 232.261070, 25
94.035298, -2.241201, 294.594651, 26
102.176849, 32.177742, 256.275285, 27
83.604213, -21.137532, 263.411250, 28
62.013731, -15.220289, 245.601229, 29
93.892267, 17.516787, 249.887578, 30
87.168019, -20.942272, 284.072426, 31
98.471121, 36.824188, 231.730299, 32
56.245489, 39.795136, 272.803342, 33
67.083696, 5.947586, 259.955927, 34
89.366314, 11.599695, 233.724753, 35
90.214315, 2.901956, 255.155661, 36
84.676355, 2.345775, 242.286036, 37
40.819066, -16.783029, 244.820614, 38
72.817267, 11.217142, 253.272420, 39
87.005490, 2.376372, 294.461455, 40
36.760506, -13.188618, 297.191325, 41
89.419808, -17.450548, 288.968116, 42
89.737026, 4.781380, 283.715879, 43
62.407792, 37.851514, 244.616066, 44
90.950811, 24.484791, 279.887905, 45
93.262487, 11.966074, 237.742473, 46
48.285600, -6.090565, 263.760097, 47
59.158779, 0.714945, 270.648251, 48
72.566166, 39.518619, 236.819238, 49
94.425568, 23.791071, 262.867737, 50
88.754397, 26.538027, 273.351234, 51
85.813080, 13.224802, 279.572825, 52
74.648579, 0.228798, 239.306778, 53
58.231857, 28.623036, 232.110963, 54
71.434860, 16.840803, 280.267931, 55
51.190167, 7.370269, 247.186521, 56
57.519576, 21.642322, 264.768079, 57
89.866848, -21.932131, 289.155182, 58
60.383768, 16.620487, 283.626481, 59
65.789925, 8.313009, 262.369943, 60
97.244550, -5.665626, 243.860762, 61
70.463187, -22.585599, 280.757772, 62
49.903446, 18.049443, 235.939112, 63
57.797187, 42.267743, 288.234313, 64
58.495091, 10.969556, 260.027601, 65
38.630399, 28.146165, 291.070149, 66
54.403857, -17.067296, 267.664850, 67
87.758935, 38.785985, 269.405068, 68
76.781509, -3.563303, 240.978132, 69
60.275353, 28.213049, 272.963320, 70
91.232367, 22.724562, 290.969836, 71
34.960571, -9.545245, 292.056416, 72
84.305196, 6.344620, 265.058386, 73
88.831245, 30.128257, 262.278795, 74
76.932960, -14.109709, 296.920563, 75
36.828128, -9.492837, 280.019309, 76
96.485166, 10.897486, 286.624090, 77
64.017726, -4.076790, 280.364290, 78
102.009640, 38.691345, 231.752026, 79
42.855255, -3.766309, 283.637335, 80
84.405478, -15.267025, 261.314348, 81
75.242706, -14.320029, 275.441259, 82
67.166498, 35.971641, 236.738503, 83
100.811826, 22.069846, 290.538910, 84
62.958054, -3.730220, 300.101478, 85
59.745950, -0.915635, 245.560975, 86
39.632634, -7.163473, 280.130755, 87
94.843617, 22.840606, 299.726220, 88
75.073743, 22.117213, 293.370224, 89
75.412675, 30.958918, 244.556451, 90
58.917301, 12.631372, 252.961476, 91
88.818587, -14.858949, 262.313662, 92
64.127278, 18.294002, 253.237908, 93
69.452701, 16.372792, 298.980006, 94
59.859006, -23.402185, 250.202272, 95
59.827966, 2.330222, 272.958299, 96
73.975753, 7.949284, 289.467553, 97
53.973903, 0.059941, 267.260044, 98
53.567485, 41.120061, 244.330527, 99
46.805094, 13.799706, 298.961649, 100
59.948471, 38.703437, 266.545575, 101
81.496949, 24.788990, 275.358760, 102
43.678057, -13.816761, 248.605315, 103
65.502949, 21.622370, 288.650357, 104
64.350277, -21.251654, 288.920375, 105
83.139559, 4.562546, 246.203030, 106
55.965821, 44.524737, 277.824494, 107
45.300685, -4.234435, 232.836959, 108
81.148282, 15.319484, 297.629228, 109
94.065726, 28.111020, 266.381511, 110
92.894721, -14.673552, 260.037564, 111
59.307733, 32.809843, 239.779198, 112
34.533915, 42.474352, 249.634558, 113
51.726221, 5.244264, 294.929217, 114
40.243944, 35.581001, 297.349543, 115
97.751079, 15.987519, 256.864694, 116
43.821586, 37.939787, 256.342069, 117
90.232969, -19.492572, 275.779762, 118
91.656883, 27.642159, 246.051868, 119
89.153489, 18.974847, 297.835051, 120
55.402429, 9.136544, 238.114055, 121
84.026923, 34.430716, 294.596088, 122
92.393046, 34.951074, 292.023070, 123
41.895029, -16.055736, 252.219869, 124
36.691512, -9.825353, 242.753531, 125
102.627937, -14.807319, 282.413230, 126
59.360073, -4.999279, 275.305635, 127
