x coord, y coord, z coord, scalar
80.007874, 6.332911, 283.341844, 0
91.270802, -3.107396, 296.553092, 1
100.523587, 22.047354, 318.042658, 2
72.513784, -15.113073, 334.362901, 3
61.740672, -25.491448, 316.075482, 4
70.481093, -18.220085, 336.586222, 5
49.689384, -10.598639, 331.016120, 6
71.426828, 8.915226, 325.244388, 7
80.096021, 32.611553, 334.772111, 8
78.414224, 20.378942, 302.359415, 9
56.736942, -2.973353, 341.782599, 10
64.539222, -15.062747, 303.045200, 11
85.552760, -17.899328, 289.463509, 12
59.336355, 19.973766, 307.440560, 13
49.439858, -21.645562, 315.039012, 14
89.976069, 14.194770, 329.909257, 15
82.302957, 29.243451, 283.681128, 16
69.059684, -2.689945, 325.686640, 17
50.044854, -25.954033, 322.668701, 18
40.557938, 17.819455, 307.418102, 19
67.377758, -28.803803, 337.534998, 20
64.901126, 1.094732, 286.842608, 21
92.407147, -16.712690, 302.033395, 22
37.611645, 7.982972, 286.377750, 23
69.512642, 22.782182, 297.822201, 24
40.292800, 9.398075, 276.387562, 25
94.662440, -11.659155, 338.721156, 26
102.803991, 22.759789, 300.401781, 27
84.231354, -30.555487, 307.537739, 28
62.640872, -24.638242, 289.727705, 29
94.519409, 8.098833, 294.014071, 30
87.795160, -30.360227, 328.198930, 31
99.098263, 27.406235, 275.856794, 32
56.872633, 30.377183, 316.929839, 33
67.710842, -3.470369, 304.082384, 34
89.993457, 2.181742, 277.851245, 35
90.841457, -6.515999, 299.282150, 36
85.303497, -7.072179, 286.412524, 37
41.446208, -26.200981, 288.947099, 38
73.444411, 1.799188, 297.398900, 39
87.632632, -7.041583, 338.587963, 40
37.387648, -22.606569, 341.317837, 41
90.046950, -26.868503, 333.094621, 42
90.364169, -4.636575, 327.842383, 43
63.034935, 28.433561, 288.742559, 44
91.577954, 15.066837, 324.014404, 45
93.889629, 2.548121, 281.868965, 46
48.912741, -15.508511, 307.886532, 47
59.785961, -8.703006, 314.774488, 48
73.193308, 30.100666, 280.945732, 49
95.052710, 14.373117, 306.994233, 50
89.381540, 17.120073, 317.477732, 51
86.440223, 3.806847, 323.699326, 52
75.275721, -9.189155, 283.433263, 53
58.859000, 19.205083, 276.237455, 54
72.062006, 7.422848, 324.394436, 55
51.817310, -2.047683, 291.313000, 56
58.146721, 12.224369, 308.894567, 57
90.493989, -31.350086, 333.281686, 58
61.010915, 7.202534, 327.752994, 59
66.417072, -1.104946, 306.496402, 60
97.871692, -15.083580, 287.987254, 61
71.090324, -32.003555, 324.884283, 62
50.530589, 8.631491, 280.065601, 63
58.424330, 32.849790, 332.360814, 64
59.122237, 1.551603, 304.154067, 65
39.257542, 18.728213, 335.196652, 66
55.030989, -26.485245, 311.791298, 67
88.386078, 29.368032, 313.531566, 68
77.408651, -12.981256, 285.104616, 69
60.902497, 18.795096, 317.089816, 70
91.859510, 13.306608, 335.096338, 71
35.587712, -18.963195, 336.182928, 72
84.932339, -3.073336, 309.184874, 73
89.458388, 20.710303, 306.405290, 74
77.560102, -23.527664, 341.047081, 75
37.455269, -18.910785, 324.145815, 76
97.112308, 1.479531, 330.750592, 77
64.644877, -13.494781, 324.491130, 78
102.636783, 29.273392, 275.878521, 79
43.482397, -13.184255, 327.763862, 80
85.032620, -24.684981, 305.440835, 81
75.869845, -23.737989, 319.567757, 82
67.793641, 26.553688, 280.864997, 83
101.438969, 12.651893, 334.665411, 84
63.585196, -13.148173, 344.228011, 85
60.373092, -10.333588, 289.687448, 86
40.259775, -16.581420, 324.257266, 87
95.470760, 13.422652, 343.852723, 88
75.700887, 12.699260, 337.496731, 89
76.039818, 21.540965, 288.682943, 90
59.544445, 3.213419, 297.087952, 91
89.445729, -24.276904, 306.440153, 92
64.754422, 8.876048, 297.364391, 93
70.079845, 6.954838, 343.106518, 94
60.486147, -32.820138, 294.328751, 95
60.455152, -7.087733, 317.084682, 96
74.602898, -1.468672, 333.594074, 97
54.601055, -9.358000, 311.386403, 98
54.194627, 31.702108, 288.457021, 99
47.432238, 4.381754, 343.088163, 100
60.575614, 29.285484, 310.672070, 101
82.124093, 15.371036, 319.485258, 102
44.305198, -23.234713, 292.731795, 103
66.130094, 12.204417, 332.776866, 104
64.977415, -30.669608, 333.046903, 105
83.766701, -4.855408, 290.329517, 106
56.592964, 35.106784, 321.950993, 107
45.927827, -13.652388, 276.963446, 108
81.775426, 5.901530, 341.755736, 109
94.692869, 18.693066, 310.508007, 110
93.521862, -24.091507, 304.164055, 111
59.934876, 23.391890, 283.905690, 112
35.161058, 33.056399, 293.761053, 113
52.353365, -4.173687, 339.055749, 114
40.871087, 26.163048, 341.476045, 115
98.378222, 6.569565, 300.991188, 116
44.448729, 28.521835, 300.468563, 117
90.860110, -28.910527, 319.906261, 118
92.284026, 18.224205, 290.178362, 119
89.780632, 9.556894, 341.961555, 120
56.029572, -0.281409, 282.240540, 121
84.654066, 25.012763, 338.722590, 122
93.020188, 25.533121, 336.149570, 123
42.522170, -25.473687, 296.346349, 124
37.318654, -19.243305, 286.880018, 125
103.255079, -24.225273, 326.539730, 126
59.987215, -14.417230, 319.432131, 127
