x coord, y coord, z coord, scalar
97.029402, -16.124543, 851.421193, 0
108.292330, -25.564854, 864.632446, 1
117.545115, -0.410101, 886.122115, 2
89.535306, -37.570547, 902.442967, 3
78.762105, -47.948908, 884.154311, 4
87.502611, -40.677553, 904.666284, 5
66.710924, -33.056058, 899.096437, 6
88.448369, -13.542235, 893.323940, 7
97.117551, 10.154099, 902.851600, 8
95.435755, -2.078512, 870.438810, 9
73.758477, -25.430802, 909.862473, 10
81.560745, -37.520210, 871.123658, 11
102.574284, -40.356785, 857.542823, 12
76.357890, -2.483686, 875.519944, 13
66.461348, -44.102954, 883.117936, 14
106.997599, -8.262687, 897.988757, 15
99.324485, 6.785998, 851.760539, 16
86.081244, -25.147427, 893.766551, 17
67.066341, -48.411447, 890.748419, 18
57.579471, -4.637992, 875.497503, 19
84.399270, -51.261260, 905.614838, 20
81.922656, -21.362721, 854.921864, 21
109.428671, -39.170150, 870.112750, 22
54.633174, -14.474477, 854.457105, 23
86.534173, 0.324729, 865.901585, 24
57.314328, -13.059374, 844.466934, 25
111.683966, -34.116614, 906.800708, 26
119.825519, 0.302335, 868.481214, 27
101.252872, -53.012948, 875.617083, 28
79.662393, -47.095694, 857.806879, 29
111.540937, -14.358622, 862.093463, 30
104.816679, -52.817688, 896.278461, 31
116.119790, 4.948782, 843.936219, 32
73.894165, 7.919732, 885.009291, 33
84.732384, -25.927834, 872.161297, 34
107.014983, -20.275712, 845.930624, 35
107.862984, -28.973458, 867.361496, 36
102.325024, -29.529635, 854.491852, 37
58.467731, -48.658427, 857.026386, 38
90.465943, -20.658270, 865.478125, 39
104.654160, -29.499044, 906.667564, 40
54.409171, -45.064012, 909.397488, 41
107.068471, -49.325963, 901.174174, 42
107.385697, -27.094038, 895.921913, 43
80.056465, 5.976110, 856.821956, 44
108.599484, -7.390620, 892.093880, 45
110.911156, -19.909334, 849.948350, 46
65.934266, -37.965926, 875.965148, 47
76.807676, -31.160464, 882.850448, 48
90.214837, 7.643214, 849.025138, 49
112.074239, -8.084339, 875.073656, 50
106.403071, -5.337384, 885.557184, 51
103.461755, -18.650615, 891.778824, 52
92.297247, -31.646610, 851.512546, 53
75.880528, -3.252368, 844.316835, 54
89.083549, -15.034614, 892.473986, 55
68.838841, -24.505132, 859.392195, 56
75.168261, -10.233083, 876.973892, 57
107.515510, -53.807545, 901.361224, 58
78.032464, -15.254920, 895.832654, 59
83.438620, -23.562410, 874.575348, 60
114.893217, -37.541035, 856.066634, 61
88.111825, -54.461020, 892.963907, 62
67.552117, -13.825960, 848.144943, 63
75.445861, 10.392338, 900.440306, 64
76.143783, -20.905848, 872.233101, 65
56.279074, -3.729235, 903.276175, 66
72.052470, -48.942674, 879.870092, 67
105.407608, 6.910578, 881.611013, 68
94.430176, -35.438712, 853.183895, 69
77.924035, -3.662357, 885.169257, 70
108.881039, -9.150849, 903.175849, 71
52.609236, -41.420634, 904.262575, 72
101.953870, -25.530801, 877.264211, 73
106.479917, -1.747152, 874.484713, 74
94.581622, -45.985124, 909.126799, 75
54.476792, -41.368213, 892.225385, 76
114.133836, -20.977927, 898.830098, 77
81.666426, -35.952420, 892.575153, 78
119.658310, 6.815939, 843.957950, 79
60.503928, -35.641672, 895.843716, 80
102.054139, -47.142443, 873.520145, 81
92.891348, -46.195473, 887.647223, 82
84.815169, 4.096236, 848.944393, 83
118.460496, -9.805563, 902.744903, 84
80.606723, -35.605628, 912.307944, 85
77.394620, -32.791040, 857.766576, 86
57.281299, -39.038840, 892.336896, 87
112.492288, -9.034803, 911.932237, 88
92.722420, -9.758197, 905.576306, 89
93.061347, -0.916489, 856.762329, 90
76.565981, -19.244033, 865.167119, 91
106.467250, -46.734366, 874.519510, 92
81.775956, -13.581405, 865.443656, 93
87.101378, -15.502617, 911.186168, 94
77.507664, -55.277589, 862.407960, 95
77.476889, -29.545213, 885.162599, 96
91.624435, -23.926138, 901.673837, 97
71.622636, -31.815400, 879.464003, 98
71.216157, 9.244657, 856.536427, 99
64.453771, -18.075693, 911.167825, 100
77.597146, 6.828033, 878.751500, 101
99.145626, -7.086421, 887.564718, 102
61.326721, -45.692158, 860.811014, 103
83.151632, -10.253038, 900.856468, 104
81.998919, -53.127064, 901.126759, 105
100.788229, -27.312865, 858.408826, 106
73.614495, 12.649333, 890.030459, 107
62.949353, -36.109837, 845.042763, 108
98.796956, -16.555927, 909.835325, 109
111.714398, -3.764390, 878.587444, 110
110.543385, -46.548966, 872.243432, 111
76.956405, 0.934439, 851.985073, 112
52.182587, 10.598949, 861.840476, 113
69.374901, -26.631132, 907.135669, 114
57.892617, 3.705599, 909.555558, 115
115.399750, -15.887891, 869.070596, 116
61.470259, 6.064385, 868.547975, 117
107.881630, -51.367989, 887.985724, 118
109.305554, -4.233249, 858.257767, 119
106.802161, -12.900563, 910.041092, 120
73.051101, -22.738859, 850.319824, 121
101.675595, 2.555309, 906.802095, 122
110.041717, 3.075667, 904.229061, 123
59.543692, -47.931131, 864.425575, 124
54.340179, -41.700751, 854.959324, 125
120.276602, -46.682731, 894.619213, 126
77.008743, -36.874675, 887.511567, 127
