x coord, y coord, z coord, scalar
56.934169, 25.147786, 39.896419, 0
68.197098, 15.707483, 53.107664, 1
77.449882, 40.862230, 74.597191, 2
49.440081, 3.701818, 90.917195, 3
38.667044, -6.676559, 72.630260, 4
47.407394, 0.594802, 93.140518, 5
26.615672, 8.216206, 87.570316, 6
48.353112, 27.730105, 81.798884, 7
57.022315, 51.426427, 91.326630, 8
55.340516, 39.193818, 58.913972, 9
33.663232, 15.841518, 98.336968, 10
41.465520, 3.752137, 59.600123, 11
62.479057, 0.915550, 46.018098, 12
36.262645, 38.788639, 63.995121, 13
26.366189, -2.830734, 71.593753, 14
66.902362, 33.009647, 86.463773, 15
59.229252, 48.058325, 40.235678, 16
45.985949, 16.124951, 82.240995, 17
26.971186, -7.139187, 79.223132, 18
17.484230, 36.634325, 63.972657, 19
44.304067, -9.988923, 94.089380, 20
41.827420, 19.909606, 43.397219, 21
69.333444, 2.102190, 58.587967, 22
14.537940, 26.797842, 42.932322, 23
46.438934, 41.597057, 54.376763, 24
17.219096, 28.212947, 32.942127, 25
71.588737, 7.155724, 95.275651, 26
79.730287, 41.574664, 56.956323, 27
61.157656, -11.740605, 64.092316, 28
39.567173, -5.823367, 46.282349, 29
71.445704, 26.913710, 50.568629, 30
64.721462, -11.545345, 84.753433, 31
76.024559, 46.221109, 32.411340, 32
33.798925, 49.192056, 73.484374, 33
44.637125, 15.344513, 60.637130, 34
66.919753, 20.996617, 34.405808, 35
67.767753, 12.298881, 55.836726, 36
62.229794, 11.742698, 42.967107, 37
18.372508, -7.386111, 45.501699, 38
50.370702, 20.614067, 53.953523, 39
64.558927, 11.773298, 95.142440, 40
14.313948, -3.791703, 97.872294, 41
66.973250, -8.053621, 89.649116, 42
67.290463, 14.178307, 84.396887, 43
39.961230, 47.248435, 45.297115, 44
68.504247, 33.881715, 80.568929, 45
70.815926, 21.362996, 38.423526, 46
25.839043, 3.306334, 64.441393, 47
36.712103, 10.111854, 71.330387, 48
50.119604, 48.915540, 37.500284, 49
71.979005, 33.187994, 63.548778, 50
66.307833, 35.934950, 74.032266, 51
63.366514, 22.621728, 80.253843, 52
52.202017, 9.625721, 39.987864, 53
35.785295, 38.019957, 32.792018, 54
48.988289, 26.237729, 80.948932, 55
28.743604, 16.767187, 47.867634, 56
35.073006, 31.039241, 65.449151, 57
67.420289, -12.535206, 89.836187, 58
37.937194, 26.017407, 84.307447, 59
43.343350, 17.709936, 63.051135, 60
74.797989, 3.731297, 44.541817, 61
48.016640, -13.188669, 81.438750, 62
27.456884, 27.446363, 36.620179, 63
35.350623, 51.664663, 88.915333, 64
36.048519, 20.366475, 60.708765, 65
16.183835, 37.543083, 91.751159, 66
31.957326, -7.670385, 68.346090, 67
65.312372, 48.182907, 70.086102, 68
54.334948, 5.833620, 41.659219, 69
37.828785, 37.609969, 73.644355, 70
68.785803, 32.121485, 91.650850, 71
12.514012, -0.148332, 92.737386, 72
61.858631, 15.741548, 65.739454, 73
66.384681, 39.525179, 62.959836, 74
54.486403, -4.712783, 97.601511, 75
14.381571, -0.095930, 80.700304, 76
74.038603, 20.294410, 87.305106, 77
41.571136, 5.320243, 81.043877, 78
79.563079, 48.088266, 32.433065, 79
20.408694, 5.630590, 84.318240, 80
61.958920, -5.870097, 61.995425, 81
52.796157, -4.923087, 76.122286, 82
44.719936, 45.368562, 37.419553, 83
78.365264, 31.466769, 91.219930, 84
40.511493, 5.666703, 100.782358, 85
37.299388, 8.481285, 46.242109, 86
17.186076, 2.233428, 80.811731, 87
72.397055, 32.237528, 100.407233, 88
52.627178, 31.514136, 94.051218, 89
52.966112, 40.355839, 45.237504, 90
36.470734, 22.028291, 53.642598, 91
66.372028, -5.462022, 62.994724, 92
41.680712, 27.690923, 53.918999, 93
47.006136, 25.769714, 99.660975, 94
37.412451, -14.005264, 50.883381, 95
37.381275, 11.727142, 73.639817, 96
51.529185, 17.346212, 90.148486, 97
31.527313, 9.456826, 67.941661, 98
31.120922, 50.516981, 45.011574, 99
24.358530, 23.196623, 99.642615, 100
37.501906, 48.100358, 67.226614, 101
59.050384, 34.185914, 76.039790, 102
21.231499, -4.419844, 49.286421, 103
43.056381, 31.019292, 89.331341, 104
41.903729, -11.854728, 89.601279, 105
60.692997, 13.959470, 46.884108, 106
33.519257, 53.921657, 78.505522, 107
22.854124, 5.162484, 33.518034, 108
58.701718, 24.716408, 98.310216, 109
71.619163, 37.507942, 67.062548, 110
70.448161, -5.276627, 60.718620, 111
36.861171, 42.206763, 40.460252, 112
12.087353, 51.871271, 50.315599, 113
29.279654, 14.641179, 95.610101, 114
17.797381, 44.977920, 98.030556, 115
75.304517, 25.384442, 57.545740, 116
21.375022, 47.336706, 57.023113, 117
67.786411, -10.095645, 76.460791, 118
69.210321, 37.039081, 46.732915, 119
66.706926, 28.371771, 98.516056, 120
32.955867, 18.533464, 38.795141, 121
61.580360, 43.827638, 95.277104, 122
69.946483, 44.347996, 92.704089, 123
19.448472, -6.658820, 52.900972, 124
14.244952, -0.428435, 43.434610, 125
80.181377, -5.410394, 83.094252, 126
36.913512, 4.397638, 75.986672, 127
