x coord, y coord, z coord, scalar
70.067976, 20.476131, 198.887552, 0
81.330905, 11.035826, 212.098799, 1
90.583689, 36.190574, 233.588351, 2
62.573885, -0.969846, 249.908507, 3
51.800803, -11.348214, 231.621264, 4
60.541196, -4.076860, 252.131828, 5
39.749487, 3.544569, 246.561690, 6
61.486926, 23.058447, 240.790067, 7
70.156124, 46.754773, 250.317799, 8
68.474325, 34.522163, 217.905117, 9
46.797043, 11.169865, 257.328232, 10
54.599325, -0.919522, 218.591035, 11
75.612863, -3.756106, 205.009222, 12
49.396456, 34.116985, 222.986263, 13
39.499979, -7.502356, 230.584781, 14
80.036171, 28.337991, 245.454944, 15
72.363060, 43.386671, 199.226827, 16
59.119773, 11.453281, 241.232268, 17
40.104974, -11.810820, 238.214357, 18
30.618040, 31.962673, 222.963803, 19
57.437866, -14.660579, 253.080636, 20
54.961229, 15.237952, 202.388330, 21
82.467250, -2.569468, 217.579102, 22
27.671748, 22.126191, 201.923457, 23
59.572743, 36.925402, 213.367905, 24
30.352903, 23.541295, 191.933266, 25
84.722543, 2.484067, 254.266835, 26
92.864094, 36.903010, 215.947477, 27
74.291459, -16.412263, 223.083448, 28
52.700977, -10.495021, 205.273438, 29
84.579512, 22.242054, 209.559773, 30
77.855265, -16.217003, 243.744612, 31
89.158367, 41.549455, 191.402492, 32
46.932735, 44.520403, 232.475533, 33
57.770939, 10.672853, 219.628154, 34
80.053560, 16.324963, 193.396948, 35
80.901560, 7.627224, 214.827859, 36
75.363600, 7.071042, 201.958235, 37
31.506313, -12.057762, 204.492816, 38
63.504511, 15.942410, 212.944626, 39
77.692734, 7.101640, 254.133636, 40
27.447753, -8.463351, 256.863502, 41
80.107054, -12.725279, 248.640300, 42
80.424270, 9.506648, 243.388065, 43
53.095038, 42.576781, 204.288260, 44
81.638056, 29.210058, 239.560094, 45
83.949732, 16.691341, 197.414668, 46
38.972850, -1.365301, 223.432344, 47
49.846006, 5.440192, 230.320678, 48
63.253411, 44.243886, 196.491432, 49
85.112813, 28.516338, 222.539930, 50
79.441642, 31.263294, 233.023425, 51
76.500324, 17.950069, 239.245013, 52
65.335824, 4.954066, 198.978980, 53
48.919103, 33.348303, 191.783159, 54
62.122103, 21.566069, 239.940116, 55
41.877413, 12.095535, 206.858729, 56
48.206820, 26.367587, 224.440279, 57
80.554093, -17.206863, 248.827367, 58
51.071012, 21.345752, 243.298657, 59
56.477167, 13.038276, 222.042168, 60
87.931795, -0.940358, 203.532958, 61
61.150433, -17.860328, 240.429951, 62
40.590692, 22.774710, 195.611310, 63
48.484433, 46.993009, 247.906502, 64
49.182335, 15.694821, 219.699820, 65
29.317645, 32.871431, 250.742335, 66
45.091110, -12.342026, 227.337086, 67
78.446181, 43.511252, 229.077260, 68
67.468754, 1.161965, 200.650334, 69
50.962597, 32.938315, 232.635511, 70
81.919612, 27.449829, 250.642023, 71
25.647818, -4.819979, 251.728593, 72
74.992440, 11.069888, 224.730584, 73
79.518490, 34.853524, 221.950987, 74
67.620206, -9.384441, 256.592736, 75
27.515377, -4.767572, 239.691492, 76
87.172411, 15.622753, 246.296278, 77
54.704950, 0.648493, 240.036172, 78
92.696886, 43.416612, 191.424218, 79
33.542504, 0.958954, 243.309499, 80
75.092724, -10.541756, 220.986548, 81
65.929951, -9.594757, 235.113449, 82
57.853744, 40.696908, 196.410698, 83
91.499071, 26.795114, 250.211099, 84
53.645299, 0.995048, 259.773637, 85
50.433195, 3.809632, 205.233187, 86
30.319883, -2.438209, 239.802934, 87
85.530863, 27.565873, 259.398407, 88
65.760988, 26.842480, 253.042407, 89
66.099920, 35.684185, 204.228646, 90
49.604546, 17.356638, 212.633686, 91
79.505832, -10.133681, 221.985860, 92
54.814522, 23.019268, 212.910111, 93
60.139946, 21.098059, 258.652183, 94
50.546253, -18.676917, 209.874479, 95
50.515188, 7.055469, 232.630594, 96
64.662996, 12.674551, 249.139723, 97
44.661148, 4.785197, 226.932360, 98
44.254730, 45.845328, 204.002721, 99
37.492340, 18.524972, 258.633826, 100
50.635716, 43.428704, 226.217767, 101
72.184193, 29.514257, 235.030951, 102
34.365304, -9.091494, 208.277522, 103
56.190193, 26.347637, 248.322538, 104
55.037525, -16.526384, 248.592538, 105
73.826804, 9.287813, 205.875231, 106
46.653066, 49.250004, 237.496684, 107
35.987931, 0.490832, 192.509159, 108
71.835527, 20.044752, 257.301409, 109
84.752971, 32.836287, 226.053703, 110
83.581966, -9.948284, 219.709760, 111
49.994979, 37.535110, 199.451393, 112
25.221161, 47.199618, 209.306751, 113
42.413466, 9.969529, 254.601376, 114
30.931190, 40.306267, 257.021730, 115
88.438324, 20.712786, 216.536888, 116
34.508831, 42.665054, 216.014262, 117
80.920214, -14.767303, 235.451953, 118
82.344129, 32.367426, 205.724062, 119
79.840734, 23.700115, 257.507236, 120
46.089675, 13.861811, 197.786258, 121
74.714168, 39.155983, 254.268276, 122
83.080291, 39.676342, 251.695258, 123
32.582277, -11.330469, 211.892075, 124
27.378758, -5.100086, 202.425732, 125
93.315182, -10.082051, 242.085419, 126
50.047319, -0.274012, 234.977827, 127
