x coord, y coord, z coord, scalar
75.502938, 5.348425, 331.267021, 0
86.765867, -4.091881, 344.478270, 1
96.018652, 21.062868, 365.967845, 2
68.008846, -16.097561, 382.288137, 3
57.235724, -26.475926, 364.000617, 4
65.976155, -19.204572, 384.511458, 5
45.184453, -11.583121, 378.941377, 6
66.921894, 7.930739, 373.169582, 7
75.591086, 31.627067, 382.697299, 8
73.909289, 19.394457, 350.284596, 9
52.232008, -3.957838, 389.707819, 10
60.034285, -16.047233, 350.970304, 11
81.047824, -18.883813, 337.388684, 12
54.831421, 18.989281, 355.365740, 13
44.934923, -22.630036, 362.964154, 14
85.471134, 13.210284, 377.834447, 15
77.798022, 28.258965, 331.606310, 16
64.554750, -3.674436, 373.611863, 17
45.539917, -26.938510, 370.593909, 18
36.053003, 16.834970, 355.343284, 19
62.872821, -29.788287, 385.460215, 20
60.396191, 0.110247, 334.767778, 21
87.902210, -17.697176, 349.958573, 22
33.106710, 6.998487, 334.302927, 23
65.007707, 21.797697, 345.747382, 24
35.787865, 8.413591, 324.312741, 25
90.157504, -12.643641, 386.646350, 26
98.299056, 21.775304, 348.326965, 27
79.726417, -31.539972, 355.462916, 28
58.135936, -25.622726, 337.652868, 29
90.014474, 7.114348, 341.939252, 30
83.290223, -31.344712, 376.124122, 31
94.593328, 26.421750, 323.781978, 32
52.367698, 29.392698, 364.855025, 33
63.205908, -4.454857, 352.007526, 34
85.488521, 1.197257, 325.776424, 35
86.336522, -7.500484, 347.207327, 36
80.798562, -8.056665, 334.337700, 37
36.941272, -27.185465, 336.872272, 38
68.939476, 0.814702, 345.324067, 39
83.127696, -8.026069, 386.513161, 40
32.882713, -23.591053, 389.243039, 41
85.542013, -27.852988, 381.019815, 42
85.859233, -5.621062, 375.767575, 43
58.530000, 27.449076, 336.667740, 44
87.073019, 14.082351, 371.939592, 45
89.384694, 1.563635, 329.794146, 46
44.407809, -16.492991, 355.811649, 47
55.281048, -9.687508, 362.699387, 48
68.688373, 29.116181, 328.870914, 49
90.547775, 13.388631, 354.919416, 50
84.876605, 16.135587, 365.402918, 51
81.935288, 2.822360, 371.624516, 52
70.770785, -10.173641, 331.358435, 53
54.354065, 18.220598, 324.162635, 54
67.557072, 6.438360, 372.319630, 55
47.312376, -3.032168, 339.238164, 56
53.641787, 11.239883, 356.819742, 57
85.989052, -32.334571, 381.206879, 58
56.505982, 6.218047, 375.678197, 59
61.912138, -2.089434, 354.421546, 60
93.366756, -16.068065, 335.912434, 61
66.585384, -32.988039, 372.809482, 62
46.025654, 7.647006, 327.990778, 63
53.919396, 31.865305, 380.286003, 64
54.617304, 0.567117, 352.079218, 65
34.752608, 17.743728, 383.121844, 66
50.526050, -27.469723, 359.716430, 67
83.881143, 28.383546, 361.456751, 68
72.903715, -13.965742, 333.029788, 69
56.397563, 17.810610, 365.015001, 70
87.354574, 12.322122, 383.021529, 71
31.082778, -19.947678, 384.108130, 72
80.427403, -4.057823, 357.110051, 73
84.953452, 19.725818, 354.330473, 74
73.055165, -24.512149, 388.972288, 75
32.950335, -19.895267, 372.071010, 76
92.607373, 0.495046, 378.675782, 77
60.139928, -14.479292, 372.416691, 78
98.131847, 28.288907, 323.803705, 79
38.977465, -14.168736, 375.689081, 80
80.527682, -25.669466, 353.366009, 81
71.364903, -24.722476, 367.492944, 82
63.288706, 25.569203, 328.790178, 83
96.934033, 11.667407, 382.590600, 84
59.080261, -14.132658, 392.153237, 85
55.868157, -11.318073, 337.612607, 86
35.754842, -17.565901, 372.182466, 87
90.965825, 12.438167, 391.777913, 88
71.195952, 11.714774, 385.421927, 89
71.534883, 20.556479, 336.608124, 90
55.039511, 2.228933, 345.013114, 91
84.940792, -25.261390, 354.365331, 92
60.249487, 7.891563, 345.289562, 93
65.574910, 5.970352, 391.031720, 94
55.981210, -33.804622, 342.253917, 95
55.950241, -8.072240, 365.009742, 96
70.097963, -2.453160, 381.519285, 97
50.096131, -10.342483, 359.311437, 98
49.689692, 30.717623, 336.382203, 99
42.927304, 3.397269, 391.013366, 100
56.070679, 28.300999, 358.597254, 101
77.619158, 14.386550, 367.410445, 102
39.800263, -24.219197, 340.656962, 103
61.625160, 11.219931, 380.702064, 104
60.472477, -31.654091, 380.972122, 105
79.261766, -5.839894, 338.254691, 106
52.088029, 34.122299, 369.876180, 107
41.422892, -14.636872, 324.888621, 108
77.270490, 4.917044, 389.680933, 109
90.187933, 17.708580, 358.433192, 110
89.016926, -25.075992, 352.089235, 111
55.429941, 22.407405, 331.830870, 112
30.656123, 32.071914, 341.686236, 113
47.848431, -5.158172, 386.980973, 114
36.366153, 25.178563, 389.401236, 115
93.873286, 5.585079, 348.916371, 116
39.943794, 27.537350, 348.393746, 117
86.355173, -29.895013, 367.831447, 118
87.779091, 17.239720, 338.103544, 119
85.275697, 8.572408, 389.886747, 120
51.524637, -1.265894, 330.165712, 121
80.149131, 24.028278, 386.647780, 122
88.515253, 24.548636, 384.074759, 123
38.017235, -26.458171, 344.271516, 124
32.813719, -20.227789, 334.805192, 125
98.750142, -25.209758, 374.464918, 126
55.482281, -15.401714, 367.357316, 127
