x coord, y coord, z coord, scalar
75.323436, 6.269422, 341.307899, 0
86.586364, -3.170885, 354.519148, 1
95.839149, 21.983865, 376.008724, 2
67.829343, -15.176564, 392.329027, 3
57.056221, -25.554928, 374.041486, 4
65.796652, -18.283575, 394.552348, 5
45.004951, -10.662124, 388.982271, 6
66.742391, 8.851735, 383.210464, 7
75.411584, 32.548064, 392.738180, 8
73.729786, 20.315454, 360.325475, 9
52.052505, -3.036842, 399.748706, 10
59.854782, -15.126236, 361.011167, 11
80.868321, -17.962817, 347.429561, 12
54.651918, 19.910277, 365.406619, 13
44.755421, -21.709039, 373.005025, 14
85.291631, 14.131281, 387.875328, 15
77.618519, 29.179962, 341.647189, 16
64.375247, -2.753440, 383.652751, 17
45.360415, -26.017512, 380.634793, 18
35.873501, 17.755967, 365.384163, 19
62.693318, -28.867290, 395.501102, 20
60.216689, 1.031244, 344.808654, 21
87.722708, -16.776179, 359.999451, 22
32.927208, 7.919484, 344.343805, 23
64.828204, 22.718694, 355.788260, 24
35.608362, 9.334587, 334.353619, 25
89.978002, -11.722644, 396.687231, 26
98.119554, 22.696300, 358.367845, 27
79.546914, -30.618975, 365.503794, 28
57.956434, -24.701729, 347.693743, 29
89.834971, 8.035344, 351.980131, 30
83.110720, -30.423716, 386.165003, 31
94.413825, 27.342746, 333.822857, 32
52.188196, 30.313695, 374.895905, 33
63.026405, -3.533861, 362.048396, 34
85.309018, 2.118253, 335.817303, 35
86.157019, -6.579488, 357.248205, 36
80.619059, -7.135668, 344.378577, 37
36.761770, -26.264468, 346.913149, 38
68.759973, 1.735699, 355.364943, 39
82.948194, -7.105072, 396.554044, 40
32.703210, -22.670056, 399.283922, 41
85.362510, -26.931991, 391.060697, 42
85.679730, -4.700065, 385.808456, 43
58.350498, 28.370073, 346.708619, 44
86.893516, 15.003348, 381.980472, 45
89.205191, 2.484632, 339.835024, 46
44.228307, -15.571994, 365.852514, 47
55.101547, -8.766514, 372.740206, 48
68.508871, 30.037178, 338.911793, 49
90.368273, 14.309628, 364.960295, 50
84.697102, 17.056584, 375.443797, 51
81.755785, 3.743357, 381.665396, 52
70.591283, -9.252644, 341.399312, 53
54.174562, 19.141595, 334.203513, 54
67.377569, 7.359357, 382.360511, 55
47.132874, -2.111171, 349.279040, 56
53.462285, 12.160879, 366.860620, 57
85.809550, -31.413574, 391.247760, 58
56.326480, 7.139044, 385.719080, 59
61.732636, -1.168438, 364.462417, 60
93.187253, -15.147068, 345.953313, 61
66.405881, -32.067042, 382.850365, 62
45.846151, 8.568003, 338.031656, 63
53.739893, 32.786301, 390.326883, 64
54.437802, 1.488113, 362.120091, 65
34.573106, 18.664725, 393.162725, 66
50.346548, -26.548725, 369.757299, 67
83.701641, 29.304543, 371.497631, 68
72.724212, -13.044745, 343.070665, 69
56.218061, 18.731606, 375.055881, 70
87.175072, 13.243119, 393.062409, 71
30.903275, -19.026681, 394.149013, 72
80.247900, -3.136826, 367.150928, 73
84.773950, 20.646814, 364.371352, 74
72.875662, -23.591153, 399.013173, 75
32.770833, -18.974270, 382.111892, 76
92.427870, 1.416042, 388.716663, 77
59.960423, -13.558297, 382.457649, 78
97.952345, 29.209903, 333.844585, 79
38.797963, -13.247739, 385.729968, 80
80.348180, -24.748470, 363.406886, 81
71.185400, -23.801479, 377.533824, 82
63.109203, 26.490199, 338.831057, 83
96.754530, 12.588404, 392.631480, 84
58.900758, -13.211662, 402.194125, 85
55.688655, -10.397076, 347.653481, 86
35.575340, -16.644904, 382.223349, 87
90.786322, 13.359163, 401.818794, 88
71.016449, 12.635770, 395.462809, 89
71.355380, 21.477476, 346.649002, 90
54.860008, 3.149930, 355.053989, 91
84.761289, -24.340393, 364.406209, 92
60.069985, 8.812559, 355.330438, 93
65.395407, 6.891349, 401.072603, 94
55.801708, -32.883625, 352.294792, 95
55.770739, -7.151247, 375.050595, 96
69.918460, -1.532163, 391.560170, 97
49.916630, -9.421487, 369.352284, 98
49.510190, 31.638620, 346.423082, 99
42.747801, 4.318266, 401.054249, 100
55.891177, 29.221996, 368.638134, 101
77.439655, 15.307547, 377.451325, 102
39.620760, -23.298200, 350.697838, 103
61.445657, 12.140927, 390.742946, 104
60.292974, -30.733094, 391.013008, 105
79.082263, -4.918897, 348.295568, 106
51.908527, 35.043296, 379.917060, 107
41.243389, -13.715876, 334.929498, 108
77.090988, 5.838041, 399.721815, 109
90.008431, 18.629577, 368.474071, 110
88.837423, -24.154996, 362.130113, 111
55.250439, 23.328402, 341.871749, 112
30.476620, 32.992911, 351.727116, 113
47.668929, -4.237175, 397.021861, 114
36.186650, 26.099560, 399.442117, 115
93.693784, 6.506076, 358.957250, 116
39.764292, 28.458346, 358.434625, 117
86.175670, -28.974016, 377.872327, 118
87.599588, 18.160717, 348.144423, 119
85.096194, 9.493405, 399.927629, 120
51.345135, -0.344897, 340.206589, 121
79.969628, 24.949274, 396.688661, 122
88.335751, 25.469632, 394.115639, 123
37.837733, -25.537174, 354.312392, 124
32.634216, -19.306792, 344.846069, 125
98.570640, -24.288762, 384.505798, 126
55.302778, -14.480718, 377.398195, 127
