x coord, y coord, z coord, scalar
167.985894, 35.607027, 104.391689, 0
168.145546, 62.341807, 139.755512, 1
197.889862, 58.423179, 110.000931, 2
170.047881, 19.141513, 112.953518, 3
179.466750, 60.349188, 119.233361, 4
166.790265, 37.051933, 148.565577, 5
208.797822, 39.197198, 136.764909, 6
165.653692, 33.641885, 131.444684, 7
171.259929, 2.821767, 126.585392, 8
178.292429, 3.245238, 109.713510, 9
202.857578, 15.481942, 144.672859, 10203.249558, 27.878243, 137.647171, 11170.285533, 1.299535, 126.702468, 12176.286712, 15.598277, 145.196270, 13185.241560, 39.316498, 136.188048, 14200.474181, 50.356908, 172.581664, 15176.319831, 34.686202, 142.412586, 16209.084619, 44.590602, 106.685167, 17167.809932, 60.101408, 108.858960, 18190.395348, 13.925197, 111.455981, 19196.109062, 61.033628, 126.290048, 20168.062165, 39.814625, 153.520910, 21201.709043, 54.350968, 154.172276, 22224.411534, 6.169083, 169.122226, 23196.888006, 35.660250, 139.072420, 24160.346116, 11.666028, 120.059687, 25160.208076, 32.236714, 154.098060, 26198.619179, 16.852637, 129.320708, 27201.304643, 28.913376, 120.054028, 28206.163823, 63.559610, 133.331891, 29213.620108, 35.199973, 124.997801, 30167.190849, 47.513016, 164.164796, 31216.711307, 24.753367, 149.148157, 32198.163757, 24.696266, 154.669580, 33194.566460, 65.835126, 120.961790, 34160.917359, 1.712628, 131.979898, 35176.977149, 6.171535, 163.568715, 36158.355501, 49.041609, 111.053493, 37183.676212, 25.877684, 139.320486, 38199.731106, 7.572765, 133.511113, 39160.343554, 65.443726, 168.063180, 40181.341513, 8.165928, 146.208732, 41172.786601, 69.128075, 170.313991, 42217.934575, 42.823180, 125.642494, 43199.884066, 12.920985, 122.109968, 44216.846029, 18.089189, 123.174653, 45176.106508, 39.317356, 128.697107, 46166.955524, 41.923548, 108.371965, 47174.009160, 1.131282, 133.601845, 48209.328221, 45.113199, 140.526776, 49170.119873, 49.707672, 136.602860, 50165.463403, 6.580536, 144.120697, 51207.671925, 23.617917, 143.881424, 52205.266305, 17.083862, 117.336543, 53158.189461, 61.218825, 129.609719, 54176.299679, 53.596231, 147.051312, 55195.474378, 5.234025, 117.000393, 56220.172615, 16.440374, 158.276162, 57155.825425, 34.700414, 158.759430, 58185.427156, 19.559974, 134.505013, 59221.953819, 33.930614, 114.844897, 60185.837145, 43.644899, 120.775790, 61157.238197, 26.848215, 143.747529, 62197.119326, 7.645868, 160.183419, 63210.456130, 10.086144, 152.034638, 64167.346393, 30.636700, 136.263283, 65210.397287, 1.642381, 140.849180, 66223.397863, 66.065839, 156.641535, 67208.954422, 66.142097, 121.974224, 68194.994063, 27.100639, 140.887558, 69156.779636, 24.585919, 105.449149, 70167.624694, 54.673844, 148.446369, 71184.402188, 56.162866, 105.926473, 72224.149562, 28.813548, 112.924475, 73211.613284, 14.801045, 122.362558, 74190.928276, 26.398297, 152.352213, 75223.191456, 12.326957, 153.345691, 76191.321083, 11.256177, 150.044202, 77175.243106, 64.461433, 146.818642, 78193.217393, 34.986946, 104.551157, 79161.384127, 36.017469, 128.489385, 80162.833440, 47.892957, 113.795566, 81207.279552, 7.826465, 169.310751, 82209.206321, 7.507380, 128.756583, 83218.130942, 63.371515, 142.909694, 84167.774139, 29.831201, 168.660134, 85216.125399, 28.553996, 111.619106, 86196.751545, 64.125951, 122.227264, 87174.075921, 14.900416, 117.321030, 88216.894424, 52.368614, 151.660366, 89217.446090, 58.003579, 118.309991, 90173.216123, 65.087863, 165.555142, 91183.011922, 47.898779, 104.013504, 92179.603030, 32.636488, 110.872516, 93204.359655, 26.298751, 104.876915, 94174.549843, 38.323907, 134.060388, 95170.490205, 29.980515, 161.966680, 96178.109500, 2.263382, 156.724892, 97196.336933, 20.590153, 170.977338, 98209.658238, 13.015919, 153.978355, 99188.598949, 5.993368, 142.614367, 10202.909028, 23.460263, 138.334801, 10195.744599, 50.723047, 116.865209, 10195.758450, 5.857453, 148.854374, 10202.631719, 54.467947, 105.785163, 10203.508916, 4.549117, 143.461199, 10164.849810, 19.290181, 104.073866, 10222.816131, 41.650510, 105.689246, 10206.821363, 13.518799, 125.631348, 10205.079002, 67.427894, 137.999395, 10186.337558, 31.558273, 143.348586, 11156.232413, 9.998678, 166.157029, 11190.567015, 49.994062, 147.513279, 11203.432723, 21.283884, 152.722225, 11179.567484, 68.166453, 137.822313, 11181.352975, 47.206795, 141.724415, 11220.813978, 56.307383, 160.365561, 11220.888042, 54.654862, 132.648414, 11222.577411, 37.007603, 145.519291, 11175.489368, 17.617991, 143.579881, 11209.488759, 48.206460, 105.770006, 12180.113956, 48.689742, 115.120214, 12173.551352, 14.788052, 164.467110, 12217.063809, 62.471611, 116.383143, 12197.066133, 17.570425, 115.181747, 12162.168940, 43.174162, 161.741068, 12199.892271, 39.519430, 148.681622, 12187.538197, 35.938919, 133.967099, 12