x coord, y coord, z coord, scalar
90.857156, -3.022444, 497.834679, 0
102.120085, -12.462752, 511.045929, 1
111.372870, 12.691999, 532.535533, 2
83.363065, -24.468436, 548.856002, 3
72.589915, -34.846809, 530.568124, 4
81.330372, -27.575446, 551.079322, 5
60.538670, -19.953978, 545.509315, 6
82.276116, -0.440131, 539.737298, 7
90.945304, 23.256198, 549.264998, 8
89.263508, 11.023588, 516.852267, 9
67.586227, -12.328705, 556.275629, 10
75.388503, -24.418105, 517.537703, 11
96.402041, -27.254684, 503.956331, 12
70.185640, 10.618413, 521.933408, 13
60.289122, -31.000892, 529.531689, 14
100.825353, 4.839414, 544.402148, 15
93.152239, 19.888097, 498.173986, 16
79.908981, -12.045310, 540.179684, 17
60.894118, -35.309372, 537.161673, 18
51.407222, 8.464104, 521.910956, 19
78.227034, -38.159159, 552.028015, 20
75.750410, -8.260622, 501.335409, 21
103.256428, -26.068047, 516.526232, 22
48.460928, -1.372380, 500.870587, 23
80.361925, 13.426828, 512.315049, 24
51.142082, 0.042723, 490.880405, 25
105.511722, -21.014512, 553.214066, 26
113.653274, 13.404434, 514.894647, 27
95.080632, -39.910845, 522.030572, 28
73.490152, -33.993596, 504.220475, 29
105.368692, -1.256522, 508.506922, 30
98.644439, -39.715585, 542.691832, 31
109.947545, 18.050881, 490.349657, 32
67.721917, 21.021830, 531.422712, 33
78.560131, -12.825728, 518.575057, 34
100.842738, -7.173613, 492.344091, 35
101.690740, -15.871355, 513.774984, 36
96.152779, -16.427535, 500.905351, 37
52.295488, -35.556332, 503.439911, 38
84.293695, -7.556168, 511.891689, 39
98.481915, -16.396940, 553.080892, 40
48.236927, -31.961919, 555.810784, 41
100.896229, -36.223860, 547.587532, 42
101.213452, -13.991933, 542.335285, 43
73.884218, 19.078208, 503.235412, 44
102.427237, 5.711482, 538.507286, 45
104.738911, -6.807234, 496.361814, 46
59.762021, -24.863849, 522.379094, 47
70.635322, -18.058355, 529.266062, 48
84.042591, 20.745312, 495.438588, 49
105.901993, 5.017762, 521.487095, 50
100.230824, 7.764718, 531.970605, 51
97.289508, -5.548511, 538.192216, 52
86.125003, -18.544510, 497.926073, 53
69.708282, 9.849730, 490.730301, 54
82.911295, -1.932509, 538.887346, 55
62.666594, -11.403035, 505.805777, 56
68.996008, 2.869016, 523.387393, 57
101.343268, -40.705443, 547.774591, 58
71.860206, -2.152819, 542.245944, 59
77.266363, -10.460304, 520.989087, 60
108.720973, -24.438935, 502.480101, 61
81.939595, -41.358915, 539.377220, 62
61.379871, -0.723862, 494.558433, 63
69.273614, 23.494437, 546.853702, 64
69.971527, -7.803750, 518.646785, 65
50.106826, 9.372861, 549.689552, 66
65.880251, -35.840591, 526.283927, 67
99.235361, 20.012677, 528.024437, 68
88.257932, -22.336611, 499.597425, 69
71.751784, 9.439742, 531.582685, 70
102.708793, 3.951252, 549.589233, 71
46.436992, -28.318543, 550.675874, 72
95.781623, -12.428695, 523.677704, 73
100.307671, 11.354948, 520.898152, 74
88.409381, -32.883021, 555.540053, 75
48.304548, -28.266129, 538.638732, 76
107.961591, -7.875825, 545.243485, 77
75.494175, -22.850213, 538.985703, 78
113.486065, 19.918038, 490.371386, 79
54.331679, -22.539593, 542.256885, 80
95.881899, -34.040339, 519.933655, 81
86.719118, -33.093357, 534.060636, 82
78.642923, 17.198334, 495.357849, 83
112.288251, 3.296538, 549.158299, 84
74.434478, -22.503528, 558.721063, 85
71.222374, -19.688942, 504.180201, 86
51.109054, -25.936760, 538.750205, 87
106.320043, 4.067297, 558.345619, 88
86.550171, 3.343904, 551.989650, 89
86.889101, 12.185610, 503.175792, 90
70.393731, -6.141934, 511.580719, 91
100.295009, -33.632262, 520.932990, 92
75.603707, -0.479306, 511.857195, 93
80.929129, -2.400517, 557.599465, 94
71.335425, -42.175492, 508.821534, 95
71.304523, -16.443090, 531.576984, 96
85.452184, -10.824031, 548.087062, 97
65.450358, -18.713330, 525.878587, 98
65.043910, 22.346755, 502.949877, 99
58.281522, -4.973597, 557.581114, 100
71.424898, 19.930131, 525.164935, 101
92.973377, 6.015681, 533.978134, 102
55.154478, -32.590064, 507.224581, 103
76.979380, 2.849062, 547.269795, 104
75.826688, -40.024964, 547.539926, 105
94.615984, -14.210764, 504.822337, 106
67.442248, 25.751431, 536.443871, 107
56.777108, -23.007740, 491.456269, 108
92.624709, -3.453825, 556.248660, 109
105.542152, 9.337711, 525.000875, 110
104.371143, -33.446864, 518.656900, 111
70.784159, 14.036537, 498.398538, 112
46.010340, 23.701046, 508.253915, 113
63.202650, -13.529037, 553.548796, 114
51.720370, 16.807696, 555.968941, 115
109.227504, -2.785791, 515.484045, 116
55.298012, 19.166482, 514.961422, 117
101.709389, -38.265885, 534.399138, 118
103.133308, 8.868851, 504.671218, 119
100.629915, 0.201538, 556.454459, 120
66.878855, -9.636762, 496.733351, 121
95.503349, 15.657409, 553.215483, 122
103.869471, 16.177766, 550.642457, 123
53.371450, -34.829038, 510.839138, 124
48.167935, -28.598656, 501.372837, 125
114.104359, -33.580629, 541.032614, 126
70.836497, -23.772581, 533.924998, 127
