x coord, y coord, z coord, scalar
87.094471, 8.168581, 427.105033, 0
98.357400, -1.271726, 440.316282, 1
107.610185, 23.883024, 461.805874, 2
79.600380, -13.277407, 478.126268, 3
68.827251, -23.655777, 459.838542, 4
77.567688, -16.384417, 480.349588, 5
56.775984, -8.762962, 474.779549, 6
78.513428, 10.750895, 469.007628, 7
87.182619, 34.447223, 478.535335, 8
85.500822, 22.214613, 446.122616, 9
63.823541, -1.137682, 485.545918, 10
71.625818, -13.227078, 446.808168, 11
92.639356, -16.063658, 433.226690, 12
66.422954, 21.809437, 451.203758, 13
56.526449, -19.809879, 458.802096, 14
97.062667, 16.030439, 473.672484, 15
89.389554, 31.079121, 427.444333, 16
76.146287, -0.854281, 469.449969, 17
57.131445, -24.118355, 466.431982, 18
47.644536, 19.655127, 451.181304, 19
74.464353, -26.968133, 481.298309, 20
71.987724, 2.930403, 430.605774, 21
99.493743, -14.877021, 445.796586, 22
44.698243, 9.818643, 430.140940, 23
76.599240, 24.617853, 441.585399, 24
47.379397, 11.233747, 420.150757, 25
101.749037, -9.823486, 482.484395, 26
109.890589, 24.595459, 444.164991, 27
91.317949, -28.719818, 451.300927, 28
69.727468, -22.802571, 433.490851, 29
101.606007, 9.934503, 437.777271, 30
94.881756, -28.524558, 471.962164, 31
106.184861, 29.241905, 419.620002, 32
63.959231, 32.212854, 460.693054, 33
74.797442, -1.634701, 447.845465, 34
97.080054, 4.017412, 421.614441, 35
97.928055, -4.680329, 443.045339, 36
92.390095, -5.236509, 430.175708, 37
48.532804, -24.365309, 432.710273, 38
80.531009, 3.634858, 441.162059, 39
94.719230, -5.205914, 482.351215, 40
44.474244, -20.770897, 485.081101, 41
97.133546, -25.032833, 476.857861, 42
97.450766, -2.800907, 471.605617, 43
70.121533, 30.269232, 432.505760, 44
98.664552, 16.902507, 467.777625, 45
100.976227, 4.383791, 425.632164, 46
55.999339, -13.672833, 451.649539, 47
66.872594, -6.867341, 458.536836, 48
80.279906, 31.936336, 424.708935, 49
102.139308, 16.208787, 450.757440, 50
96.468138, 18.955743, 461.240947, 51
93.526821, 5.642515, 467.462552, 52
82.362318, -7.353485, 427.196436, 53
65.945597, 21.040754, 420.000652, 54
79.148606, 9.258516, 468.157675, 55
58.903909, -0.212012, 435.076151, 56
65.233321, 14.060039, 452.657750, 57
97.580585, -29.514416, 477.044922, 58
68.097517, 9.038204, 471.516260, 59
73.503673, 0.730722, 450.259491, 60
104.958289, -13.247910, 431.750451, 61
78.176916, -30.167886, 468.647540, 62
57.617186, 10.467162, 423.828789, 63
65.510929, 34.685461, 476.124039, 64
66.208838, 3.387274, 447.917178, 65
46.344141, 20.563884, 478.959884, 66
62.117578, -24.649569, 455.554350, 67
95.472676, 31.203702, 457.294779, 68
84.495248, -11.145586, 428.867788, 69
67.989097, 20.630766, 460.853028, 70
98.946107, 15.142277, 478.859567, 71
42.674309, -17.127522, 479.946191, 72
92.018937, -1.237668, 452.948060, 73
96.544985, 22.545973, 450.168497, 74
84.646697, -21.691995, 484.810361, 75
44.541866, -17.075110, 467.909059, 76
104.198906, 3.315201, 474.513820, 77
71.731474, -11.659147, 468.255479, 78
109.723380, 31.109062, 419.641730, 79
50.568996, -11.348577, 471.527177, 80
92.119215, -22.849312, 449.204014, 81
82.956437, -21.902324, 463.330976, 82
74.880238, 28.389358, 424.628198, 83
108.525566, 14.487563, 478.428636, 84
70.671793, -11.312503, 487.991346, 85
67.459690, -8.497917, 433.450582, 86
47.346372, -14.745743, 468.020525, 87
102.557357, 15.258322, 487.615953, 88
82.787485, 14.534929, 481.259976, 89
83.126415, 23.376635, 432.446142, 90
66.631044, 5.049089, 440.851096, 91
96.532325, -22.441235, 450.203344, 92
71.841020, 10.711719, 441.127560, 93
77.166443, 8.790508, 486.869782, 94
67.572742, -30.984467, 438.091905, 95
67.541789, -5.252073, 460.847516, 96
81.689497, 0.366996, 477.357366, 97
61.687664, -7.522321, 455.149158, 98
61.281225, 33.537779, 432.220225, 99
54.518837, 6.217425, 486.851430, 100
67.662212, 31.121155, 454.435280, 101
89.210691, 17.206706, 463.248475, 102
51.391795, -21.399041, 436.494952, 103
73.216693, 14.040087, 476.540118, 104
72.064008, -28.833938, 476.810218, 105
90.853299, -3.019738, 434.092696, 106
63.679562, 36.942455, 465.714211, 107
53.014424, -11.816717, 420.726627, 108
88.862023, 7.737200, 485.518984, 109
101.779466, 20.528736, 454.271218, 110
100.608459, -22.255837, 447.927251, 111
67.021474, 25.227561, 427.668888, 112
42.247656, 34.892070, 437.524261, 113
59.439964, -2.338015, 482.819080, 114
47.957685, 27.998719, 485.239275, 115
105.464819, 8.405235, 444.754392, 116
51.535327, 30.357506, 444.231768, 117
97.946706, -27.074858, 463.669478, 118
99.370623, 20.059875, 433.941565, 119
96.867230, 11.392563, 485.724790, 120
63.116170, 1.554262, 426.003713, 121
91.740664, 26.848433, 482.485818, 122
100.106786, 27.368791, 479.912794, 123
49.608767, -23.638015, 440.109508, 124
44.405251, -17.407633, 430.643196, 125
110.341675, -22.389603, 470.302952, 126
67.073813, -12.581558, 463.195342, 127
