x coord, y coord, z coord, scalar
64.996161, 16.286515, 162.358437, 0
76.259090, 6.846210, 175.569684, 1
85.511874, 32.000958, 197.059230, 2
57.502070, -5.159462, 213.379349, 3
46.728989, -15.537830, 195.092181, 4
55.469381, -8.266475, 215.602671, 5
34.677672, -0.645047, 210.032517, 6
56.415110, 18.868831, 204.260940, 7
65.084308, 42.565157, 213.788676, 8
63.402510, 30.332547, 181.376000, 9
41.725228, 6.980249, 220.799086, 10
49.527510, -5.109138, 182.061974, 11
70.541048, -7.945722, 168.480110, 12
44.324641, 29.927369, 186.457146, 13
34.428165, -11.691972, 194.055692, 14
74.964356, 24.148375, 208.925820, 15
67.291245, 39.197055, 162.697709, 16
54.047957, 7.263665, 204.703119, 17
35.033160, -16.000436, 201.685220, 18
25.546225, 27.773057, 186.434685, 19
52.366051, -18.850195, 216.551491, 20
49.889414, 11.048336, 165.859221, 21
77.395435, -6.759084, 181.049987, 22
22.599933, 17.936574, 165.394342, 23
54.500928, 32.735786, 176.838788, 24
25.281088, 19.351679, 155.404150, 25
79.650728, -1.705549, 217.737708, 26
87.792279, 32.713394, 179.418358, 27
69.219644, -20.601879, 186.554333, 28
47.629162, -14.684637, 168.744334, 29
79.507697, 18.052438, 173.030656, 30
72.783450, -20.406619, 207.215486, 31
84.086551, 37.359839, 154.873372, 32
41.860920, 40.330786, 195.946412, 33
52.699124, 6.483237, 183.099066, 34
74.981744, 12.135346, 156.867832, 35
75.829745, 3.437608, 178.298745, 36
70.291785, 2.881426, 165.429122, 37
26.434498, -16.247378, 167.963706, 38
58.432696, 11.752794, 176.415519, 39
72.620919, 2.912024, 217.604506, 40
22.375938, -12.652968, 220.334369, 41
75.035238, -16.914895, 212.111173, 42
75.352455, 5.317032, 206.858940, 43
48.023223, 38.387165, 167.759143, 44
76.566241, 25.020442, 203.030972, 45
78.877917, 12.501725, 160.885552, 46
33.901035, -5.554918, 186.903274, 47
44.774189, 1.250575, 193.791768, 48
58.181596, 40.054270, 159.962314, 49
80.040997, 24.326722, 186.010811, 50
74.369827, 27.073678, 196.494304, 51
71.428509, 13.760453, 202.715890, 52
60.264009, 0.764450, 162.449870, 53
43.847288, 29.158687, 155.254042, 54
57.050288, 17.376453, 203.410989, 55
36.805598, 7.905919, 170.329624, 56
43.135005, 22.177971, 187.911165, 57
75.482278, -21.396479, 212.298241, 58
45.999196, 17.156136, 206.769524, 59
51.405352, 8.848659, 185.513078, 60
82.859980, -5.129974, 167.003842, 61
56.078619, -22.049944, 203.900820, 62
35.518877, 18.585094, 159.082196, 63
43.412617, 42.803393, 211.377378, 64
44.110520, 11.505205, 183.170724, 65
24.245830, 28.681815, 214.213210, 66
40.019295, -16.531642, 190.808005, 67
73.374366, 39.321636, 192.548139, 68
62.396939, -3.027651, 164.121224, 69
45.890782, 28.748698, 196.106391, 70
76.847796, 23.260213, 214.112899, 71
20.576003, -9.009595, 215.199461, 72
69.920624, 6.880272, 188.201471, 73
74.446674, 30.663908, 185.421868, 74
62.548391, -13.574057, 220.063599, 75
22.443562, -8.957188, 203.162364, 76
82.100596, 11.433137, 209.767154, 77
49.633134, -3.541121, 203.506776, 78
87.625071, 39.226996, 154.895099, 79
28.470689, -3.230662, 206.780354, 80
70.020909, -14.731372, 184.457436, 81
60.858136, -13.784372, 198.584327, 82
52.781928, 36.507292, 159.881581, 83
86.427256, 22.605498, 213.681975, 84
48.573484, -3.194568, 223.244487, 85
45.361380, -0.379984, 168.704086, 86
25.248068, -6.627826, 203.273803, 87
80.459047, 23.376257, 222.869283, 88
60.689173, 22.652864, 216.513279, 89
61.028105, 31.494569, 167.699530, 90
44.532730, 13.167022, 176.104582, 91
74.434017, -14.323297, 185.456745, 92
49.742707, 18.829652, 176.381002, 93
55.068131, 16.908442, 222.123050, 94
45.474438, -22.866533, 173.345373, 95
45.443371, 2.865852, 196.101566, 96
59.591181, 8.484935, 212.610583, 97
39.589333, 0.595580, 190.403351, 98
39.182915, 41.655712, 167.473603, 99
32.420525, 14.335356, 222.104693, 100
45.563901, 39.239088, 189.688648, 101
67.112378, 25.324641, 198.501829, 102
29.293489, -13.281111, 171.748415, 103
51.118378, 22.158020, 211.793408, 104
49.965710, -20.716000, 212.063393, 105
68.754989, 5.098197, 169.346119, 106
41.581251, 45.060388, 200.967563, 107
30.916116, -3.698785, 155.980046, 108
66.763712, 15.855136, 220.772280, 109
79.681156, 28.646671, 189.524583, 110
78.510151, -14.137900, 183.180643, 111
44.923164, 33.345494, 162.922277, 112
20.149346, 43.010002, 172.777632, 113
37.341651, 5.779913, 218.072227, 114
25.859375, 36.116651, 220.492606, 115
83.366509, 16.523170, 180.007770, 116
29.437016, 38.475438, 179.485144, 117
75.848399, -18.956919, 198.922831, 118
77.272314, 28.177810, 169.194944, 119
74.768919, 19.510499, 220.978110, 120
41.017860, 9.672195, 161.257147, 121
69.642353, 34.966367, 217.739152, 122
78.008476, 35.486725, 215.166135, 123
27.510462, -15.520085, 175.362968, 124
22.306943, -9.289702, 165.896620, 125
88.243367, -14.271667, 205.556296, 126
44.975504, -4.463628, 198.448707, 127
