x coord, y coord, z coord, scalar
175.360673, 39.577812, 108.391664, 0
175.520326, 66.312593, 143.755517, 1
205.264642, 62.393965, 114.000909, 2
177.422660, 23.112298, 116.953495, 3
186.841530, 64.319974, 123.233340, 4
174.165043, 41.022719, 152.565610, 5
216.172603, 43.167983, 140.764919, 6
173.028470, 37.612671, 135.444675, 7
178.634708, 6.792552, 130.585387, 8
185.667209, 7.216023, 113.713497, 9
210.232357, 19.452726, 148.672878, 10210.624339, 31.849026, 141.647194, 11177.660312, 5.270320, 130.702463, 12183.661491, 19.569062, 149.196294, 13192.616335, 43.287318, 140.188867, 14207.848961, 54.327693, 176.581682, 15183.694608, 38.656989, 146.412698, 16216.459400, 48.561388, 110.685145, 17175.184712, 64.072193, 112.858945, 18197.770127, 17.895981, 115.455954, 19203.483842, 65.004414, 130.290034, 20175.436944, 43.785410, 157.520944, 21209.083824, 58.321753, 158.172302, 22231.786314, 10.139868, 173.122233, 23204.262791, 39.631032, 143.072576, 24167.720895, 15.636813, 124.059679, 25167.582855, 36.207500, 158.098079, 26205.993958, 20.823421, 133.320693, 27208.679423, 32.884160, 124.053971, 28213.538603, 67.530396, 137.331891, 29220.994888, 39.170758, 128.997785, 30174.565628, 51.483801, 168.164816, 31224.086087, 28.724152, 153.148170, 32205.538537, 28.667050, 158.669625, 33201.941240, 69.805912, 124.961777, 34168.292139, 5.683413, 135.979897, 35184.351929, 10.142320, 167.568729, 36165.730280, 53.012394, 115.053479, 37191.050988, 29.848466, 143.320600, 38207.105886, 11.543549, 137.511113, 39167.718333, 69.414512, 172.063189, 40188.716292, 12.136712, 150.208747, 41180.161381, 73.098860, 174.314001, 42225.309356, 46.793965, 129.642485, 43207.258846, 16.891769, 126.109949, 44224.220809, 22.059973, 127.174645, 45183.481285, 43.288145, 132.697019, 46174.330303, 45.894334, 112.371940, 47181.383939, 5.102066, 137.601845, 48216.703002, 49.083985, 144.526792, 49177.494652, 53.678459, 140.602869, 50172.838183, 10.551321, 148.120704, 51215.046705, 27.588702, 147.881446, 52212.641085, 21.054647, 121.336522, 53165.564241, 65.189611, 133.609716, 54183.674459, 57.567018, 151.051345, 55202.849157, 9.204810, 121.000380, 56227.547395, 20.411158, 162.276172, 57163.200204, 38.671199, 162.759444, 58192.801934, 23.530756, 138.505017, 59229.328599, 37.901399, 118.844885, 60193.211925, 47.615686, 124.775655, 61164.612976, 30.819000, 147.747539, 62204.494105, 11.616652, 164.183434, 63217.830910, 14.056929, 156.034650, 64174.721171, 34.607486, 140.263292, 65217.772066, 5.613166, 144.849184, 66230.772643, 70.036625, 160.641541, 67216.329203, 70.112882, 125.974217, 68202.368844, 31.071420, 144.887663, 69164.154415, 28.556704, 109.449136, 70174.999473, 58.644630, 152.446388, 71191.776968, 60.133652, 109.926448, 72231.524342, 32.784333, 116.924465, 73218.988063, 18.771829, 126.362548, 74198.303056, 30.369081, 156.352287, 75230.566236, 16.297741, 157.345698, 76198.695863, 15.226962, 154.044225, 77182.617886, 68.432219, 150.818654, 78200.592173, 38.957732, 108.551117, 79168.758906, 39.988254, 132.489374, 80170.208219, 51.863742, 117.795547, 81214.654331, 11.797250, 173.310762, 82216.581101, 11.478164, 132.756579, 83225.505723, 67.342301, 146.909699, 84175.148919, 33.801987, 172.660153, 85223.500179, 32.524781, 115.619089, 86204.126325, 68.096737, 126.227250, 87181.450700, 18.871201, 121.321007, 88224.269205, 56.339400, 155.660378, 89224.820870, 61.974364, 122.309982, 90180.590903, 69.058648, 169.555155, 91190.386702, 51.869565, 108.013472, 92186.977809, 36.607274, 114.872459, 93211.734435, 30.269535, 108.876889, 94181.924619, 42.294695, 138.060389, 95177.864985, 33.951300, 165.966708, 96185.484280, 6.234167, 160.724903, 97203.711713, 24.560938, 174.977358, 98217.033018, 16.986703, 157.978369, 99195.973728, 9.964152, 146.614377, 10210.283808, 27.431046, 142.334820, 10203.119380, 54.693833, 120.865163, 10203.133229, 9.828238, 152.854387, 10210.006499, 58.438732, 109.785143, 10210.883696, 8.519901, 147.461206, 10172.224589, 23.260966, 108.073850, 10230.190911, 45.621295, 109.689235, 10214.196142, 17.489583, 129.631338, 10212.453783, 71.398679, 141.999398, 10193.712335, 35.529055, 147.348894, 11163.607192, 13.969464, 170.157038, 11197.941796, 53.964849, 151.513344, 11210.807503, 25.254668, 156.722254, 11186.942263, 72.137239, 141.822317, 11188.727754, 51.177583, 145.724500, 11228.188758, 60.278168, 164.365570, 11228.262822, 58.625647, 136.648413, 11229.952191, 40.978388, 149.519300, 11182.864146, 21.588775, 147.579907, 11216.863539, 52.177245, 109.769987, 12187.488736, 52.660528, 119.120163, 12180.926131, 18.758837, 168.467128, 12224.438589, 66.442396, 120.383135, 12204.440913, 21.541209, 119.181715, 12169.543719, 47.144948, 165.741086, 12207.267052, 43.490215, 152.681696, 12194.912975, 39.909704, 137.967025, 12