x coord, y coord, z coord, scalar
69.932294, 17.120835, 123.537768, 0
81.195223, 7.680530, 136.749014, 1
90.448007, 32.835278, 158.238553, 2
62.438206, -4.325140, 174.558634, 3
51.665136, -14.703519, 156.271544, 4
60.405517, -7.432155, 176.781956, 5
39.613799, 0.189269, 171.211787, 6
61.351242, 19.703153, 165.440258, 7
70.020441, 43.399476, 174.967997, 8
68.338643, 31.166867, 142.555327, 9
46.661359, 7.814569, 181.978383, 10
54.463644, -4.274818, 143.241360, 11
75.477181, -7.111403, 129.659442, 12
49.260772, 30.761689, 147.636474, 13
39.364297, -10.857665, 155.235048, 14
79.900488, 24.982695, 170.105141, 15
72.227377, 40.031374, 123.877035, 16
58.984088, 8.097992, 165.882414, 17
39.969294, -15.166127, 162.864527, 18
30.482356, 28.607376, 147.614012, 19
57.302186, -18.015877, 177.730791, 20
54.825546, 11.882656, 127.038557, 21
82.331569, -5.924763, 142.229317, 22
27.536065, 18.770893, 126.573671, 23
59.437060, 33.570106, 138.018116, 24
30.217220, 20.185998, 116.583479, 25
84.586862, -0.871229, 178.917026, 26
92.728412, 33.547713, 140.597682, 27
74.155778, -19.767559, 147.733664, 28
52.565296, -13.850318, 129.923676, 29
84.443829, 18.886758, 134.209983, 30
77.719584, -19.572299, 168.394805, 31
89.022684, 38.194158, 116.052698, 32
46.797051, 41.165106, 157.125736, 33
57.635256, 7.317559, 144.278424, 34
79.917877, 12.969666, 118.047160, 35
80.765878, 4.271928, 139.478075, 36
75.227918, 3.715746, 126.608453, 37
31.370631, -15.413060, 129.143040, 38
63.368829, 12.587114, 137.594857, 39
77.557053, 3.746344, 178.783820, 40
27.312070, -11.818650, 181.513680, 41
79.971373, -16.080575, 173.290491, 42
80.288589, 6.151353, 168.038258, 43
52.959355, 39.221485, 128.938470, 44
81.502373, 25.854763, 164.210294, 45
83.814050, 13.336045, 122.064880, 46
38.837164, -4.720604, 148.082650, 47
49.710295, 2.084915, 154.971310, 48
63.117729, 40.888589, 121.141640, 49
84.977130, 25.161042, 147.190137, 50
79.305959, 27.907998, 157.673628, 51
76.364641, 14.594774, 163.895211, 52
65.200142, 1.598769, 123.629204, 53
48.783420, 29.993006, 116.433370, 54
61.986419, 18.210775, 164.590306, 55
41.741729, 8.740238, 131.508964, 56
48.071135, 23.012291, 149.090497, 57
80.418412, -20.562160, 173.477559, 58
50.935326, 17.990458, 167.948835, 59
56.341483, 9.682983, 146.692433, 60
87.796113, -4.295655, 128.183170, 61
61.014756, -21.215626, 165.080133, 62
40.455009, 19.419413, 120.261527, 63
48.348749, 43.637713, 172.556700, 64
49.046650, 12.339526, 144.350074, 65
29.181961, 29.516134, 175.392530, 66
44.955432, -15.697331, 151.987370, 67
78.310498, 40.155956, 153.727463, 68
67.333072, -2.193332, 125.300559, 69
50.826913, 29.583019, 157.285716, 70
81.783929, 24.094533, 175.292219, 71
25.512134, -8.175278, 176.378772, 72
74.856758, 7.714593, 149.380801, 73
79.382807, 31.498228, 146.601194, 74
67.484525, -12.739737, 181.242906, 75
27.379693, -8.122873, 164.341680, 76
87.036729, 12.267458, 170.946474, 77
54.569282, -2.706773, 164.685813, 78
92.561204, 40.061315, 116.074424, 79
33.406817, -2.396348, 167.959652, 80
74.957043, -13.897052, 145.636769, 81
65.794275, -12.950051, 159.763650, 82
57.718061, 37.341611, 121.060908, 83
91.363389, 23.439817, 174.861297, 84
53.509617, -2.360249, 184.423780, 85
50.297513, 0.454335, 129.883430, 86
30.184198, -5.793511, 164.453115, 87
85.395180, 24.210577, 184.048602, 88
65.625305, 23.487185, 177.692595, 89
65.964237, 32.328888, 128.878858, 90
49.468862, 14.001342, 137.283924, 91
79.370152, -13.488977, 146.636074, 92
54.678839, 19.663972, 137.560337, 93
60.004263, 17.742763, 183.302362, 94
50.410572, -22.032215, 134.524712, 95
50.379476, 3.700197, 157.280986, 96
64.527314, 9.319257, 173.789887, 97
44.525453, 1.429898, 151.582791, 98
44.119047, 42.490031, 128.652930, 99
37.356656, 15.169675, 183.284003, 100
50.500032, 40.073408, 150.867973, 101
72.048511, 26.158962, 159.681153, 102
34.229621, -12.446793, 132.927754, 103
56.054509, 22.992341, 172.972722, 104
54.901846, -19.881682, 173.242692, 105
73.691122, 5.932517, 130.525451, 106
46.517383, 45.894707, 162.146886, 107
35.852248, -2.864466, 117.159378, 108
71.699845, 16.689456, 181.951595, 109
84.617288, 29.480991, 150.703908, 110
83.446285, -13.303580, 144.359972, 111
49.859296, 34.179813, 124.101605, 112
25.085478, 43.844321, 133.956957, 113
42.277781, 6.614232, 179.251521, 114
30.795507, 36.950970, 181.671925, 115
88.302642, 17.357490, 141.187097, 116
34.373148, 39.309757, 140.664470, 117
80.784534, -18.122600, 160.102154, 118
82.208446, 29.012129, 130.374271, 119
79.705052, 20.344819, 182.157428, 120
45.953992, 10.506514, 122.436481, 121
74.578485, 35.800687, 178.918472, 122
82.944608, 36.321045, 176.345456, 123
32.446594, -14.685768, 136.542306, 124
27.243076, -8.455384, 127.075953, 125
93.179501, -13.437347, 166.735618, 126
49.911636, -3.629310, 159.628032, 127
