x coord, y coord, z coord, scalar
90.057165, -4.411832, 510.154769, 0
101.320093, -13.852140, 523.366019, 1
110.572878, 11.302610, 544.855626, 2
82.563073, -25.857825, 561.176108, 3
71.789920, -36.236196, 542.888203, 4
80.530379, -28.964835, 563.399428, 5
59.738679, -21.343365, 557.829426, 6
81.476125, -1.829520, 552.057393, 7
90.145313, 21.866810, 561.585091, 8
88.463516, 9.634199, 529.172359, 9
66.786236, -13.718093, 568.595731, 10
74.588511, -25.807494, 529.857775, 11
95.602049, -28.644072, 516.276421, 12
69.385649, 9.229024, 534.253499, 13
59.489130, -32.390278, 541.851770, 14
100.025361, 3.450026, 556.722242, 15
92.352248, 18.498708, 510.494078, 16
79.108990, -13.434700, 552.499786, 17
60.094125, -36.698759, 549.481772, 18
50.607231, 7.074715, 534.231048, 19
77.427042, -39.548548, 564.348116, 20
74.950418, -9.650010, 513.655497, 21
102.456436, -27.457436, 528.846323, 22
47.660936, -2.761769, 513.190677, 23
79.561934, 12.037440, 524.635140, 24
50.342091, -1.346665, 503.200496, 25
104.711730, -22.403900, 565.534161, 26
112.853282, 12.015046, 527.214739, 27
94.280640, -41.300233, 534.350662, 28
72.690160, -35.382984, 516.540562, 29
104.568700, -2.645910, 520.827013, 30
97.844447, -41.104973, 555.011927, 31
109.147554, 16.661492, 502.669749, 32
66.921926, 19.632442, 543.742805, 33
77.760140, -14.215117, 530.895138, 34
100.042747, -8.563001, 504.664182, 35
100.890748, -17.260744, 526.095075, 36
95.352788, -17.816923, 513.225441, 37
51.495496, -36.945720, 515.760000, 38
83.493704, -8.945556, 524.211777, 39
97.681923, -17.786329, 565.400988, 40
47.436936, -33.351307, 568.130881, 41
100.096237, -37.613248, 559.907627, 42
100.413460, -15.381322, 554.655379, 43
73.084227, 17.688820, 515.555503, 44
101.627246, 4.322093, 550.827379, 45
103.938920, -8.196622, 508.681905, 46
58.962030, -26.253236, 534.699169, 47
69.835337, -19.447746, 541.586080, 48
83.242599, 19.355924, 507.758680, 49
105.102002, 3.628373, 533.807187, 50
99.430832, 6.375329, 544.290698, 51
96.489516, -6.937900, 550.512310, 52
85.325011, -19.933899, 510.246162, 53
68.908291, 8.460342, 503.050392, 54
82.111304, -3.321898, 551.207441, 55
61.866602, -12.792424, 518.125865, 56
68.196017, 1.479628, 535.707483, 57
100.543277, -42.094831, 560.094686, 58
71.060215, -3.542208, 554.566042, 59
76.466372, -11.849693, 533.309169, 60
107.920981, -25.828323, 514.800192, 61
81.139603, -42.748304, 551.697316, 62
60.579880, -2.113251, 506.878524, 63
68.473623, 22.105048, 559.173796, 64
69.171536, -9.193138, 530.966868, 65
49.306835, 7.983473, 562.009646, 66
65.080258, -37.229978, 538.604005, 67
98.435370, 18.623289, 540.344529, 68
87.457941, -23.726000, 511.917514, 69
70.951793, 8.050354, 543.902778, 70
101.908801, 2.561864, 561.909327, 71
45.637001, -29.707931, 562.995971, 72
94.981631, -13.818084, 535.997795, 73
99.507679, 9.965560, 533.218244, 74
87.609389, -34.272410, 567.860151, 75
47.504557, -29.655516, 550.958827, 76
107.161599, -9.265213, 557.563579, 77
74.694183, -24.239609, 551.305894, 78
112.686073, 18.528649, 502.691478, 79
53.531688, -23.928981, 554.576987, 80
95.081907, -35.429728, 532.253745, 81
85.919125, -34.482746, 546.380729, 82
77.842932, 15.808946, 507.677941, 83
111.488259, 1.907149, 561.478393, 84
73.634486, -23.892916, 571.041166, 85
70.422383, -21.078330, 516.500286, 86
50.309063, -27.326147, 551.070302, 87
105.520051, 2.677909, 570.665713, 88
85.750180, 1.954516, 564.309745, 89
86.089109, 10.796222, 515.495883, 90
69.593739, -7.531323, 523.900806, 91
99.495017, -35.021651, 533.253081, 92
74.803716, -1.868694, 524.177283, 93
80.129138, -3.789905, 569.919562, 94
70.535433, -43.564880, 521.141621, 95
70.504540, -17.832482, 543.897044, 96
84.652193, -12.213420, 560.407162, 97
64.650369, -20.102717, 538.198640, 98
64.243919, 20.957367, 515.269969, 99
57.481531, -6.362986, 569.901211, 100
70.624907, 18.540743, 537.485028, 101
92.173386, 4.626292, 546.298227, 102
54.354486, -33.979452, 519.544669, 103
76.179389, 1.459674, 559.589891, 104
75.026695, -41.414353, 559.860028, 105
93.815992, -15.600152, 517.142427, 106
66.642256, 24.362043, 548.763964, 107
55.977117, -24.397129, 503.776359, 108
91.824718, -4.843214, 568.568756, 109
104.742160, 7.948322, 537.320967, 110
103.571151, -34.836252, 530.976991, 111
69.984168, 12.647148, 510.718629, 112
45.210349, 22.311658, 520.574007, 113
62.402659, -14.918425, 565.868899, 114
50.920379, 15.418307, 568.289035, 115
108.427513, -4.175179, 527.804137, 116
54.498021, 17.777094, 527.281513, 117
100.909398, -39.655274, 546.719231, 118
102.333317, 7.479462, 516.991309, 119
99.829923, -1.187850, 568.774554, 120
66.078863, -11.026150, 509.053440, 121
94.703357, 14.268020, 565.535577, 122
103.069480, 14.788378, 562.962551, 123
52.571458, -36.218426, 523.159226, 124
47.367943, -29.988044, 513.692926, 125
113.304368, -34.970018, 553.352708, 126
70.036506, -25.161969, 546.245091, 127
