x coord, y coord, z coord, scalar
100.776706, -6.194024, 727.941078, 0
112.039634, -15.634333, 741.152330, 1
121.292419, 9.520419, 762.641977, 2
93.282613, -27.640022, 778.962694, 3
82.509437, -38.018391, 760.674311, 4
91.249919, -30.747030, 781.186012, 5
70.458223, -23.125547, 775.616109, 6
92.195670, -3.611712, 769.843781, 7
100.864855, 20.084619, 779.371455, 8
99.183058, 7.852008, 746.958685, 9
77.505779, -15.500284, 786.382242, 10
85.308051, -27.589688, 747.643740, 11
106.321589, -30.426265, 734.062716, 12
80.105192, 7.446834, 752.039822, 13
70.208660, -34.172454, 759.637915, 14
110.744903, 1.667834, 774.508609, 15
103.071789, 16.716517, 728.280411, 16
89.828541, -15.216898, 770.286312, 17
70.813655, -38.480941, 767.268223, 18
61.326773, 5.292526, 752.017377, 19
88.146579, -41.330741, 782.134615, 20
85.669960, -11.432201, 731.441770, 21
113.175977, -29.239629, 746.632634, 22
58.380478, -4.543959, 730.976989, 23
90.281476, 10.255249, 742.421462, 24
61.061632, -3.128856, 720.986814, 25
115.431271, -24.186093, 783.320548, 26
123.572823, 10.232854, 745.001080, 27
105.000179, -43.082427, 752.136970, 28
83.409699, -37.165175, 734.326803, 29
115.288241, -4.428102, 738.613339, 30
108.563986, -42.887167, 772.798306, 31
119.867095, 14.879301, 720.456087, 32
77.641468, 17.850251, 761.529153, 33
88.479685, -15.997310, 748.681278, 34
110.762288, -10.345193, 722.450503, 35
111.610289, -19.042936, 743.881382, 36
106.072329, -19.599115, 731.011742, 37
62.215036, -38.727910, 733.546285, 38
94.213247, -10.727749, 741.998038, 39
108.401464, -19.568522, 783.187394, 40
58.156476, -35.133495, 785.917307, 41
110.815777, -39.395442, 777.694014, 42
111.133002, -17.163516, 772.441758, 43
83.803768, 15.906629, 733.341830, 44
112.346788, 2.539901, 768.613737, 45
114.658461, -9.978814, 726.468228, 46
69.681569, -28.035418, 752.485195, 47
80.554926, -21.229933, 759.371081, 48
93.962141, 17.573733, 725.545011, 49
115.821543, 1.846181, 751.593525, 50
110.150374, 4.593137, 762.077046, 51
107.209059, -8.720093, 768.298676, 52
96.044552, -21.716090, 728.032446, 53
79.627832, 6.678151, 720.836713, 54
92.830849, -5.104091, 768.993827, 55
72.586144, -14.574613, 735.912114, 56
78.915562, -0.302563, 753.493783, 57
111.262816, -43.877024, 777.881068, 58
81.779762, -5.324399, 772.352471, 59
87.185919, -13.631886, 751.095322, 60
118.640522, -27.610515, 732.586513, 61
91.859137, -44.530498, 769.483732, 62
71.299421, -3.895441, 724.664830, 63
79.193165, 20.322858, 776.960160, 64
79.891082, -10.975328, 748.753056, 65
60.026377, 6.201283, 779.796022, 66
75.799786, -39.012164, 756.390100, 67
109.154912, 16.841097, 758.130876, 68
98.177481, -25.508192, 729.703796, 69
81.671336, 6.268163, 761.689122, 70
112.628343, 0.779672, 779.695699, 71
56.356541, -31.490119, 780.782395, 72
105.701174, -15.600278, 753.784099, 73
110.227221, 8.183368, 751.004582, 74
98.328928, -36.054603, 785.646602, 75
58.224096, -31.437701, 768.745221, 76
117.881141, -11.047406, 775.349948, 77
85.413734, -26.021846, 769.094006, 78
123.405614, 16.746458, 720.477817, 79
64.251229, -25.711163, 772.363490, 80
105.801446, -37.211922, 750.040039, 81
96.638661, -36.264946, 764.167083, 82
88.562473, 14.026755, 725.464268, 83
122.207801, 0.124957, 779.264757, 84
84.354027, -25.675108, 788.827701, 85
81.141924, -22.860521, 734.286510, 86
61.028603, -29.108330, 768.856719, 87
116.239592, 0.895717, 788.452085, 88
96.469723, 0.172324, 782.096141, 89
96.808651, 9.014031, 733.282206, 90
80.313283, -9.313514, 741.687045, 91
110.214557, -36.803844, 751.039393, 92
85.523259, -3.650885, 741.963560, 93
90.848681, -5.572097, 787.705987, 94
81.254971, -45.347071, 738.927876, 95
81.224134, -19.614674, 761.682800, 96
95.371737, -13.995614, 778.193631, 97
75.369922, -21.884893, 755.984274, 98
74.963460, 19.175176, 733.056300, 99
68.201073, -8.145175, 787.687641, 100
81.344449, 16.758552, 755.271368, 101
102.892929, 2.844100, 764.084579, 102
65.074026, -35.761641, 737.330928, 103
86.898933, -0.322518, 777.376298, 104
85.746231, -43.196545, 777.646532, 105
104.535533, -17.382345, 734.928720, 106
77.361798, 22.579852, 766.550318, 107
66.696657, -26.179319, 721.562655, 108
102.544260, -6.625406, 786.355157, 109
115.461702, 6.166131, 755.107310, 110
114.290691, -36.618445, 748.763311, 111
80.703709, 10.864958, 728.504951, 112
55.929890, 20.529468, 738.360345, 113
73.122203, -16.700614, 783.655428, 114
61.639921, 13.636117, 786.075407, 115
119.147054, -5.957371, 745.590468, 116
65.217562, 15.994903, 745.067847, 117
111.628937, -41.437467, 764.505584, 118
113.052858, 5.697271, 734.777640, 119
110.549465, -2.970042, 786.560935, 120
76.798405, -12.808341, 726.839724, 121
105.422899, 12.485829, 783.321946, 122
113.789021, 13.006186, 780.748914, 123
63.290997, -38.000614, 740.945487, 124
58.087484, -31.770234, 731.479218, 125
124.023908, -36.752210, 771.139068, 126
80.756047, -26.944158, 764.031433, 127
