x coord, y coord, z coord, scalar
74.151344, 19.911070, 214.562830, 0
85.414273, 10.470765, 227.774078, 1
94.667057, 35.625513, 249.263632, 2
66.657254, -1.534908, 265.583804, 3
55.884169, -11.913279, 247.296529, 4
64.624565, -4.641921, 267.807125, 5
43.832854, 2.979509, 262.236994, 6
65.570294, 22.493386, 256.465351, 7
74.239491, 46.189712, 265.993081, 8
72.557693, 33.957102, 233.580396, 9
50.880411, 10.604805, 273.003524, 10
58.682693, -1.484584, 234.266290, 11
79.696231, -4.321168, 220.684500, 12
53.479824, 33.551924, 238.661542, 13
43.583344, -8.067417, 246.260048, 14
84.119539, 27.772930, 261.130226, 15
76.446427, 42.821610, 214.902107, 16
63.203142, 10.888220, 256.907561, 17
44.188339, -12.375882, 253.889645, 18
34.701407, 31.397612, 238.639083, 19
61.521233, -15.225641, 268.755927, 20
59.044597, 14.672891, 218.063605, 21
86.550618, -3.134529, 233.254381, 22
31.755116, 21.561130, 217.598735, 23
63.656111, 36.360341, 229.043184, 24
34.436271, 22.976234, 207.608545, 25
88.805911, 1.919006, 269.942119, 26
96.947462, 36.337948, 231.622758, 27
78.374827, -16.977324, 238.758726, 28
56.784345, -11.060082, 220.948712, 29
88.662880, 21.676993, 225.235053, 30
81.938633, -16.782065, 259.419895, 31
93.241734, 40.984394, 207.077772, 32
51.016102, 43.955342, 248.150814, 33
61.854308, 10.107792, 235.303421, 34
84.136927, 15.759901, 209.072228, 35
84.984928, 7.062163, 230.503137, 36
79.446968, 6.505981, 217.633513, 37
35.589680, -12.622823, 220.168093, 38
67.587880, 15.377349, 228.619901, 39
81.776103, 6.536578, 269.808920, 40
31.531120, -9.028413, 272.538788, 41
84.190421, -13.290341, 264.315584, 42
84.507639, 8.941587, 259.063348, 43
57.178406, 42.011720, 219.963540, 44
85.721424, 28.644997, 255.235376, 45
88.033100, 16.126280, 213.089948, 46
43.056216, -1.930362, 239.107604, 47
53.929378, 4.875139, 245.995868, 48
67.336779, 43.678825, 212.166711, 49
89.196181, 27.951277, 238.215210, 50
83.525010, 30.698233, 248.698706, 51
80.583692, 17.385008, 254.920295, 52
69.419192, 4.389005, 214.654257, 53
53.002470, 32.783242, 207.458438, 54
66.205472, 21.001009, 255.615399, 55
45.960781, 11.530474, 222.534004, 56
52.290188, 25.802527, 240.115556, 57
84.637461, -17.771925, 264.502650, 58
55.154380, 20.780692, 258.973944, 59
60.560536, 12.473215, 237.717436, 60
92.015163, -1.505420, 219.208237, 61
65.233801, -18.425390, 256.105237, 62
44.674059, 22.209649, 211.286588, 63
52.567800, 46.427948, 263.581784, 64
53.265703, 15.129761, 235.375090, 65
33.401012, 32.306371, 266.417618, 66
49.174475, -12.907089, 243.012349, 67
82.529549, 42.946191, 244.752541, 68
71.552122, 0.596904, 216.325611, 69
55.045965, 32.373254, 248.310792, 70
86.002979, 26.884768, 266.317306, 71
29.731185, -5.385040, 267.403880, 72
79.075808, 10.504826, 240.405862, 73
83.601858, 34.288463, 237.626268, 74
71.703574, -9.949502, 272.268024, 75
31.598743, -5.332632, 255.366776, 76
91.255779, 15.057692, 261.971560, 77
58.788326, 0.083429, 255.711573, 78
96.780254, 42.851551, 207.099499, 79
37.625870, 0.393894, 258.984790, 80
79.176092, -11.106818, 236.661826, 81
70.013320, -10.159819, 250.788730, 82
61.937111, 40.131847, 212.085978, 83
95.582439, 26.230053, 265.886381, 84
57.728667, 0.429987, 275.448930, 85
54.516563, 3.244571, 220.908460, 86
34.403249, -3.003270, 255.478220, 87
89.614230, 27.000812, 275.073690, 88
69.844356, 26.277419, 268.717691, 89
70.183288, 35.119124, 219.903926, 90
53.687913, 16.791577, 228.308959, 91
83.589200, -10.698742, 237.661138, 92
58.897890, 22.454207, 228.585388, 93
64.223314, 20.532998, 274.327469, 94
54.629620, -19.241979, 225.549754, 95
54.598561, 6.490416, 248.305835, 96
68.746365, 12.109490, 264.815012, 97
48.744515, 4.220139, 242.607592, 98
48.338098, 45.280267, 219.678001, 99
41.575708, 17.959911, 274.309113, 100
54.719084, 42.863643, 241.893048, 101
76.267562, 28.949196, 250.706232, 102
38.448671, -9.656556, 223.952797, 103
60.273561, 25.782576, 263.997823, 104
59.120892, -17.091446, 264.267830, 105
77.910172, 8.722752, 221.550508, 106
50.736434, 48.684943, 253.171966, 107
40.071298, -0.074230, 208.184436, 108
75.918895, 19.479691, 272.976694, 109
88.836339, 32.271226, 241.728984, 110
87.665334, -10.513345, 235.385039, 111
54.078347, 36.970049, 215.126673, 112
29.304529, 46.634557, 224.982031, 113
46.496834, 9.404469, 270.276669, 114
35.014558, 39.741206, 272.697013, 115
92.521692, 20.147725, 232.212168, 116
38.592199, 42.099993, 231.689542, 117
85.003582, -15.332365, 251.127234, 118
86.427496, 31.802365, 221.399342, 119
83.924102, 23.135054, 273.182519, 120
50.173043, 13.296750, 213.461534, 121
78.797536, 38.590922, 269.943558, 122
87.163659, 39.111280, 267.370540, 123
36.665644, -11.895530, 227.567350, 124
31.462126, -5.665147, 218.101009, 125
97.398550, -10.647112, 257.760700, 126
54.130687, -0.839073, 250.653107, 127
