x coord, y coord, z coord, scalar
69.045024, 15.874927, 129.628010, 0
80.307953, 6.434622, 142.839257, 1
89.560738, 31.589370, 164.328797, 2
61.550936, -5.571049, 180.648884, 3
50.777863, -15.949426, 162.361782, 4
59.518247, -8.678064, 182.872206, 5
38.726531, -1.056638, 177.302039, 6
60.463973, 18.457244, 171.530503, 7
69.133171, 42.153568, 181.058241, 8
67.451373, 29.920959, 148.645570, 9
45.774090, 6.568661, 188.068631, 10
53.576374, -5.520726, 149.331594, 11
74.589912, -8.357311, 135.749685, 12
48.373503, 29.515781, 153.726717, 13
38.477026, -12.103571, 161.325287, 14
79.013219, 23.736787, 176.195385, 15
71.340107, 38.785466, 129.967279, 16
58.096819, 6.852082, 171.972662, 17
39.082023, -16.412033, 168.954774, 18
29.595087, 27.361468, 153.704256, 19
56.414916, -19.261785, 183.821038, 20
53.938276, 10.636748, 133.128798, 21
81.444299, -7.170672, 148.319560, 22
26.648796, 17.524985, 132.663914, 23
58.549791, 32.324198, 144.108359, 24
29.329951, 18.940090, 122.673722, 25
83.699592, -2.117137, 185.007271, 26
91.841142, 32.301805, 146.687926, 27
73.268508, -21.013467, 153.823907, 28
51.678026, -15.096226, 136.013917, 29
83.556560, 17.640850, 140.300227, 30
76.832314, -20.818208, 174.485050, 31
88.135414, 36.948250, 122.142941, 32
45.909782, 39.919198, 163.215980, 33
56.747986, 6.071651, 150.368662, 34
79.030608, 11.723758, 124.137403, 35
79.878608, 3.026020, 145.568318, 36
74.340649, 2.469837, 132.698696, 37
30.483361, -16.658968, 135.233282, 38
62.481559, 11.341206, 143.685098, 39
76.669783, 2.500436, 184.874065, 40
26.424801, -13.064558, 187.603926, 41
79.084103, -17.326484, 179.380736, 42
79.401319, 4.905444, 174.128503, 43
52.072085, 37.975576, 135.028714, 44
80.615104, 24.608854, 170.300538, 45
82.926781, 12.090137, 128.155123, 46
37.949895, -5.966511, 154.172886, 47
48.823032, 0.839004, 161.061520, 48
62.230459, 39.642681, 127.231884, 49
84.089861, 23.915134, 153.280380, 50
78.418690, 26.662090, 163.763872, 51
75.477372, 13.348866, 169.985455, 52
64.312872, 0.352861, 129.719446, 53
47.896150, 28.747098, 122.523614, 54
61.099150, 16.964867, 170.680551, 55
40.854460, 7.494330, 137.599205, 56
47.183866, 21.766383, 155.180740, 57
79.531142, -21.808068, 179.567804, 58
50.048057, 16.744549, 174.039081, 59
55.454214, 8.437074, 152.782672, 60
86.908843, -5.541563, 134.273413, 61
60.127485, -22.461534, 171.170379, 62
39.567739, 18.173505, 126.351769, 63
47.461480, 42.391805, 178.646944, 64
48.159381, 11.093618, 150.440314, 65
28.294692, 28.270226, 181.482774, 66
44.068161, -16.943238, 158.077607, 67
77.423228, 38.910048, 159.817707, 68
66.445802, -3.439240, 131.390801, 69
49.939644, 28.337111, 163.375960, 70
80.896660, 22.848625, 181.382463, 71
24.624865, -9.421185, 182.469018, 72
73.969488, 6.468685, 155.471044, 73
78.495538, 30.252320, 152.691437, 74
66.597255, -13.985645, 187.333153, 75
26.492423, -9.368780, 170.431925, 76
86.149459, 11.021549, 177.036718, 77
53.682011, -3.952688, 170.776101, 78
91.673934, 38.815407, 122.164668, 79
32.519548, -3.642254, 174.049900, 80
74.069773, -15.142961, 151.727011, 81
64.907004, -14.195960, 165.853894, 82
56.830791, 36.095703, 127.151151, 83
90.476119, 22.193909, 180.951541, 84
52.622347, -3.606157, 190.514029, 85
49.410243, -0.791573, 135.973671, 86
29.296928, -7.039418, 170.543361, 87
84.507911, 22.964668, 190.138847, 88
64.738035, 22.241276, 183.782840, 89
65.076968, 31.082980, 134.969101, 90
48.581592, 12.755433, 143.374165, 91
78.482882, -14.734885, 152.726317, 92
53.791570, 18.418064, 143.650579, 93
59.116993, 16.496854, 189.392608, 94
49.523302, -23.278123, 140.614953, 95
49.492214, 2.454285, 163.371215, 96
63.640044, 8.073349, 179.880134, 97
43.638186, 0.183991, 157.673016, 98
43.231778, 41.244123, 134.743173, 99
36.469387, 13.923767, 189.374249, 100
49.612763, 38.827499, 156.958216, 101
71.161241, 24.913054, 165.771397, 102
33.342351, -13.692701, 139.017995, 103
55.167240, 21.746433, 179.062967, 104
54.014576, -21.127590, 179.332939, 105
72.803852, 4.686609, 136.615694, 106
45.630114, 44.648799, 168.237130, 107
34.964979, -4.110374, 123.249621, 108
70.812575, 15.443548, 188.041841, 109
83.730019, 28.235082, 156.794152, 110
82.559015, -14.549488, 150.450215, 111
48.972026, 32.933905, 130.191848, 112
24.198208, 42.598413, 140.047201, 113
41.390512, 5.368324, 185.341770, 114
29.908237, 35.705062, 187.762170, 115
87.415372, 16.111582, 147.277340, 116
33.485879, 38.063849, 146.754714, 117
79.897264, -19.368508, 166.192398, 118
81.321177, 27.766221, 136.464514, 119
78.817782, 19.098910, 188.247673, 120
45.066723, 9.260606, 128.526724, 121
73.691216, 34.554779, 185.008717, 122
82.057339, 35.075137, 182.435700, 123
31.559324, -15.931676, 142.632547, 124
26.355806, -9.701292, 133.166195, 125
92.292231, -14.683255, 172.825862, 126
49.024367, -4.875218, 165.718275, 127
