x coord, y coord, z coord, scalar
80.411057, 13.767730, 247.736757, 0
91.673986, 4.327424, 260.948005, 1
100.926770, 29.482173, 282.437565, 2
72.916968, -7.678251, 298.757771, 3
62.143871, -18.056628, 280.470427, 4
70.884277, -10.785264, 300.981092, 5
50.092565, -3.163826, 295.410975, 6
71.830009, 16.350046, 289.639289, 7
80.499204, 40.046372, 299.167015, 8
78.817407, 27.813762, 266.754326, 9
57.140124, 4.461465, 306.177480, 10
64.942406, -7.627926, 267.440167, 11
85.955944, -10.464508, 253.858425, 12
59.739537, 27.408585, 271.835471, 13
49.843047, -14.210753, 279.433951, 14
90.379252, 21.629589, 294.304161, 15
82.706140, 36.678270, 248.076037, 16
69.462861, 4.744879, 290.081519, 17
50.448044, -18.519221, 287.063592, 18
40.961120, 25.254273, 271.813012, 19
67.780944, -21.368983, 301.929881, 20
65.304310, 8.529551, 251.237527, 21
92.810331, -9.277870, 266.428308, 22
38.014828, 15.417790, 250.772662, 23
69.915824, 30.217001, 262.217113, 24
40.695983, 16.832894, 240.782473, 25
95.065624, -4.224335, 303.116057, 26
103.207175, 30.194608, 264.796689, 27
84.634539, -23.120666, 271.932652, 28
63.044057, -17.203423, 254.122629, 29
94.922593, 15.533653, 258.408982, 30
88.198345, -22.925407, 292.593832, 31
99.501447, 34.841054, 240.251703, 32
57.275816, 37.812002, 281.324746, 33
68.114023, 3.964452, 268.477324, 34
90.396640, 9.616561, 242.246156, 35
91.244641, 0.918822, 263.677064, 36
85.706681, 0.362640, 250.807438, 37
41.849392, -18.766163, 253.342016, 38
73.847593, 9.234008, 261.793821, 39
88.035816, 0.393237, 302.982861, 40
37.790832, -15.171752, 305.712732, 41
90.450134, -19.433682, 297.489522, 42
90.767352, 2.798245, 292.237285, 43
63.438118, 35.868380, 253.137469, 44
91.981137, 22.501657, 288.409309, 45
94.292813, 9.982940, 246.263876, 46
49.315925, -8.073698, 272.281489, 47
60.189113, -1.268187, 279.169605, 48
73.596492, 37.535485, 245.340641, 49
95.455894, 21.807937, 271.389141, 50
89.784723, 24.554893, 281.872639, 51
86.843406, 11.241667, 288.094230, 52
75.678905, -1.754336, 247.828180, 53
59.262183, 26.639902, 240.632366, 54
72.465187, 14.857668, 288.789337, 55
52.220493, 5.387135, 255.707922, 56
58.549902, 19.659188, 273.289482, 57
90.897173, -23.915266, 297.676587, 58
61.414095, 14.637353, 292.147888, 59
66.820252, 6.329875, 270.891340, 60
98.274876, -7.648760, 252.382166, 61
71.493512, -24.568734, 289.279179, 62
50.933772, 16.066309, 244.460515, 63
58.827513, 40.284609, 296.755718, 64
59.525418, 8.986422, 268.548999, 65
39.660725, 26.163031, 299.591555, 66
55.434181, -19.050430, 276.186245, 67
88.789262, 36.802851, 277.926473, 68
77.811835, -5.546437, 249.499534, 69
61.305679, 26.229915, 281.484724, 70
92.262693, 20.741427, 299.491241, 71
35.990896, -11.528378, 300.577823, 72
85.335522, 4.361485, 273.579788, 73
89.861571, 28.145123, 270.800199, 74
77.963286, -16.092844, 305.441971, 75
37.858454, -11.475970, 288.540715, 76
97.515492, 8.914351, 295.145496, 77
65.048056, -6.059931, 288.885760, 78
103.039966, 36.708211, 240.273430, 79
43.885580, -5.749442, 292.158745, 80
85.435804, -17.250160, 269.835750, 81
76.273032, -16.303165, 283.962663, 82
68.196824, 33.988507, 245.259907, 83
101.842152, 20.086712, 299.060315, 84
63.988380, -5.713354, 308.622889, 85
60.776276, -2.898769, 254.082374, 86
40.662959, -9.146606, 288.652162, 87
95.873943, 20.857471, 308.247626, 88
76.104069, 20.134079, 301.891631, 89
76.443001, 28.975784, 253.077855, 90
59.947627, 10.648238, 261.482876, 91
89.848913, -16.842084, 270.835065, 92
65.157604, 16.310868, 261.759310, 93
70.483027, 14.389658, 307.501413, 94
60.889332, -25.385320, 258.723673, 95
60.858300, 0.347090, 281.479682, 96
75.006080, 5.966149, 297.988962, 97
55.004230, -1.923190, 275.781422, 98
54.597811, 39.136927, 252.851931, 99
47.835420, 11.816572, 307.483057, 100
60.978797, 36.720303, 275.066979, 101
82.527275, 22.805856, 283.880165, 102
44.708382, -15.799895, 257.126716, 103
66.533275, 19.639236, 297.171764, 104
65.380602, -23.234788, 297.441785, 105
84.169885, 2.579412, 254.724433, 106
56.996147, 42.541603, 286.345899, 107
46.331011, -6.217569, 241.358361, 108
82.178608, 13.336350, 306.150634, 109
95.096052, 26.127885, 274.902915, 110
93.925047, -16.656687, 268.558967, 111
60.338059, 30.826709, 248.300601, 112
35.564241, 40.491217, 258.155962, 113
52.756547, 3.261130, 303.450628, 114
41.274270, 33.597867, 305.870949, 115
98.781405, 14.004384, 265.386098, 116
44.851912, 35.956653, 264.863473, 117
91.263295, -21.475707, 284.301167, 118
92.687209, 25.659024, 254.573272, 119
90.183815, 16.991713, 306.356456, 120
56.432755, 7.153410, 246.635457, 121
85.057249, 32.447582, 303.117494, 122
93.423372, 32.967940, 300.544475, 123
42.925355, -18.038870, 260.741270, 124
37.721838, -11.808487, 251.274934, 125
103.658263, -16.790453, 290.934635, 126
60.390399, -6.982412, 283.827039, 127
