x coord, y coord, z coord, scalar
180.446758, 40.282584, 110.391652, 0
180.606410, 67.017365, 145.755520, 1
210.350727, 63.098736, 116.000898, 2
182.508744, 23.817069, 118.953483, 3
191.927615, 65.024746, 125.233329, 4
179.251127, 41.727491, 154.565627, 5
221.258689, 43.872753, 142.764924, 6
178.114553, 38.317443, 137.444671, 7
183.720792, 7.497323, 132.585384, 8
190.753293, 7.920793, 115.713491, 9
215.318442, 20.157496, 150.672887, 10215.710424, 32.553795, 143.647206, 11182.746396, 5.975091, 132.702461, 12188.747574, 20.273833, 151.196306, 13197.702428, 43.992123, 142.189288, 14212.935046, 55.032464, 178.581691, 15188.780689, 39.361762, 148.412756, 16221.545484, 49.266159, 112.685133, 17180.270796, 64.776965, 114.858938, 18202.856211, 18.600752, 117.455941, 19208.569928, 65.709186, 132.290027, 20180.523028, 44.490182, 159.520961, 21214.169909, 59.026525, 160.172315, 22236.872398, 10.844639, 175.122236, 23209.348880, 40.335798, 145.072657, 24172.806979, 16.341584, 126.059674, 25172.668939, 36.912271, 160.098088, 26211.080042, 21.528190, 135.320685, 27213.765508, 33.588930, 126.053942, 28218.624688, 68.235167, 139.331890, 29226.080973, 39.875528, 130.997777, 30179.651712, 52.188573, 170.164827, 31229.172172, 29.428922, 155.148177, 32210.624622, 29.371821, 160.669648, 33207.027325, 70.510683, 126.961770, 34173.378223, 6.388184, 137.979896, 35189.438013, 10.847091, 169.568736, 36170.816364, 53.717166, 117.053472, 37196.137067, 30.553235, 145.320659, 38212.191970, 12.248320, 139.511112, 39172.804418, 70.119283, 174.063193, 40193.802375, 12.841483, 152.208755, 41185.247465, 73.803632, 176.314006, 42230.395441, 47.498736, 131.642480, 43212.344930, 17.596539, 128.109940, 44229.306894, 22.764744, 129.174640, 45188.567367, 43.992920, 134.696973, 46179.416387, 46.599105, 114.371927, 47186.470023, 5.806837, 139.601845, 48221.789088, 49.788755, 146.526801, 49182.580736, 54.383232, 142.602874, 50177.924266, 11.256092, 150.120707, 51220.132790, 28.293472, 149.881457, 52217.727169, 21.759417, 123.336511, 53170.650325, 65.894382, 135.609715, 54188.760544, 58.271790, 153.051361, 55207.935241, 9.909580, 123.000373, 56232.633479, 21.115929, 164.276177, 57168.286288, 39.375970, 164.759451, 58197.888016, 24.235526, 140.505019, 59234.414683, 38.606170, 120.844880, 60198.298011, 48.320459, 126.775586, 61169.699060, 31.523772, 149.747544, 62209.580190, 12.321423, 166.183442, 63222.916994, 14.761700, 158.034655, 64179.807254, 35.312258, 142.263297, 65222.858151, 6.317937, 146.849185, 66235.858728, 70.741396, 162.641544, 67221.415287, 70.817653, 127.974213, 68207.454928, 31.776187, 146.887717, 69169.240500, 29.261475, 111.449129, 70180.085558, 59.349402, 154.446397, 71196.863053, 60.838423, 111.926436, 72236.610427, 33.489103, 118.924460, 73224.074148, 19.476600, 128.362542, 74203.389140, 31.073851, 158.352325, 75235.652320, 17.002512, 159.345701, 76203.781946, 15.931732, 156.044237, 77187.703970, 69.136991, 152.818661, 78205.678257, 39.662502, 110.551096, 79173.844990, 40.693026, 134.489369, 80175.294303, 52.568514, 119.795538, 81219.740416, 12.502021, 175.310767, 82221.667185, 12.182935, 134.756577, 83230.591807, 68.047072, 148.909701, 84180.235003, 34.506758, 174.660163, 85228.586264, 33.229552, 117.619081, 86209.212410, 68.801508, 128.227244, 87186.536783, 19.575972, 123.320996, 88229.355290, 57.044170, 157.660384, 89229.906955, 62.679135, 124.309978, 90185.676988, 69.763420, 171.555161, 91195.472786, 52.574336, 110.013455, 92192.063893, 37.312045, 116.872430, 93216.820519, 30.974306, 110.876876, 94187.010701, 42.999471, 140.060390, 95182.951069, 34.656071, 167.966722, 96190.570364, 6.938938, 162.724909, 97208.797797, 25.265709, 176.977368, 98222.119103, 17.691474, 159.978376, 99201.059812, 10.668923, 148.614383, 10215.369893, 28.135815, 144.334830, 10208.205465, 55.398604, 122.865140, 10208.219313, 10.533008, 154.854394, 10215.092584, 59.143503, 111.785132, 10215.969780, 9.224672, 149.461210, 10177.310674, 23.965738, 110.073841, 10235.276995, 46.326066, 111.689230, 10219.282227, 18.194353, 131.631332, 10217.539868, 72.103451, 143.999399, 10198.798416, 36.233825, 149.349052, 11168.693276, 14.674235, 172.157042, 11203.027882, 54.669621, 153.513378, 11215.893588, 25.959438, 158.722270, 11192.028348, 72.842011, 143.822319, 11193.813840, 51.882358, 147.724544, 11233.274843, 60.982939, 166.365575, 11233.348907, 59.330418, 138.648412, 11235.038276, 41.683158, 151.519304, 11187.950229, 22.293546, 149.579921, 11221.949624, 52.882016, 111.769977, 12192.574820, 53.365300, 121.120137, 12186.012215, 19.463608, 170.467137, 12229.524674, 67.147167, 122.383131, 12209.526997, 22.245980, 121.181699, 12174.629804, 47.849719, 167.741096, 12212.353138, 44.194985, 154.681733, 12199.999058, 40.614476, 139.966988, 12