x coord, y coord, z coord, scalar
189.948015, 37.959129, 114.391626, 0
190.107669, 64.693910, 149.755527, 1
219.851986, 60.775280, 120.000875, 2
192.010000, 21.493614, 122.953458, 3
201.428874, 62.701291, 129.233307, 4
188.752384, 39.404038, 158.565662, 5
230.759948, 41.549293, 146.764935, 6
187.615810, 35.993992, 141.444662, 7
193.222048, 5.173867, 136.585379, 8
200.254550, 5.597338, 119.713478, 9
224.819698, 17.834038, 154.672907, 10225.211681, 30.230333, 147.647231, 11192.247652, 3.651635, 136.702456, 12198.248829, 17.950377, 155.196332, 13207.203744, 41.668733, 146.190154, 14222.436304, 52.709008, 182.581710, 15198.281944, 37.038314, 152.412874, 16231.046743, 46.942702, 116.685110, 17189.772055, 62.453510, 118.858922, 18212.357468, 16.277296, 121.455913, 19218.071188, 63.385730, 136.290013, 20190.024286, 42.166728, 163.520996, 21223.671168, 56.703068, 164.172342, 22246.373656, 8.521183, 179.122243, 23218.850141, 38.012326, 149.072822, 24182.308235, 14.018129, 130.059665, 25182.170196, 34.588817, 164.098108, 26220.581297, 19.204732, 139.320669, 27223.266765, 31.265471, 130.053881, 28228.125948, 65.911711, 143.331890, 29235.582232, 37.552069, 134.997760, 30189.152970, 49.865118, 174.164848, 31238.673429, 27.105465, 159.148191, 32220.125878, 27.048363, 164.669695, 33216.528584, 68.187228, 130.961756, 34182.879479, 4.064728, 141.979895, 35198.939270, 8.523635, 173.568750, 36180.317622, 51.393711, 121.053457, 37205.638311, 28.229781, 149.320779, 38221.693225, 9.924862, 143.511112, 39182.305676, 67.795828, 178.063203, 40203.303631, 10.518027, 156.208771, 41194.748723, 71.480176, 180.314017, 42239.896699, 45.175278, 135.642470, 43221.846186, 15.273082, 132.109920, 44238.808151, 20.441287, 133.174631, 45198.068625, 41.669476, 138.696880, 46188.917645, 44.275651, 118.371900, 47195.971279, 3.483382, 143.601845, 48231.290347, 47.465297, 150.526818, 49192.081996, 52.059780, 146.602883, 50187.425523, 8.932637, 154.120714, 51229.634046, 25.970013, 153.881480, 52227.228426, 19.435960, 127.336489, 53180.151584, 63.570928, 139.609712, 54198.261803, 55.948336, 157.051395, 55217.436498, 7.586124, 127.000359, 56242.134737, 18.792473, 168.276188, 57177.787546, 37.052516, 168.759466, 58207.389266, 21.912069, 144.505024, 59243.915941, 36.282713, 124.844867, 60207.799272, 45.997005, 130.775443, 61179.200317, 29.200317, 153.747554, 62219.081446, 9.997967, 170.183459, 63232.418251, 12.438243, 162.034667, 64189.308509, 32.988806, 146.263307, 65232.359408, 3.994480, 150.849189, 66245.359986, 68.417940, 166.641550, 67230.916546, 68.494197, 131.974205, 68216.956179, 29.452723, 150.887828, 69178.741757, 26.938020, 115.449116, 70189.586816, 57.025948, 158.446416, 71206.364311, 58.514968, 115.926409, 72246.111685, 31.165646, 122.924450, 73233.575405, 17.153142, 132.362530, 74212.890395, 28.750394, 162.352403, 75245.153577, 14.679056, 163.345709, 76213.283202, 13.608276, 160.044261, 77197.205229, 66.813536, 156.818674, 78215.179515, 37.339046, 114.551053, 79183.346247, 38.369574, 138.489358, 80184.795561, 50.245060, 123.795518, 81229.241673, 10.178565, 179.310779, 82231.168442, 9.859477, 138.756572, 83240.093066, 65.723615, 152.909706, 84189.736260, 32.183303, 178.660184, 85238.087522, 30.906095, 121.619064, 86218.713670, 66.478052, 132.227229, 87196.038039, 17.252517, 127.320972, 88238.856548, 54.720714, 161.660397, 89239.408213, 60.355679, 128.309969, 90195.178246, 67.439964, 175.555175, 91204.974045, 50.250881, 114.013421, 92201.565150, 34.988590, 120.872369, 93226.321777, 28.650849, 114.876850, 94196.511958, 40.676027, 144.060392, 95192.452326, 32.332617, 171.966752, 96200.071621, 4.615482, 166.724922, 97218.299054, 22.942253, 180.977389, 98231.620360, 15.368017, 163.978391, 99210.561068, 8.345466, 152.614394, 10224.871148, 25.812355, 148.334851, 10217.706725, 53.075148, 126.865092, 10217.720570, 8.209552, 158.854408, 10224.593843, 56.820047, 115.785110, 10225.471036, 6.901215, 153.461218, 10186.811931, 21.642282, 114.073825, 10244.778253, 44.002609, 115.689218, 10228.783483, 15.870896, 135.631321, 10227.041127, 69.779994, 147.999403, 10208.299665, 33.910369, 153.349377, 11178.194534, 12.350779, 176.157051, 11212.529144, 52.346165, 157.513447, 11225.394844, 23.635981, 162.722301, 11201.529608, 70.518556, 147.822323, 11203.315104, 49.558907, 151.724634, 11242.776101, 58.659483, 170.365585, 11242.850166, 57.006961, 142.648411, 11244.539534, 39.359701, 155.519313, 11197.451484, 19.970091, 153.579948, 11231.450882, 50.558560, 115.769956, 12202.076080, 51.041846, 125.120083, 12195.513472, 17.140152, 174.467156, 12239.025932, 64.823711, 126.383123, 12219.028253, 19.922523, 125.181665, 12184.131061, 45.526264, 171.741115, 12221.854397, 41.871526, 158.681810, 12209.500314, 38.291023, 143.966910, 12