x coord, y coord, z coord, scalar
86.190306, -5.466671, 560.954606, 0
97.453234, -14.906980, 574.165857, 1
106.706019, 10.247771, 595.655473, 2
78.696212, -26.912666, 611.976010, 3
67.923050, -37.291029, 593.687993, 4
76.663519, -30.019674, 614.199329, 5
55.871824, -22.398201, 608.629350, 6
77.609267, -2.884360, 602.857249, 7
86.278454, 20.811971, 612.384941, 8
84.596658, 8.579360, 579.972200, 9
62.919378, -14.772933, 619.395615, 10
70.721651, -26.862334, 580.657532, 11
91.735190, -29.698911, 567.076254, 12
65.518791, 8.174185, 585.053339, 13
55.622272, -33.445107, 592.651569, 14
96.158502, 2.395186, 607.522093, 15
88.485389, 17.443869, 561.293920, 16
75.242133, -14.489544, 603.299674, 17
56.227265, -37.753591, 600.281642, 18
46.740373, 6.019877, 585.030890, 19
73.560181, -40.603386, 615.147998, 20
71.083560, -10.704849, 564.455326, 21
98.589577, -28.512276, 579.646160, 22
43.794078, -3.816607, 563.990515, 23
75.695076, 10.982601, 575.434980, 24
46.475232, -2.401504, 554.000335, 25
100.844871, -23.458740, 616.334016, 26
108.986423, 10.960207, 578.014584, 27
90.413780, -42.355072, 585.150499, 28
68.823300, -36.437822, 567.340383, 29
100.701841, -3.700750, 571.626854, 30
93.977587, -42.159812, 605.811780, 31
105.280695, 15.606653, 553.469593, 32
63.055067, 18.577603, 594.542651, 33
73.893282, -15.269958, 581.694936, 34
96.175888, -9.617840, 555.464022, 35
97.023889, -18.315583, 576.894911, 36
91.485929, -18.871762, 564.025276, 37
47.628637, -38.000558, 566.559832, 38
79.626845, -10.000396, 575.011603, 39
93.815064, -18.841169, 616.200847, 40
43.570077, -34.406144, 618.930746, 41
96.229377, -38.668088, 610.707482, 42
96.546601, -16.436162, 605.455233, 43
69.217368, 16.633981, 566.355345, 44
97.760387, 3.267254, 601.627228, 45
100.072061, -9.251462, 559.481745, 46
55.095173, -27.308071, 585.498940, 47
65.968498, -20.502599, 592.385614, 48
79.375741, 18.301085, 558.558522, 49
101.235143, 2.573534, 584.607031, 50
95.563974, 5.320490, 595.090544, 51
92.622657, -7.992740, 601.312160, 52
81.458152, -20.988738, 561.045993, 53
65.041432, 7.405503, 553.850232, 54
78.244446, -4.376739, 602.007296, 55
57.999744, -13.847262, 568.925688, 56
64.329160, 0.424788, 586.507318, 57
96.676417, -43.149670, 610.894540, 58
67.193359, -4.597049, 605.365907, 59
72.599515, -12.904534, 584.108970, 60
104.054122, -26.883162, 565.600032, 61
77.272740, -43.803142, 602.497178, 62
56.713021, -3.168089, 557.678360, 63
64.606764, 21.050209, 609.973646, 64
65.304679, -10.247978, 581.766677, 65
45.439977, 6.928634, 612.809499, 66
61.213396, -38.284811, 589.403793, 67
94.568511, 17.568450, 591.144375, 68
83.591081, -24.780839, 562.717345, 69
67.084935, 6.995514, 594.702623, 70
98.041942, 1.507024, 612.709179, 71
41.770143, -30.762769, 613.795835, 72
91.114772, -14.872924, 586.797631, 73
95.640821, 8.910721, 584.018088, 74
83.742529, -35.327249, 618.660021, 75
43.637699, -30.710352, 601.758684, 76
103.294740, -10.320053, 608.363430, 77
70.827313, -25.294469, 602.106150, 78
108.819214, 17.473811, 553.491322, 79
49.664832, -24.983816, 605.376869, 80
91.215047, -36.484567, 583.053579, 81
82.052261, -35.537587, 597.180576, 82
73.976073, 14.754107, 558.477782, 83
107.621400, 0.852310, 612.278243, 84
69.767627, -24.947755, 621.841056, 85
66.555524, -22.133169, 567.300104, 86
46.442206, -28.380983, 601.870164, 87
101.653192, 1.623070, 621.465565, 88
81.883322, 0.899676, 615.109602, 89
82.222251, 9.741383, 566.295723, 90
65.726881, -8.586162, 574.700627, 91
95.628157, -36.076490, 584.052919, 92
70.936858, -2.923534, 574.977113, 93
76.262280, -4.844745, 620.719426, 94
66.668573, -44.619718, 571.941446, 95
66.637701, -18.887339, 594.696753, 96
80.785334, -13.268261, 611.207036, 97
60.783520, -21.157554, 588.998321, 98
60.377060, 19.902528, 566.069811, 99
53.614673, -7.417824, 620.701077, 100
66.758048, 17.485904, 588.284872, 101
88.306527, 3.571452, 597.098074, 102
50.487627, -35.034289, 570.344495, 103
72.312531, 0.404834, 610.389751, 104
71.159834, -42.469190, 610.659910, 105
89.949133, -16.654992, 567.942260, 106
62.775398, 23.307204, 599.563812, 107
52.110258, -25.451967, 554.576193, 108
87.957859, -5.898054, 619.368614, 109
100.875301, 6.893483, 588.120812, 110
99.704291, -35.891091, 581.776831, 111
66.117309, 11.592309, 561.518469, 112
41.343491, 21.256819, 571.373851, 113
58.535802, -15.973264, 616.668787, 114
47.053521, 14.363469, 619.088887, 115
104.560654, -5.230018, 578.603979, 116
50.631162, 16.722255, 578.081356, 117
97.042537, -40.710113, 597.519078, 118
98.466458, 6.424623, 567.791152, 119
95.963065, -2.242690, 619.574408, 120
62.212005, -12.080989, 559.853271, 121
90.836499, 13.213181, 616.335428, 122
99.202621, 13.733539, 613.762401, 123
48.704599, -37.273263, 573.959052, 124
43.501085, -31.042882, 564.492759, 125
109.437508, -36.024857, 604.152557, 126
66.169648, -26.216807, 597.044935, 127
