x coord, y coord, z coord, scalar
77.561157, 9.290601, 372.342218, 0
88.824085, -0.149706, 385.553467, 1
98.076870, 25.005044, 407.043049, 2
70.067064, -12.155385, 423.363385, 3
59.293942, -22.533748, 405.075777, 4
68.034373, -15.262396, 425.586705, 5
47.242673, -7.640945, 420.016642, 6
68.980112, 11.872914, 414.244793, 7
77.649305, 35.569243, 423.772506, 8
75.967507, 23.336632, 391.359796, 9
54.290226, -0.015663, 430.783053, 10
62.092503, -12.105057, 392.045438, 11
83.106042, -14.941638, 378.463878, 12
56.889639, 22.931456, 396.440939, 13
46.993143, -18.687859, 404.039321, 14
87.529352, 17.152459, 418.909655, 15
79.856240, 32.201141, 372.681512, 16
66.612968, 0.267738, 414.687100, 17
47.598136, -22.996333, 411.669132, 18
38.111222, 20.777146, 396.418484, 19
64.931039, -25.846111, 426.535447, 20
62.454410, 4.052422, 375.842968, 21
89.960429, -13.755000, 391.033770, 22
35.164929, 10.940663, 375.378125, 23
67.065925, 25.739872, 386.822581, 24
37.846083, 12.355766, 365.387939, 25
92.215723, -8.701465, 427.721561, 26
100.357275, 25.717479, 389.402168, 27
81.784635, -27.597796, 396.538112, 28
60.194155, -21.680550, 378.728053, 29
92.072692, 11.056523, 383.014452, 30
85.348441, -27.402537, 417.199332, 31
96.651546, 30.363925, 364.857180, 32
54.425917, 33.334873, 405.930229, 33
65.264126, -0.512682, 393.082692, 34
87.546739, 5.139432, 366.851624, 35
88.394740, -3.558309, 388.282524, 36
82.856780, -4.114489, 375.412895, 37
38.999491, -23.243289, 377.947464, 38
70.997694, 4.756877, 386.399255, 39
85.185915, -4.083894, 427.588376, 40
34.940931, -19.648877, 430.318258, 41
87.600231, -23.910812, 422.095027, 42
87.917451, -1.678886, 416.842785, 43
60.588219, 31.391252, 377.742941, 44
89.131237, 18.024527, 413.014798, 45
91.442912, 5.505811, 370.869345, 46
46.466028, -12.550815, 396.886794, 47
57.339269, -5.745337, 403.774344, 48
70.746592, 33.058356, 369.946115, 49
92.605993, 17.330807, 395.994618, 50
86.934823, 20.077763, 406.478122, 51
83.993506, 6.764535, 412.699723, 52
72.829004, -6.231465, 372.433627, 53
56.412283, 22.162774, 365.237834, 54
69.615290, 10.380535, 413.394841, 55
49.370595, 0.910007, 380.313350, 56
55.700006, 15.182058, 397.894938, 57
88.047270, -28.392396, 422.282089, 58
58.564201, 10.160222, 416.753416, 59
63.970357, 1.852741, 395.496715, 60
95.424974, -12.125889, 376.987633, 61
68.643602, -29.045863, 413.884699, 62
48.083872, 11.589181, 369.065974, 63
55.977614, 35.807480, 421.361210, 64
56.675523, 4.509292, 393.154393, 65
36.810827, 21.685904, 424.197053, 66
52.584269, -23.527546, 400.791588, 67
85.939362, 32.325722, 402.531955, 68
74.961933, -10.023566, 374.104980, 69
58.455782, 21.752785, 406.090204, 70
89.412793, 16.264298, 424.096737, 71
33.140996, -16.005502, 425.183348, 72
82.485621, -0.115647, 398.185247, 73
87.011671, 23.667993, 395.405675, 74
75.113383, -20.569974, 430.047511, 75
35.008555, -15.953091, 413.146223, 76
94.665591, 4.437221, 419.750990, 77
62.198142, -10.537119, 413.492219, 78
100.190066, 32.231082, 364.878908, 79
41.035685, -10.226560, 416.764314, 80
82.585901, -21.727291, 394.441203, 81
73.423121, -20.780300, 408.568149, 82
65.346924, 29.511378, 369.865378, 83
98.992251, 15.609583, 423.665807, 84
61.138479, -10.190483, 433.228475, 85
57.926376, -7.375897, 378.687788, 86
37.813061, -13.623725, 413.257683, 87
93.024043, 16.380342, 432.853122, 88
73.254170, 15.656949, 426.497140, 89
73.593101, 24.498655, 377.683323, 90
57.097729, 6.171108, 386.088298, 91
86.999010, -21.319214, 395.440528, 92
62.307706, 11.833738, 386.364753, 93
67.633128, 9.912528, 432.106938, 94
58.039429, -29.862446, 383.329104, 95
58.008461, -4.130070, 406.084837, 96
72.156181, 1.489016, 422.594511, 97
52.154352, -6.400309, 400.386510, 98
51.747911, 34.659799, 377.457404, 99
44.985523, 7.339445, 432.088585, 100
58.128898, 32.243175, 399.672457, 101
79.677376, 18.328726, 408.485649, 102
41.858481, -20.277021, 381.732149, 103
63.683378, 15.162106, 421.777279, 104
62.530695, -27.711915, 422.047354, 105
81.319984, -1.897718, 379.329885, 106
54.146248, 38.064475, 410.951385, 107
43.481110, -10.694697, 365.963815, 108
79.328709, 8.859220, 430.756147, 109
92.246152, 21.650756, 399.508395, 110
91.075144, -21.133817, 393.164434, 111
57.488160, 26.349581, 372.906070, 112
32.714342, 36.014090, 382.761439, 113
49.906650, -1.215997, 428.056211, 114
38.424371, 29.120739, 430.476444, 115
95.931505, 9.527255, 389.991572, 116
42.002013, 31.479525, 389.468947, 117
88.413391, -25.952837, 408.906652, 118
89.837309, 21.181896, 379.178745, 119
87.333915, 12.514584, 430.961958, 120
53.582856, 2.676282, 371.240905, 121
82.207349, 27.970453, 427.722988, 122
90.573472, 28.490811, 425.149966, 123
40.075454, -22.515995, 385.346704, 124
34.871937, -16.285613, 375.880385, 125
100.808361, -21.267583, 415.540124, 126
57.540499, -11.459539, 408.432519, 127
