x coord, y coord, z coord, scalar
166.189608, 33.763254, 102.391701, 0
166.349260, 60.498034, 137.755509, 1
196.093576, 56.579407, 108.000941, 2
168.251595, 17.297741, 110.953530, 3
177.670464, 58.505416, 117.233371, 4
164.993978, 35.208161, 146.565561, 5
207.001535, 37.353426, 134.764904, 6
163.857406, 31.798113, 129.444688, 7
169.463642, 0.977994, 124.585395, 8
176.496143, 1.401465, 107.713516, 9
201.061291, 13.638169, 142.672850, 10201.453272, 26.034470, 135.647160, 11168.489246, -0.544238, 124.702470, 12174.490426, 13.754505, 143.196258, 13183.445271, 37.472727, 134.187650, 14198.677895, 48.513135, 170.581655, 15174.523545, 32.842430, 140.412532, 16207.288333, 42.746830, 104.685177, 17166.013646, 58.257635, 106.858967, 18188.599062, 12.081424, 109.455994, 19194.312775, 59.189856, 124.290054, 20166.265879, 37.970852, 151.520894, 21199.912757, 52.507196, 152.172264, 22222.615248, 4.325310, 167.122223, 23195.091720, 33.816478, 137.072343, 24158.549829, 9.822255, 118.059692, 25158.411789, 30.392942, 152.098051, 26196.822893, 15.008865, 127.320715, 27199.508356, 27.069604, 118.054056, 28204.367537, 61.715838, 131.331892, 29211.823821, 33.356200, 122.997808, 30165.394562, 45.669243, 162.164787, 31214.915021, 22.909594, 147.148150, 32196.367471, 22.852494, 152.669559, 33192.770173, 63.991354, 118.961796, 34159.121073, -0.131145, 129.979898, 35175.180863, 4.327763, 161.568709, 36156.559214, 47.197836, 109.053500, 37181.879926, 24.033911, 137.320431, 38197.934820, 5.728992, 131.511114, 39158.547267, 63.599954, 166.063176, 40179.545226, 6.322155, 144.208725, 41170.990315, 67.284303, 168.313986, 42216.138289, 40.979407, 123.642498, 43198.087780, 11.077213, 120.109977, 44215.049743, 16.245416, 121.174658, 45174.310222, 37.473584, 126.697150, 46165.159237, 40.079776, 106.371978, 47172.212874, -0.712491, 131.601845, 48207.531935, 43.269427, 138.526768, 49168.323587, 47.863900, 134.602856, 50163.667117, 4.736764, 142.120693, 51205.875638, 21.774145, 141.881413, 52203.470019, 15.240090, 115.336554, 53156.393175, 59.375053, 127.609720, 54174.503393, 51.752459, 145.051297, 55193.678092, 3.390253, 115.000400, 56218.376329, 14.596601, 156.276158, 57154.029139, 32.856641, 156.759423, 58183.630870, 17.716201, 132.505011, 59220.157532, 32.086842, 112.844903, 60184.040859, 41.801127, 118.775855, 61155.441911, 25.004442, 141.747524, 62195.323040, 5.802095, 158.183411, 63208.659844, 8.242372, 150.034633, 64165.550107, 28.792927, 134.263279, 65208.601001, -0.201391, 138.849178, 66221.601577, 64.222067, 154.641532, 67207.158136, 64.298324, 119.974228, 68193.197777, 25.256866, 138.887507, 69154.983350, 22.742146, 103.449155, 70165.828408, 52.830072, 146.446361, 71182.605902, 54.319094, 103.926485, 72222.353276, 26.969775, 110.924480, 73209.816997, 12.957272, 120.362564, 74189.131990, 24.554524, 150.352177, 75221.395169, 10.483184, 151.345687, 76189.524797, 9.412405, 148.044191, 77173.446820, 62.617661, 144.818636, 78191.421107, 33.143174, 102.551177, 79159.587841, 34.173696, 126.489390, 80161.037153, 46.049184, 111.795575, 81205.483265, 5.982693, 167.310746, 82207.410035, 5.663607, 126.756585, 83216.334656, 61.527743, 140.909692, 84165.977853, 27.987429, 166.660124, 85214.329113, 26.710224, 109.619114, 86194.955259, 62.282179, 120.227270, 87172.279634, 13.056643, 115.321041, 88215.098138, 50.524842, 149.660360, 89215.649804, 56.159806, 116.309996, 90171.419837, 63.244090, 163.555136, 91181.215636, 46.055007, 102.013519, 92177.806743, 30.792716, 108.872544, 93202.563369, 24.454978, 102.876927, 94172.753556, 36.480135, 132.060387, 95168.693919, 28.136742, 159.966666, 96176.313214, 0.419610, 154.724886, 97194.540647, 18.746381, 168.977328, 98207.861952, 11.172146, 151.978348, 99186.802663, 4.149595, 140.614362, 10201.112742, 21.616490, 136.334791, 10193.948313, 48.879275, 114.865231, 10193.962164, 4.013681, 146.854367, 10200.835433, 52.624174, 103.785173, 10201.712630, 2.705344, 141.461195, 10163.053524, 17.446409, 102.073874, 10221.019844, 39.806737, 103.689252, 10205.025076, 11.675026, 123.631353, 10203.282716, 65.584121, 135.999393, 10184.541271, 29.714500, 141.348437, 11154.436126, 8.154906, 164.157025, 11188.770729, 48.150290, 145.513248, 11201.636437, 19.440111, 150.722210, 11177.771197, 66.322681, 135.822311, 11179.556688, 45.363023, 139.724374, 11219.017692, 54.463611, 158.365556, 11219.091756, 52.811089, 130.648414, 11220.781124, 35.163830, 143.519287, 11173.693082, 15.774218, 141.579869, 11207.692473, 46.362688, 103.770016, 12178.317670, 46.845969, 113.120239, 12171.755065, 12.944279, 162.467101, 12215.267523, 60.627839, 114.383147, 12195.269847, 15.726652, 113.181763, 12160.372654, 41.330390, 159.741059, 12198.095985, 37.675657, 146.681587, 12185.741910, 34.095146, 131.967134, 12