x coord, y coord, z coord, scalar
59.116288, 30.733213, 70.992451, 0
70.379217, 21.292909, 84.203697, 1
79.632001, 46.447656, 105.693228, 2
51.622199, 9.287244, 122.013260, 3
40.849158, -1.091127, 103.726270, 4
49.589512, 6.180228, 124.236582, 5
28.797795, 13.801635, 118.666392, 6
50.535232, 33.315531, 112.894925, 7
59.204435, 57.011854, 122.422669, 8
57.522636, 44.779245, 90.010007, 9
35.845352, 21.426945, 129.433024, 10
43.647639, 9.337564, 90.696116, 11
64.661177, 6.500977, 77.114129, 12
38.444765, 44.374066, 95.091155, 13
28.548311, 2.754699, 102.689767, 14
69.084482, 38.595074, 117.559812, 15
61.411372, 53.643752, 71.331714, 16
48.168069, 21.710374, 113.337052, 17
29.153306, -1.553755, 110.319181, 18
19.666350, 42.219752, 95.068692, 19
46.486185, -4.403496, 125.185435, 20
44.009540, 25.495033, 74.493248, 21
71.515563, 7.687617, 89.684000, 22
16.720060, 32.383270, 74.028355, 23
48.621054, 47.182483, 85.472797, 24
19.401216, 33.798374, 64.038161, 25
73.770856, 12.741151, 126.371693, 26
81.912406, 47.160091, 88.052359, 27
63.339775, -6.155178, 95.188348, 28
41.749292, -0.237940, 77.378374, 29
73.627824, 32.499137, 81.664664, 30
66.903581, -5.959918, 115.849474, 31
78.206679, 51.806536, 63.507376, 32
35.981045, 54.777483, 104.580412, 33
46.819245, 20.929939, 91.733143, 34
69.101872, 26.582044, 65.501842, 35
69.949872, 17.884308, 86.932759, 36
64.411913, 17.328125, 74.063139, 37
20.554628, -1.800683, 76.597729, 38
52.552821, 26.199493, 85.049551, 39
66.741047, 17.358724, 126.238484, 40
16.496068, 1.793725, 128.968340, 41
69.155369, -2.468195, 120.745158, 42
69.472582, 19.763733, 115.492928, 43
42.143349, 52.833862, 76.393150, 44
70.686367, 39.467141, 111.664967, 45
72.998045, 26.948423, 69.519560, 46
28.021165, 8.891763, 95.537394, 47
38.894234, 15.697269, 102.426270, 48
52.301723, 54.500967, 68.596319, 49
74.161124, 38.773421, 94.644814, 50
68.489953, 41.520377, 105.128304, 51
65.548634, 28.207154, 111.349882, 52
54.384137, 15.211148, 71.083893, 53
37.967415, 43.605384, 63.888052, 54
51.170409, 31.823154, 112.044974, 55
30.925724, 22.352614, 78.963660, 56
37.255127, 36.624667, 96.545183, 57
69.602408, -6.949779, 120.932228, 58
40.119314, 31.602833, 115.403493, 59
45.525470, 23.295361, 94.147150, 60
76.980108, 9.316724, 75.637851, 61
50.198757, -7.603241, 112.534794, 62
29.639004, 33.031790, 67.716211, 63
37.532743, 57.250090, 120.011372, 64
38.230640, 25.951901, 91.804784, 65
18.365955, 43.128510, 122.847199, 66
34.139444, -2.084954, 99.442099, 67
67.494492, 53.768334, 101.182139, 68
56.517067, 11.419047, 72.755248, 69
40.010905, 43.195395, 104.740392, 70
70.967923, 37.706911, 122.746889, 71
14.696132, 5.437096, 123.833432, 72
64.040750, 21.326974, 96.835486, 73
68.566801, 45.110606, 94.055872, 74
56.668521, 0.872644, 128.697560, 75
16.563692, 5.489498, 111.796346, 76
76.220723, 25.879837, 118.401145, 77
43.753246, 10.905657, 112.140116, 78
81.745199, 53.673693, 63.529101, 79
22.590816, 11.216019, 115.414295, 80
64.141039, -0.284671, 93.091456, 81
54.978273, 0.662339, 107.218324, 82
46.902056, 50.953988, 68.515588, 83
80.547383, 37.052196, 122.315969, 84
42.693612, 11.252130, 131.878417, 85
39.481508, 14.066712, 77.338132, 86
19.368198, 7.818857, 111.907776, 87
74.579175, 37.822955, 131.503273, 88
54.809298, 37.099563, 125.147260, 89
55.148232, 45.941266, 76.333539, 90
38.652854, 27.613718, 84.738622, 91
68.554147, 0.123405, 94.090757, 92
43.862832, 33.276349, 85.015028, 93
49.188256, 31.355141, 130.757021, 94
39.594570, -8.419837, 81.979407, 95
39.563405, 17.312555, 104.735786, 96
53.711304, 22.931638, 121.244537, 97
33.709439, 15.042253, 99.037617, 98
33.303042, 56.102408, 76.107609, 99
26.540650, 28.782050, 130.738661, 100
39.684026, 53.685784, 98.322650, 101
61.232503, 39.771340, 107.135827, 102
23.413619, 1.165583, 80.382448, 103
45.238501, 36.604718, 120.427385, 104
44.085847, -6.269300, 120.697334, 105
62.875116, 19.544896, 77.980138, 106
35.701377, 59.507084, 109.601560, 107
25.036244, 10.747911, 64.614065, 108
60.883838, 30.301835, 129.406260, 109
73.801282, 43.093369, 98.158585, 110
72.630280, 0.308800, 91.814653, 111
39.043291, 47.792190, 71.556286, 112
14.269473, 57.456698, 81.411635, 113
31.461775, 20.226606, 126.706159, 114
19.979501, 50.563347, 129.126596, 115
77.486636, 30.969869, 88.641776, 116
23.557142, 52.922133, 88.119149, 117
69.968530, -4.510218, 107.556829, 118
71.392441, 42.624508, 77.828950, 119
68.889046, 33.957197, 129.612097, 120
35.137987, 24.118891, 69.891170, 121
63.762479, 49.413065, 126.373143, 122
72.128603, 49.933423, 123.800128, 123
21.630592, -1.073392, 83.996999, 124
16.427072, 5.156993, 74.530640, 125
82.363496, 0.175033, 114.190291, 126
39.095632, 9.983065, 107.082708, 127
