x coord, y coord, z coord, scalar
65.179936, 29.630330, 85.160597, 0
76.442864, 20.190026, 98.371844, 1
85.695649, 45.344773, 119.861377, 2
57.685847, 8.184360, 136.181421, 3
46.912802, -2.194016, 117.894405, 4
55.653160, 5.077344, 138.404743, 5
34.861440, 12.698753, 132.834558, 6
56.598880, 32.212648, 127.063076, 7
65.268082, 55.908971, 136.590818, 8
63.586283, 43.676361, 104.178154, 9
41.908999, 20.324062, 143.601181, 10
49.711287, 8.234679, 104.864243, 11
70.724824, 5.398093, 91.282274, 12
44.508412, 43.271183, 109.259302, 13
34.611953, 1.651816, 116.857904, 14
75.148129, 37.492190, 131.727962, 15
67.475019, 52.540868, 85.499861, 16
54.231719, 20.607491, 127.505210, 17
35.216949, -2.656640, 124.487335, 18
25.729997, 41.116869, 109.236839, 19
52.549832, -5.506380, 139.353591, 20
50.073187, 24.392150, 88.661392, 21
77.579211, 6.584733, 103.852147, 22
22.783707, 31.280386, 88.196501, 23
54.684701, 46.079600, 99.640944, 24
25.464862, 32.695491, 78.206308, 25
79.834504, 11.638267, 140.539843, 26
87.976054, 46.057208, 102.220507, 27
69.403422, -7.258062, 109.356494, 28
47.812939, -1.340824, 91.546516, 29
79.691471, 31.396253, 95.832811, 30
72.967228, -7.062802, 130.017624, 31
84.270326, 50.703653, 77.675523, 32
42.044692, 53.674600, 118.748560, 33
52.882893, 19.827056, 105.901280, 34
75.165519, 25.479161, 79.669988, 35
76.013520, 16.781424, 101.100905, 36
70.475560, 16.225241, 88.231285, 37
26.618274, -2.903567, 90.765873, 38
58.616469, 25.096609, 99.217694, 39
72.804694, 16.255840, 140.406635, 40
22.559714, 0.690842, 143.136492, 41
75.219016, -3.571079, 134.913308, 42
75.536230, 18.660850, 129.661077, 43
48.206996, 51.730978, 90.561297, 44
76.750014, 38.364258, 125.833116, 45
79.061692, 25.845540, 83.687707, 46
34.084810, 7.788881, 109.705524, 47
44.957888, 14.594396, 116.594344, 48
58.365370, 53.398083, 82.764467, 49
80.224771, 37.670537, 108.812962, 50
74.553600, 40.417493, 119.296452, 51
71.612282, 27.104271, 125.518032, 52
60.447784, 14.108264, 85.252038, 53
44.031062, 42.502500, 78.056198, 54
57.234057, 30.720271, 126.213124, 55
36.989371, 21.249731, 93.131803, 56
43.318774, 35.521784, 110.713328, 57
75.666055, -8.052663, 135.100378, 58
46.182962, 30.499951, 129.571646, 59
51.589118, 22.192478, 108.315287, 60
83.043755, 8.213840, 89.805998, 61
56.262404, -8.706126, 126.702946, 62
35.702650, 31.928907, 81.884357, 63
43.596390, 56.147206, 134.179521, 64
44.294287, 24.849018, 105.972923, 65
24.429602, 42.025627, 137.015349, 66
40.203088, -3.187840, 113.610233, 67
73.558139, 52.665450, 115.350287, 68
62.580714, 10.316164, 86.923393, 69
46.074553, 42.092512, 118.908540, 70
77.031570, 36.604028, 136.915039, 71
20.759778, 4.334213, 138.001584, 72
70.104398, 20.224090, 111.003632, 73
74.630448, 44.007723, 108.224019, 74
62.732168, -0.230240, 142.865714, 75
22.627338, 4.386615, 125.964497, 76
82.284370, 24.776953, 132.569295, 77
49.816905, 9.802768, 126.308362, 78
87.808846, 52.570810, 77.697249, 79
28.654461, 10.113137, 129.582452, 80
70.204686, -1.387555, 107.259601, 81
61.041921, -0.440547, 121.386473, 82
52.965703, 49.851105, 82.683735, 83
86.611030, 35.949312, 136.484118, 84
48.757259, 10.149246, 146.046575, 85
45.545155, 12.963829, 91.506273, 86
25.431843, 6.715975, 126.075928, 87
80.642822, 36.720071, 145.671422, 88
60.872945, 35.996679, 139.315411, 89
61.211879, 44.838383, 90.501685, 90
44.716502, 26.510835, 98.906764, 91
74.617795, -0.979480, 108.258904, 92
49.926479, 32.173466, 99.183172, 93
55.251903, 30.252257, 144.925174, 94
45.658216, -9.522721, 96.147550, 95
45.627062, 16.209683, 118.903902, 96
59.774952, 21.828754, 135.412692, 97
39.773084, 13.939374, 113.205725, 98
39.366689, 54.999525, 90.275756, 99
32.604297, 27.679167, 144.906814, 100
45.747673, 52.582901, 112.490798, 101
67.296151, 38.668457, 121.303976, 102
29.477265, 0.062700, 94.550591, 103
51.302148, 35.501835, 134.595537, 104
50.149494, -7.372185, 134.865491, 105
68.938763, 18.442013, 92.148284, 106
41.765024, 58.404201, 123.769709, 107
31.099891, 9.645028, 78.782210, 108
66.947485, 29.198951, 143.574411, 109
79.864930, 41.990485, 112.326733, 110
78.693928, -0.794084, 105.982800, 111
45.106938, 46.689307, 85.724433, 112
20.333120, 56.353815, 95.579783, 113
37.525421, 19.123723, 140.874317, 114
26.043148, 49.460464, 143.294746, 115
83.550284, 29.866985, 102.809923, 116
29.620789, 51.819250, 102.287296, 117
76.032177, -5.613103, 121.724977, 118
77.456088, 41.521624, 91.997098, 119
74.952693, 32.854314, 143.780247, 120
41.201634, 23.016008, 84.059315, 121
69.826127, 48.310182, 140.541293, 122
78.192250, 48.830540, 137.968277, 123
27.694238, -2.176276, 98.165143, 124
22.490719, 4.054109, 88.698785, 125
88.427143, -0.927851, 128.358440, 126
45.159279, 8.880182, 121.250856, 127
