x coord, y coord, z coord, scalar
90.080383, -0.288468, 641.712787, 0
101.343311, -9.728776, 654.924039, 1
110.596097, 15.425975, 676.413669, 2
82.586289, -21.734463, 692.734293, 3
71.813126, -32.112823, 674.446100, 4
80.553596, -24.841471, 694.957612, 5
59.761903, -17.219998, 689.387669, 6
81.499345, 2.293843, 683.615459, 7
90.168532, 25.990174, 693.143142, 8
88.486735, 13.757563, 660.730387, 9
66.809456, -9.594729, 700.153871, 10
74.611728, -21.684130, 661.415586, 11
95.625267, -24.520708, 647.834430, 12
69.408869, 13.352388, 665.811525, 13
59.512350, -28.266902, 673.409689, 14
100.048580, 7.573389, 688.280295, 15
92.375467, 22.622073, 642.052110, 16
79.132210, -9.311342, 684.057935, 17
60.117342, -32.575385, 681.039876, 18
50.630451, 11.198080, 665.789078, 19
77.450258, -35.425182, 695.906249, 20
74.973637, -5.526646, 645.213493, 21
102.479654, -23.334072, 660.404342, 22
47.684156, 1.361596, 644.748697, 23
79.585153, 16.160804, 656.193166, 24
50.365310, 2.776700, 634.758519, 25
104.734948, -18.280536, 697.092226, 26
112.876501, 16.138410, 658.772777, 27
94.303857, -37.176869, 665.908679, 28
72.713378, -31.259619, 648.098539, 29
104.591919, 1.477454, 652.385041, 30
97.867664, -36.981609, 686.569987, 31
109.170772, 20.784857, 634.227785, 32
66.945145, 23.755806, 675.300847, 33
77.783359, -10.091755, 662.453054, 34
100.065965, -4.439637, 636.222207, 35
100.913966, -13.137380, 657.653092, 36
95.376006, -13.693559, 644.783454, 37
51.518715, -32.822355, 647.318004, 38
83.516923, -4.822193, 655.769766, 39
97.705141, -13.662965, 696.959064, 40
47.460155, -29.227940, 699.688970, 41
100.119455, -33.489884, 691.465692, 42
100.436678, -11.257959, 686.213439, 43
73.107446, 21.812184, 647.113532, 44
101.650465, 8.445457, 682.385427, 45
103.962138, -4.073258, 640.239931, 46
58.985251, -22.129866, 666.257016, 47
69.858579, -15.324400, 673.143310, 48
83.265818, 23.479288, 639.316711, 49
105.125220, 7.751737, 665.365223, 50
99.454051, 10.498693, 675.848740, 51
96.512735, -2.814537, 682.070362, 52
85.348230, -15.810534, 641.804165, 53
68.931510, 12.583706, 634.608418, 54
82.134524, 0.801464, 682.765505, 55
61.889822, -8.669059, 649.683847, 56
68.219238, 5.602991, 667.265496, 57
100.566494, -37.971467, 691.652748, 58
71.083437, 0.581154, 686.124132, 59
76.489593, -7.726331, 664.867093, 60
107.944200, -21.704959, 646.358217, 61
81.162817, -38.624938, 683.255398, 62
60.603099, 2.010114, 638.436540, 63
68.496842, 26.228413, 690.731847, 64
69.194757, -5.069775, 662.524813, 65
49.330055, 12.106838, 693.567704, 66
65.103473, -33.106606, 670.161894, 67
98.458589, 22.746653, 671.902570, 68
87.481159, -19.602635, 643.475516, 69
70.975013, 12.173717, 675.460817, 70
101.932020, 6.685228, 693.467383, 71
45.660220, -25.584565, 694.554058, 72
95.004849, -9.694721, 667.555810, 73
99.530898, 14.088924, 664.776280, 74
87.632606, -30.149046, 699.418255, 75
47.527777, -25.532148, 682.516896, 76
107.184818, -5.141849, 689.121633, 77
74.717386, -20.116270, 682.864999, 78
112.709292, 22.652014, 634.249514, 79
53.554911, -19.805612, 686.135122, 80
95.105124, -31.306364, 663.811754, 81
85.942338, -30.359383, 677.938774, 82
77.866151, 19.932310, 639.235969, 83
111.511478, 6.030513, 693.036444, 84
73.657705, -19.769552, 702.599320, 85
70.445602, -16.954965, 648.058253, 86
50.332284, -23.202778, 682.628385, 87
105.543270, 6.801273, 702.223769, 88
85.773399, 6.077879, 695.867815, 89
86.112328, 14.919586, 647.053909, 90
69.616959, -3.407959, 655.458782, 91
99.518234, -30.898287, 664.811101, 92
74.826935, 2.254670, 655.735282, 93
80.152357, 0.333458, 701.477650, 94
70.558650, -39.441514, 652.699606, 95
70.527782, -13.709141, 675.454729, 96
84.675412, -8.090058, 691.965276, 97
64.673599, -15.979351, 669.756251, 98
64.267138, 25.080732, 646.828000, 99
57.504751, -2.239621, 701.459302, 100
70.648126, 22.664107, 669.043064, 101
92.196605, 8.749655, 677.856271, 102
54.377705, -29.856086, 651.102657, 103
76.202609, 5.583037, 691.147968, 104
75.049911, -37.290986, 691.418163, 105
93.839210, -11.476788, 648.700435, 106
66.665476, 28.485407, 680.322009, 107
56.000335, -20.273763, 635.334369, 108
91.847936, -0.719850, 700.126830, 109
104.765379, 12.071686, 668.879005, 110
103.594369, -30.712888, 662.535016, 111
70.007387, 16.770513, 642.276655, 112
45.233568, 26.435023, 652.132042, 113
62.425880, -10.795061, 697.427050, 114
50.943598, 19.541672, 699.847091, 115
108.450731, -0.051815, 659.362168, 116
54.521240, 21.900458, 658.839546, 117
100.932614, -35.531909, 678.277275, 118
102.356536, 11.602827, 648.549340, 119
99.853142, 2.935514, 700.332616, 120
66.102082, -6.902785, 640.611443, 121
94.726576, 18.391384, 697.093631, 122
103.092698, 18.911742, 694.520602, 123
52.594677, -32.095059, 654.717215, 124
47.391162, -25.864678, 645.250934, 125
113.327585, -30.846653, 684.910757, 126
70.059725, -21.038603, 677.803129, 127
