x coord, y coord, z coord, scalar
183.051147, 40.138156, 111.391645, 0
183.210800, 66.872937, 146.755522, 1
212.955117, 62.954309, 117.000892, 2
185.113133, 23.672642, 119.953476, 3
194.532005, 64.880319, 126.233324, 4
181.855517, 41.583064, 155.565636, 5
223.863079, 43.728324, 143.764927, 6
180.718943, 38.173016, 138.444669, 7
186.325181, 7.352895, 133.585383, 8
193.357682, 7.776366, 116.713488, 9
217.922831, 20.013068, 151.672892, 10218.314814, 32.409366, 144.647212, 11185.350785, 5.830663, 133.702460, 12191.351963, 20.129405, 152.196313, 13200.306828, 43.847714, 143.189502, 14215.539436, 54.888037, 179.581695, 15191.385078, 39.217336, 149.412785, 16224.149874, 49.121731, 113.685128, 17182.875186, 64.632537, 115.858934, 18205.460601, 18.456324, 118.455934, 19211.174318, 65.564759, 133.290024, 20183.127418, 44.345755, 160.520970, 21216.774299, 58.882097, 161.172322, 22239.476788, 10.700211, 176.122238, 23211.953271, 40.191367, 146.072697, 24175.411368, 16.197157, 127.059672, 25175.273328, 36.767844, 161.098093, 26213.684432, 21.383762, 136.320681, 27216.369898, 33.444502, 127.053927, 28221.229079, 68.090740, 140.331890, 29228.685363, 39.731100, 131.997773, 30182.256102, 52.044145, 171.164832, 31231.776562, 29.284494, 156.148180, 32213.229011, 29.227393, 161.669659, 33209.631715, 70.366256, 127.961767, 34175.982612, 6.243756, 138.979896, 35192.042402, 10.702664, 170.568739, 36173.420754, 53.572739, 118.053468, 37198.741454, 30.408807, 146.320689, 38214.796359, 12.103892, 140.511112, 39175.408807, 69.974856, 175.063196, 40196.406765, 12.697055, 153.208759, 41187.851855, 73.659204, 177.314009, 42232.999831, 47.354308, 132.642478, 43214.949319, 17.452111, 129.109935, 44231.911283, 22.620316, 130.174638, 45191.171756, 43.848495, 135.696950, 46182.020777, 46.454678, 115.371920, 47189.074413, 5.662410, 140.601845, 48224.393478, 49.644327, 147.526805, 49185.185126, 54.238805, 143.602876, 50180.528656, 11.111665, 151.120709, 51222.737179, 28.149043, 150.881463, 52220.331559, 21.614989, 124.336506, 53173.254715, 65.749955, 136.609714, 54191.364934, 58.127363, 154.051370, 55210.539631, 9.765153, 124.000369, 56235.237869, 20.971501, 165.276180, 57170.890678, 39.231543, 165.759455, 58200.492404, 24.091097, 141.505020, 59237.019073, 38.461742, 121.844877, 60200.902401, 48.176032, 127.775550, 61172.303450, 31.379344, 150.747547, 62212.184579, 12.176995, 167.183446, 63225.521384, 14.617272, 159.034658, 64182.411643, 35.167831, 143.263299, 65225.462540, 6.173509, 147.849186, 66238.463118, 70.596968, 163.641546, 67224.019678, 70.673226, 128.974211, 68210.059316, 31.631757, 147.887745, 69171.844889, 29.117048, 112.449126, 70182.689948, 59.204975, 155.446402, 71199.467443, 60.693996, 112.926429, 72239.214817, 33.344675, 119.924458, 73226.678538, 19.332172, 129.362539, 74205.993529, 30.929423, 159.352344, 75238.256710, 16.858084, 160.345703, 76206.386336, 15.787304, 157.044243, 77190.308360, 68.992564, 153.818664, 78208.282647, 39.518075, 111.551085, 79176.449379, 40.548600, 135.489366, 80177.898693, 52.424087, 120.795533, 81222.344806, 12.357593, 176.310770, 82224.271575, 12.038507, 135.756576, 83233.196197, 67.902644, 149.909702, 84182.839392, 34.362331, 175.660168, 85231.190654, 33.085124, 118.619077, 86211.816800, 68.657081, 129.227240, 87189.141173, 19.431544, 124.320990, 88231.959680, 56.899743, 158.660387, 89232.511345, 62.534708, 125.309976, 90188.281377, 69.618992, 172.555165, 91198.077176, 52.429909, 111.013447, 92194.668282, 37.167618, 117.872415, 93219.424909, 30.829878, 111.876870, 94189.615090, 42.855046, 141.060391, 95185.555458, 34.511644, 168.966730, 96193.174753, 6.794510, 163.724912, 97211.402187, 25.121282, 177.977373, 98224.723492, 17.547046, 160.978380, 99203.664201, 10.524495, 149.614386, 10217.974282, 27.991387, 145.334835, 10210.809855, 55.254177, 123.865128, 10210.823703, 10.388581, 155.854397, 10217.696974, 58.999076, 112.785127, 10218.574169, 9.080244, 150.461212, 10179.915063, 23.821310, 111.073837, 10237.881385, 46.181638, 112.689227, 10221.886616, 18.049925, 132.631329, 10220.144258, 71.959023, 144.999400, 10201.402804, 36.089397, 150.349132, 11171.297666, 14.529807, 173.157045, 11205.632273, 54.525193, 154.513395, 11218.497977, 25.815010, 159.722277, 11194.632738, 72.697584, 144.822320, 11196.418231, 51.737932, 148.724566, 11235.879233, 60.838512, 167.365577, 11235.953297, 59.185990, 139.648412, 11237.642666, 41.538730, 152.519306, 11190.554618, 22.149118, 150.579928, 11224.554014, 52.737589, 112.769972, 12195.179211, 53.220873, 122.120124, 12188.616605, 19.319180, 171.467142, 12232.129064, 67.002740, 123.383129, 12212.131387, 22.101552, 122.181690, 12177.234193, 47.705292, 168.741101, 12214.957528, 44.050557, 155.681752, 12202.603447, 40.470049, 140.966969, 12