x coord, y coord, z coord, scalar
75.600287, 7.328641, 351.500725, 0
86.863215, -2.111666, 364.711973, 1
96.116000, 23.043083, 386.201552, 2
68.106194, -14.117346, 402.521865, 3
57.333072, -24.495708, 384.234302, 4
66.073503, -17.224356, 404.745186, 5
45.281803, -9.602906, 399.175114, 6
67.019242, 9.910953, 393.403293, 7
75.688435, 33.607282, 402.931008, 8
74.006638, 21.374672, 370.518301, 9
52.329357, -1.977623, 409.941541, 10
60.131634, -14.067017, 371.203977, 11
81.145172, -16.903598, 357.622386, 12
54.928770, 20.969496, 375.599445, 13
45.032273, -20.649820, 383.197843, 14
85.568482, 15.190499, 398.068156, 15
77.895370, 30.239181, 351.840016, 16
64.652098, -1.694222, 393.845586, 17
45.637266, -24.958293, 390.827625, 18
36.150352, 18.815185, 375.576989, 19
62.970169, -27.808072, 405.693936, 20
60.493540, 2.090462, 355.001478, 21
87.999559, -15.716961, 370.192276, 22
33.204059, 8.978702, 354.536631, 23
65.105055, 23.777912, 365.981086, 24
35.885214, 10.393806, 344.546445, 25
90.254853, -10.663426, 406.880060, 26
98.396405, 23.755519, 368.560671, 27
79.823765, -29.559757, 375.696619, 28
58.233285, -23.642511, 357.886566, 29
90.111822, 9.094563, 362.172957, 30
83.387572, -29.364497, 396.357832, 31
94.690677, 28.401965, 344.015684, 32
52.465047, 31.372913, 385.088732, 33
63.303256, -2.474642, 372.241214, 34
85.585870, 3.177472, 346.010129, 35
86.433870, -5.520269, 367.441031, 36
80.895910, -6.076450, 354.571402, 37
37.038621, -25.205249, 357.105973, 38
69.036824, 2.794917, 365.557766, 39
83.225045, -6.045854, 406.746874, 40
32.980062, -21.610837, 409.476753, 41
85.639361, -25.872773, 401.253526, 42
85.956581, -3.640847, 396.001285, 43
58.627349, 29.429291, 356.901445, 44
87.170367, 16.062567, 392.173300, 45
89.482043, 3.543851, 350.027850, 46
44.505159, -14.512775, 376.045327, 47
55.378399, -7.707298, 382.932972, 48
68.785722, 31.096396, 349.104619, 49
90.645124, 15.368847, 375.153122, 50
84.973954, 18.115802, 385.636625, 51
82.032636, 4.802575, 391.858224, 52
70.868134, -8.193425, 351.592136, 53
54.451413, 20.200814, 344.396339, 54
67.654420, 8.418575, 392.553340, 55
47.409725, -1.051953, 359.471862, 56
53.739136, 13.220098, 377.053445, 57
86.086401, -30.354356, 401.440589, 58
56.603331, 8.198262, 395.911911, 59
62.009487, -0.109219, 374.655236, 60
93.464104, -14.087850, 356.146139, 61
66.682732, -31.007824, 393.043196, 62
46.123003, 9.627221, 348.224481, 63
54.016744, 33.845520, 400.519711, 64
54.714653, 2.547332, 372.312911, 65
34.849957, 19.723943, 403.355553, 66
50.623399, -25.489506, 379.950114, 67
83.978492, 30.363762, 381.690458, 68
73.001064, -11.985526, 353.263489, 69
56.494912, 19.790825, 385.248708, 70
87.451923, 14.302337, 403.255238, 71
31.180127, -17.967463, 404.341844, 72
80.524751, -2.077608, 377.343754, 73
85.050801, 21.706033, 374.564179, 74
73.152513, -22.531934, 409.206004, 75
33.047685, -17.915051, 392.304722, 76
92.704721, 2.475261, 398.909491, 77
60.237272, -12.499079, 392.650557, 78
98.229196, 30.269122, 344.037411, 79
39.074815, -12.188520, 395.922802, 80
80.625031, -23.689251, 373.599711, 81
71.462251, -22.742261, 387.726652, 82
63.386054, 27.549418, 349.023883, 83
97.031382, 13.647622, 402.824308, 84
59.177609, -12.152443, 412.386961, 85
55.965506, -9.337858, 357.846303, 86
35.852191, -15.585685, 392.416180, 87
91.063173, 14.418382, 412.011623, 88
71.293301, 13.694989, 405.655638, 89
71.632231, 22.536694, 356.841829, 90
55.136860, 4.209148, 365.246811, 91
85.038140, -23.281175, 374.599034, 92
60.346836, 9.871778, 365.523262, 93
65.672259, 7.950567, 411.265434, 94
56.078559, -31.824407, 362.487615, 95
56.047591, -6.092030, 385.243395, 96
70.195311, -0.472945, 401.753003, 97
50.193482, -8.362269, 379.545079, 98
49.787041, 32.697839, 356.615909, 99
43.024653, 5.377484, 411.247080, 100
56.168028, 30.281214, 378.830961, 101
77.716506, 16.366765, 387.644152, 102
39.897612, -22.238981, 360.890661, 103
61.722508, 13.200146, 400.935776, 104
60.569825, -29.673876, 401.205843, 105
79.359114, -3.859679, 358.488393, 106
52.185378, 36.102514, 390.109887, 107
41.520240, -12.656657, 345.122323, 108
77.367839, 6.897260, 409.914644, 109
90.285282, 19.688795, 378.666898, 110
89.114274, -23.095777, 372.322939, 111
55.527290, 24.387620, 352.064575, 112
30.753472, 34.052129, 361.919943, 113
47.945780, -3.177957, 407.214697, 114
36.463501, 27.158779, 409.634945, 115
93.970635, 7.565294, 369.150076, 116
40.041143, 29.517565, 368.627451, 117
86.452522, -27.914797, 388.065155, 118
87.876439, 19.219935, 358.337249, 119
85.373045, 10.552623, 410.120457, 120
51.621986, 0.714322, 350.399414, 121
80.246479, 26.008493, 406.881489, 122
88.612602, 26.528851, 404.308467, 123
38.114584, -24.477955, 364.505215, 124
32.911068, -18.247573, 355.038894, 125
98.847491, -23.229543, 394.698626, 126
55.579630, -13.421499, 387.591022, 127
