x coord, y coord, z coord, scalar
67.046045, 28.346348, 90.187208, 0
78.308973, 18.906044, 103.398454, 1
87.561758, 44.060792, 124.887988, 2
59.551957, 6.900378, 141.208037, 3
48.778909, -3.477999, 122.921012, 4
57.519269, 3.793362, 143.431359, 5
36.727549, 11.414773, 137.861176, 6
58.464989, 30.928667, 132.089688, 7
67.134191, 54.624990, 141.617430, 8
65.452392, 42.392380, 109.204765, 9
43.775108, 19.040081, 148.627796, 10
51.577396, 6.950698, 109.890847, 11
72.590933, 4.114112, 96.308884, 12
46.374521, 41.987202, 114.285912, 13
36.478059, 0.367835, 121.884511, 14
77.014238, 36.208209, 136.754573, 15
69.341128, 51.256887, 90.526472, 16
56.097829, 19.323510, 132.531825, 17
37.083056, -3.940621, 129.513948, 18
27.596106, 39.832888, 114.263450, 19
54.415940, -6.790362, 144.380205, 20
51.939296, 23.108169, 93.688002, 21
79.445320, 5.300751, 108.878757, 22
24.649816, 29.996405, 93.223111, 23
56.550810, 44.795619, 104.667554, 24
27.330971, 31.411510, 83.232918, 25
81.700613, 10.354286, 145.566455, 26
89.842163, 44.773227, 107.247118, 27
71.269531, -8.542044, 114.383104, 28
49.679048, -2.624805, 96.573125, 29
81.557580, 30.112272, 100.859421, 30
74.833337, -8.346784, 135.044236, 31
86.136435, 49.419671, 82.702134, 32
43.910801, 52.390619, 123.775171, 33
54.749003, 18.543075, 110.927887, 34
77.031628, 24.195179, 84.696599, 35
77.879629, 15.497443, 106.127515, 36
72.341669, 14.941260, 93.257895, 37
28.484383, -4.187548, 95.792483, 38
60.482578, 23.812628, 104.244303, 39
74.670803, 14.971859, 145.433247, 40
24.425823, -0.593139, 148.163105, 41
77.085125, -4.855060, 139.939920, 42
77.402339, 17.376868, 134.687689, 43
50.073105, 50.446997, 95.587908, 44
78.616123, 37.080277, 130.859727, 45
80.927801, 24.561558, 88.714318, 46
35.950918, 6.504900, 114.732129, 47
46.824001, 13.310420, 121.620928, 48
60.231479, 52.114102, 87.791077, 49
82.090881, 36.386556, 113.839573, 50
76.419709, 39.133512, 124.323063, 51
73.478391, 25.820290, 130.544643, 52
62.313893, 12.824283, 90.278648, 53
45.897171, 41.218519, 83.082809, 54
59.100166, 29.436290, 131.239736, 55
38.855480, 19.965750, 98.158412, 56
45.184883, 34.237804, 115.739939, 57
77.532164, -9.336645, 140.126990, 58
48.049072, 29.215970, 134.598259, 59
53.455228, 20.908497, 113.341894, 60
84.909864, 6.929859, 94.832608, 61
58.128513, -9.990108, 131.729559, 62
37.568759, 30.644926, 86.910967, 63
45.462499, 54.863225, 139.206132, 64
46.160396, 23.565038, 110.999531, 65
26.295711, 40.741646, 142.041961, 66
42.069195, -4.471821, 118.636839, 67
75.424248, 51.381469, 120.376898, 68
64.446823, 9.032182, 91.950003, 69
47.940662, 40.808531, 123.935151, 70
78.897679, 35.320047, 141.941650, 71
22.625887, 3.050232, 143.028197, 72
71.970507, 18.940109, 116.030242, 73
76.496557, 42.723742, 113.250630, 74
64.598277, -1.514222, 147.892327, 75
24.493446, 3.102635, 130.991109, 76
84.150479, 23.492972, 137.595906, 77
51.683019, 8.518783, 131.335009, 78
89.674955, 51.286829, 82.723860, 79
30.520569, 8.829157, 134.609066, 80
72.070795, -2.671537, 112.286211, 81
62.908030, -1.724529, 126.413084, 82
54.831811, 48.567124, 87.710346, 83
88.477139, 34.665331, 141.510729, 84
50.623368, 8.865265, 151.073190, 85
47.411264, 11.679848, 96.532882, 86
27.297951, 5.431995, 131.102541, 87
82.508931, 35.436090, 150.698034, 88
62.739054, 34.712698, 144.342023, 89
63.077988, 43.554402, 95.528296, 90
46.582611, 25.226854, 103.933373, 91
76.483904, -2.263461, 113.285514, 92
51.792588, 30.889485, 104.209782, 93
57.118012, 28.968276, 149.951786, 94
47.524325, -10.806702, 101.174159, 95
47.493176, 14.925706, 123.930501, 96
61.641062, 20.544773, 140.439306, 97
41.639194, 12.655396, 118.232322, 98
41.232798, 53.715544, 95.302367, 99
34.470406, 26.395186, 149.933427, 100
47.613782, 51.298920, 117.517409, 101
69.162260, 37.384476, 126.330587, 102
31.343374, -1.221281, 99.577201, 103
53.168258, 34.217854, 139.622149, 104
52.015602, -8.656167, 139.892105, 105
70.804872, 17.158031, 97.174894, 106
43.631133, 57.120220, 128.796320, 107
32.966000, 8.361047, 83.808820, 108
68.813594, 27.914970, 148.601023, 109
81.731039, 40.706504, 117.353344, 110
80.560037, -2.078065, 111.009411, 111
46.973046, 45.405326, 90.751043, 112
22.199229, 55.069834, 100.606394, 113
39.391530, 17.839743, 145.900932, 114
27.909257, 48.176483, 148.321357, 115
85.416393, 28.583004, 107.836534, 116
31.486898, 50.535269, 107.313907, 117
77.898286, -6.897084, 126.751588, 118
79.322197, 40.237643, 97.023708, 119
76.818802, 31.570333, 148.806859, 120
43.067743, 21.732027, 89.085925, 121
71.692236, 47.026201, 145.567904, 122
80.058359, 47.546559, 142.994889, 123
29.560347, -3.460257, 103.191752, 124
24.356828, 2.770128, 93.725396, 125
90.293252, -2.211833, 133.385051, 126
47.025387, 7.596201, 126.277467, 127
