x coord, y coord, z coord, scalar
80.713977, 7.845955, 274.212651, 0
91.976905, -1.594352, 287.423899, 1
101.229690, 23.560398, 308.913464, 2
73.219887, -13.600029, 325.233697, 3
62.446779, -23.978405, 306.946297, 4
71.187196, -16.707041, 327.457018, 5
50.395486, -9.085596, 321.886912, 6
72.132930, 10.428270, 316.115192, 7
80.802124, 34.124596, 325.642915, 8
79.120326, 21.891986, 293.230222, 9
57.443044, -1.460309, 332.653397, 10
65.245325, -13.549702, 293.916021, 11
86.258862, -16.386284, 280.334317, 12
60.042458, 21.486810, 298.311366, 13
50.145961, -20.132521, 305.909826, 14
90.682172, 15.707814, 320.780062, 15
83.009060, 30.756494, 274.551934, 16
69.765785, -1.176899, 316.557438, 17
50.750958, -24.440992, 313.539503, 18
41.264040, 19.332499, 298.288908, 19
68.083862, -27.290759, 328.405797, 20
65.607229, 2.607776, 277.713417, 21
93.113250, -15.199646, 292.904202, 22
38.317748, 9.496015, 277.248556, 23
70.218744, 24.295226, 288.693008, 24
40.998903, 10.911119, 267.258368, 25
95.368543, -10.146111, 329.591960, 26
103.510094, 24.272833, 291.272587, 27
84.937457, -29.042443, 298.408546, 28
63.346975, -23.125198, 280.598515, 29
95.225512, 9.611877, 284.884878, 30
88.501263, -28.847183, 319.069734, 31
99.804366, 28.919279, 266.727600, 32
57.578735, 31.890227, 307.800645, 33
68.416944, -1.957325, 294.953198, 34
90.699559, 3.694786, 268.722051, 35
91.547560, -5.002954, 290.152957, 36
86.009600, -5.559135, 277.283331, 37
42.152311, -24.687937, 279.817907, 38
74.150513, 3.312232, 288.269709, 39
88.338735, -5.528539, 329.458766, 40
38.093750, -21.093526, 332.188639, 41
90.753053, -25.355458, 323.965425, 42
91.070272, -3.123531, 318.713187, 43
63.741038, 29.946605, 279.613365, 44
92.284057, 16.579881, 314.885209, 45
94.595732, 4.061164, 272.739772, 46
49.618844, -13.995468, 298.757350, 47
60.492056, -7.189960, 305.645347, 48
73.899411, 31.613710, 271.816538, 49
95.758813, 15.886161, 297.865039, 50
90.087643, 18.633117, 308.348537, 51
87.146326, 5.319891, 314.570131, 52
75.981824, -7.676111, 274.304071, 53
59.565102, 20.718127, 267.108261, 54
72.768108, 8.935892, 315.265240, 55
52.523413, -0.534640, 282.183809, 56
58.852823, 13.737413, 299.765374, 57
91.200092, -29.837042, 324.152490, 58
61.717017, 8.715578, 318.623796, 59
67.123174, 0.408099, 297.367216, 60
98.577795, -13.570536, 278.858061, 61
71.796428, -30.490511, 315.755085, 62
51.236691, 10.144534, 270.936408, 63
59.130433, 34.362834, 323.231619, 64
59.828339, 3.064647, 295.024879, 65
39.963645, 20.241257, 326.067456, 66
55.737094, -24.972203, 302.662114, 67
89.092181, 30.881076, 304.402371, 68
78.114754, -11.468212, 275.975424, 69
61.608600, 20.308139, 307.960622, 70
92.565612, 14.819652, 325.967143, 71
36.293815, -17.450152, 327.053730, 72
85.638442, -1.560292, 300.055682, 73
90.164490, 22.223347, 297.276096, 74
78.266205, -22.014620, 331.917882, 75
38.161372, -17.397742, 315.016619, 76
97.818411, 2.992576, 321.621397, 77
65.350981, -11.981730, 315.361864, 78
103.342886, 30.786436, 266.749327, 79
44.188499, -11.671212, 318.634662, 80
85.738723, -23.171937, 296.311642, 81
76.575949, -22.224944, 310.438563, 82
68.499743, 28.066732, 271.735803, 83
102.145071, 14.164937, 325.536216, 84
64.291299, -11.635129, 335.098809, 85
61.079195, -8.820544, 280.558258, 86
40.965877, -15.068377, 315.128069, 87
96.176863, 14.935696, 334.723527, 88
76.406989, 14.212304, 328.367535, 89
76.745920, 23.054008, 279.553750, 90
60.250547, 4.726463, 287.958762, 91
90.151832, -22.763860, 297.310960, 92
65.460524, 10.389092, 288.235200, 93
70.785947, 8.467882, 333.977320, 94
61.192250, -31.307095, 285.199560, 95
61.161247, -5.574686, 307.955511, 96
75.309000, 0.044372, 324.464874, 97
55.307155, -7.844958, 302.257237, 98
54.900730, 33.215152, 279.327827, 99
48.138340, 5.894798, 333.958965, 100
61.281717, 30.798528, 301.542876, 101
82.830195, 16.884080, 310.356064, 102
45.011301, -21.721669, 283.602604, 103
66.836196, 13.717461, 323.647669, 104
65.683519, -29.156564, 323.917702, 105
84.472804, -3.342364, 281.200325, 106
57.299067, 36.619828, 312.821798, 107
46.633930, -12.139344, 267.834254, 108
82.481528, 7.414574, 332.626539, 109
95.398971, 20.206110, 301.378813, 110
94.227965, -22.578463, 295.034862, 111
60.640979, 24.904934, 274.776497, 112
35.867161, 34.569443, 284.631859, 113
53.059467, -2.660644, 329.926547, 114
41.577190, 27.676092, 332.346850, 115
99.084325, 8.082609, 291.861995, 116
45.154831, 30.034878, 291.339369, 117
91.566213, -27.397483, 310.777066, 118
92.990129, 19.737249, 281.049168, 119
90.486735, 11.069938, 332.832359, 120
56.735675, 1.231635, 273.111348, 121
85.360168, 26.525807, 329.593394, 122
93.726291, 27.046165, 327.020375, 123
43.228273, -23.960644, 287.217158, 124
38.024757, -17.730261, 277.750826, 125
103.961182, -22.712229, 317.410535, 126
60.693318, -12.904187, 310.302937, 127
