x coord, y coord, z coord, scalar
57.406129, 30.225053, 66.573631, 0
68.669058, 20.784750, 79.784877, 1
77.921842, 45.939497, 101.274407, 2
49.912040, 8.779085, 117.594435, 3
39.138999, -1.599285, 99.307453, 4
47.879353, 5.672069, 119.817757, 5
27.087636, 13.293475, 114.247565, 6
48.825072, 32.807371, 108.476104, 7
57.494276, 56.503694, 118.003848, 8
55.812477, 44.271085, 85.591186, 9
34.135193, 20.918785, 125.014200, 10
41.937480, 8.829404, 86.277302, 11
62.951018, 5.992817, 72.695309, 12
36.734606, 43.865906, 90.672334, 13
26.838152, 2.246540, 98.270949, 14
67.374323, 38.086914, 113.140991, 15
59.701213, 53.135592, 66.912893, 16
46.457909, 21.202214, 108.918228, 17
27.443147, -2.061914, 105.900358, 18
17.956191, 41.711592, 90.649871, 19
44.776026, -4.911655, 120.766611, 20
42.299381, 24.986874, 70.074428, 21
69.805404, 7.179457, 85.265180, 22
15.009901, 31.875110, 69.609534, 23
46.910895, 46.674324, 81.053976, 24
17.691057, 33.290215, 59.619341, 25
72.060697, 12.232991, 121.952871, 26
80.202247, 46.651932, 83.633539, 27
61.629616, -6.663337, 90.769528, 28
40.039133, -0.746099, 72.959555, 29
71.917665, 31.990977, 77.245843, 30
65.193422, -6.468078, 111.430653, 31
76.496520, 51.298377, 59.088555, 32
34.270886, 54.269323, 100.161591, 33
45.109086, 20.421779, 87.314326, 34
67.391713, 26.073885, 61.083021, 35
68.239713, 17.376148, 82.513939, 36
62.701754, 16.819965, 69.644319, 37
18.844469, -2.308843, 72.178909, 38
50.842662, 25.691333, 80.630731, 39
65.030888, 16.850564, 121.819662, 40
14.785909, 1.285565, 124.549517, 41
67.445209, -2.976354, 116.326336, 42
67.762423, 19.255574, 111.074106, 43
40.433190, 52.325702, 71.974330, 44
68.976208, 38.958982, 107.246146, 45
71.287886, 26.440264, 65.100740, 46
26.311006, 8.383603, 91.118578, 47
37.184074, 15.189107, 98.007472, 48
50.591564, 53.992807, 64.177499, 49
72.450965, 38.265261, 90.225994, 50
66.779794, 41.012217, 100.709483, 51
63.838475, 27.698995, 106.931061, 52
52.673978, 14.702988, 66.665073, 53
36.257256, 43.097224, 59.469231, 54
49.460249, 31.314994, 107.626152, 55
29.215565, 21.844454, 74.544841, 56
35.544968, 36.116507, 92.126363, 57
67.892249, -7.457939, 116.513406, 58
38.409155, 31.094673, 110.984671, 59
43.815311, 22.787201, 89.728332, 60
75.269949, 8.808564, 71.219030, 61
48.488598, -8.111400, 108.115972, 62
27.928845, 32.523630, 63.297391, 63
35.822584, 56.741930, 115.592550, 64
36.520481, 25.443741, 87.385965, 65
16.655796, 42.620350, 118.428378, 66
32.429285, -2.593113, 95.023282, 67
65.784333, 53.260174, 96.763318, 68
54.806908, 10.910888, 68.336428, 69
38.300746, 42.687235, 100.321571, 70
69.257764, 37.198752, 118.328068, 71
12.985973, 4.928937, 119.414610, 72
62.330591, 20.818814, 92.416666, 73
66.856642, 44.602447, 89.637051, 74
54.958362, 0.364485, 124.278737, 75
14.853534, 4.981339, 107.377524, 76
74.510564, 25.371677, 113.982324, 77
42.043085, 10.397497, 107.721266, 78
80.035040, 53.165534, 59.110281, 79
20.880657, 10.707860, 110.995471, 80
62.430880, -0.792830, 88.672635, 81
53.268114, 0.154180, 102.799503, 82
45.191897, 50.445829, 64.096767, 83
78.837224, 36.544036, 117.897147, 84
40.983453, 10.743970, 127.459593, 85
37.771349, 13.558553, 72.919313, 86
17.658039, 7.310698, 107.488954, 87
72.869016, 37.314795, 127.084451, 88
53.099139, 36.591403, 120.728439, 89
53.438073, 45.433106, 71.914718, 90
36.942695, 27.105558, 80.319803, 91
66.843988, -0.384755, 89.671937, 92
42.152673, 32.768190, 80.596208, 93
47.478097, 30.846981, 126.338199, 94
37.884411, -8.927996, 77.560588, 95
37.853246, 16.804393, 100.316975, 96
52.001145, 22.423478, 116.825714, 97
31.999280, 14.534092, 94.618808, 98
31.592883, 55.594249, 71.688788, 99
24.830491, 28.273890, 126.319839, 100
37.973867, 53.177625, 93.903829, 101
59.522344, 39.263181, 102.717006, 102
21.703460, 0.657424, 75.963629, 103
43.528342, 36.096559, 116.008563, 104
42.375688, -6.777460, 116.278511, 105
61.164957, 19.036737, 73.561318, 106
33.991218, 58.998924, 105.182739, 107
23.326085, 10.239751, 60.195245, 108
59.173679, 29.793675, 124.987438, 109
72.091123, 42.585209, 93.739764, 110
70.920121, -0.199359, 87.395833, 111
37.333132, 47.284031, 67.137465, 112
12.559314, 56.948538, 76.992814, 113
29.751616, 19.718446, 122.287335, 114
18.269342, 50.055187, 124.707775, 115
75.776477, 30.461709, 84.222955, 116
21.846983, 52.413974, 83.700328, 117
68.258371, -5.018378, 103.138008, 118
69.682282, 42.116348, 73.410130, 119
67.178887, 33.449038, 125.193275, 120
33.427828, 23.610731, 65.472350, 121
62.052320, 48.904905, 121.954322, 122
70.418444, 49.425264, 119.381307, 123
19.920433, -1.581552, 79.578180, 124
14.716913, 4.648833, 70.111820, 125
80.653337, -0.333127, 109.771469, 126
37.385473, 9.474906, 102.663888, 127
