x coord, y coord, z coord, scalar
54.691252, 27.308203, 54.228855, 0
65.954181, 17.867899, 67.440101, 1
75.206966, 43.022646, 88.929629, 2
47.197163, 5.862234, 105.249646, 3
36.424122, -4.516136, 86.962687, 4
45.164476, 2.755218, 107.472968, 5
24.372759, 10.376624, 101.902772, 6
46.110196, 29.890520, 96.131324, 7
54.779399, 53.586844, 105.659069, 8
53.097600, 41.354234, 73.246410, 9
31.420316, 18.001934, 112.669415, 10
39.222603, 5.912553, 73.932542, 11
60.236141, 3.075966, 60.350534, 12
34.019729, 40.949055, 78.327558, 13
24.123275, -0.670311, 85.926181, 14
64.659446, 35.170063, 100.796212, 15
56.986336, 50.218742, 54.568116, 16
43.743033, 18.285364, 96.573442, 17
24.728270, -4.978765, 93.555576, 18
15.241314, 38.794741, 78.305094, 19
42.061149, -7.828506, 108.421826, 20
39.584504, 22.070023, 57.729654, 21
67.090527, 4.262606, 72.920404, 22
12.295024, 28.958259, 57.264758, 23
44.196018, 43.757473, 68.709200, 24
14.976180, 30.373364, 47.274564, 25
69.345820, 9.316141, 109.608092, 26
77.487371, 43.735081, 71.288761, 27
58.914739, -9.580188, 78.424752, 28
37.324257, -3.662950, 60.614782, 29
69.202788, 29.074126, 64.901066, 30
62.478545, -9.384928, 99.085873, 31
73.781643, 48.381526, 46.743777, 32
31.556009, 51.352472, 87.816813, 33
42.394209, 17.504928, 74.969557, 34
64.676836, 23.157034, 48.738244, 35
65.524836, 14.459297, 70.169163, 36
59.986877, 13.903114, 57.299543, 37
16.129592, -5.225694, 59.834134, 38
48.127785, 22.774482, 68.285957, 39
62.316011, 13.933714, 109.474881, 40
12.071032, -1.631285, 112.204736, 41
64.730333, -5.893205, 103.981557, 42
65.047546, 16.338723, 98.729327, 43
37.718313, 49.408851, 59.629553, 44
66.261331, 36.042131, 94.901368, 45
68.573009, 23.523413, 52.755963, 46
23.596129, 5.466752, 78.773815, 47
34.469197, 12.272257, 85.662756, 48
47.876687, 51.075956, 51.832721, 49
69.736088, 35.348410, 77.881216, 50
64.064917, 38.095366, 88.364705, 51
61.123598, 24.782144, 94.586282, 52
49.959101, 11.786137, 54.320299, 53
33.542379, 40.180373, 47.124455, 54
46.745373, 28.398144, 95.281373, 55
26.500688, 18.927604, 62.200068, 56
32.830091, 33.199657, 79.781587, 57
65.177372, -10.374789, 104.168627, 58
35.694278, 28.177823, 98.639889, 59
41.100434, 19.870350, 77.383563, 60
72.555072, 5.891714, 58.874254, 61
45.773721, -11.028251, 95.771191, 62
25.213968, 29.606780, 50.952615, 63
33.107708, 53.825079, 103.247772, 64
33.805604, 22.526890, 75.041195, 65
13.940919, 39.703500, 106.083599, 66
29.714408, -5.509964, 82.678516, 67
63.069456, 50.343324, 84.418540, 68
52.092031, 7.994037, 55.991654, 69
35.585869, 39.770385, 87.976794, 70
66.542887, 34.281901, 105.983289, 71
10.271096, 2.012086, 107.069828, 72
59.615714, 17.901964, 80.071890, 73
64.141765, 41.685596, 77.292273, 74
52.243485, -2.552366, 111.933955, 75
12.138657, 2.064488, 95.032744, 76
71.795687, 22.454826, 101.637545, 77
39.328208, 7.480647, 95.376406, 78
77.320163, 50.248683, 46.765503, 79
18.165780, 7.791009, 98.650686, 80
59.716003, -3.709681, 76.327860, 81
50.553237, -2.762671, 90.454725, 82
42.477020, 47.528978, 51.751990, 83
76.122347, 33.627186, 105.552369, 84
38.268576, 7.827119, 115.114806, 85
35.056472, 10.641702, 60.574541, 86
14.943162, 4.393847, 95.144173, 87
70.154139, 34.397945, 114.739673, 88
50.384262, 33.674552, 108.383658, 89
50.723196, 42.516256, 59.569941, 90
34.227818, 24.188708, 67.975030, 91
64.129111, -3.301606, 77.327161, 92
39.437796, 29.851339, 68.251434, 93
44.763220, 27.930130, 113.993417, 94
35.169534, -11.844847, 65.215814, 95
35.138368, 13.887543, 87.972225, 96
49.286268, 19.506627, 104.480931, 97
29.284403, 11.617242, 82.274063, 98
28.878006, 52.677398, 59.344011, 99
22.115614, 25.357040, 113.975057, 100
35.258990, 50.260774, 81.559052, 101
56.807467, 36.346330, 90.372228, 102
18.988583, -2.259427, 63.618855, 103
40.813465, 33.179708, 103.663783, 104
39.660812, -9.694310, 103.933725, 105
58.450080, 16.119886, 61.216543, 106
31.276341, 56.082074, 92.837961, 107
20.611208, 7.322901, 47.850469, 108
56.458802, 26.876824, 112.642657, 109
69.376246, 39.668359, 81.394986, 110
68.205244, -3.116210, 75.051056, 111
34.618255, 44.367180, 54.792689, 112
9.844437, 54.031688, 64.648037, 113
27.036739, 16.801596, 109.942548, 114
15.554465, 47.138336, 112.362996, 115
73.061600, 27.544858, 71.878178, 116
19.132106, 49.497123, 71.355551, 117
65.543494, -7.935229, 90.793230, 118
66.967405, 39.199497, 61.065353, 119
64.464010, 30.532187, 112.848496, 120
30.712951, 20.693881, 53.127576, 121
59.337443, 45.988055, 109.609543, 122
67.703567, 46.508413, 107.036529, 123
17.205556, -4.498403, 67.233406, 124
12.002036, 1.731982, 57.767045, 125
77.938460, -3.249978, 97.426691, 126
34.670596, 6.558055, 90.319110, 127
