x coord, y coord, z coord, scalar
76.353943, 8.383188, 361.845498, 0
87.616871, -1.057118, 375.056746, 1
96.869656, 24.097631, 396.546327, 2
68.859849, -13.062798, 412.866651, 3
58.086727, -23.441160, 394.579066, 4
66.827159, -16.169808, 415.089972, 5
46.035458, -8.548358, 409.519904, 6
67.772898, 10.965501, 403.748069, 7
76.442090, 34.661830, 413.275783, 8
74.760293, 22.429220, 380.863075, 9
53.083012, -0.923075, 420.286323, 10
60.885289, -13.012470, 381.548734, 11
81.898828, -15.849050, 367.967158, 12
55.682425, 22.024043, 385.944218, 13
45.785929, -19.595272, 393.542608, 14
86.322138, 16.245047, 408.412931, 15
78.649026, 31.293728, 362.184790, 16
65.405754, -0.639675, 404.190369, 17
46.390922, -23.903746, 401.172405, 18
36.904008, 19.869733, 385.921763, 19
63.723825, -26.753524, 416.038718, 20
61.247196, 3.145010, 365.346249, 21
88.753214, -14.662413, 380.537049, 22
33.957715, 10.033250, 364.881404, 23
65.858711, 24.832460, 376.325860, 24
36.638869, 11.448354, 354.891218, 25
91.008508, -9.608878, 417.224837, 26
99.150060, 24.810067, 378.905446, 27
80.577420, -28.505209, 386.041392, 28
58.986940, -22.587963, 368.231336, 29
90.865478, 10.149111, 372.517731, 30
84.141227, -28.309949, 406.702608, 31
95.444332, 29.456513, 354.360458, 32
53.218703, 32.427461, 395.433507, 33
64.056912, -1.420095, 382.585979, 34
86.339525, 4.232020, 356.354902, 35
87.187526, -4.465721, 377.785804, 36
81.649566, -5.021902, 364.916175, 37
37.792277, -24.150701, 367.450745, 38
69.790480, 3.849465, 375.902537, 39
83.978700, -4.991306, 417.091651, 40
33.733717, -20.556289, 419.821532, 41
86.393017, -24.818225, 411.598302, 42
86.710237, -2.586299, 406.346061, 43
59.381005, 30.483839, 367.246219, 44
87.924023, 17.117114, 402.518075, 45
90.235698, 4.598398, 360.372624, 46
45.258814, -13.458227, 386.390087, 47
56.132054, -6.652751, 393.277685, 48
69.539377, 32.150944, 359.449393, 49
91.398779, 16.423394, 385.497896, 50
85.727609, 19.170350, 395.981399, 51
82.786292, 5.857123, 402.203000, 52
71.621790, -7.138878, 361.936908, 53
55.205069, 21.255361, 354.741113, 54
68.408076, 9.473123, 402.898117, 55
48.163380, 0.002595, 369.816633, 56
54.492792, 14.274645, 387.398218, 57
86.840056, -29.299808, 411.785365, 58
57.356987, 9.252810, 406.256689, 59
62.763142, 0.945328, 385.000002, 60
94.217760, -13.033302, 366.490912, 61
67.436388, -29.953276, 403.387973, 62
46.876658, 10.681769, 358.569254, 63
54.770400, 34.900068, 410.864487, 64
55.468309, 3.601879, 382.657678, 65
35.603612, 20.778491, 413.700329, 66
51.377055, -24.434958, 390.294877, 67
84.732147, 31.418309, 392.035233, 68
73.754719, -10.930979, 363.608261, 69
57.248568, 20.845372, 395.593482, 70
88.205578, 15.356885, 413.600014, 71
31.933782, -16.912915, 414.686622, 72
81.278407, -1.023060, 387.688526, 73
85.804456, 22.760581, 384.908954, 74
73.906169, -21.477386, 419.550784, 75
33.801340, -16.860503, 402.649499, 76
93.458377, 3.529809, 409.254267, 77
60.990927, -11.444531, 402.995414, 78
98.982852, 31.323670, 354.382186, 79
39.828471, -11.133972, 406.267584, 80
81.378686, -22.634703, 383.944483, 81
72.215907, -21.687713, 398.071427, 82
64.139710, 28.603966, 359.368657, 83
97.785037, 14.702170, 413.169084, 84
59.931265, -11.097895, 422.731744, 85
56.719161, -8.283310, 368.191072, 86
36.605847, -14.531137, 402.760958, 87
91.816829, 15.472930, 422.356399, 88
72.046956, 14.749536, 416.000415, 89
72.385887, 23.591242, 367.186602, 90
55.890515, 5.263696, 375.591581, 91
85.791796, -22.226627, 384.943808, 92
61.100491, 10.926325, 375.868034, 93
66.425914, 9.005115, 421.610212, 94
56.832214, -30.769859, 372.832386, 95
56.801246, -5.037483, 395.588143, 96
70.948967, 0.581603, 412.097783, 97
50.947137, -7.307721, 389.889821, 98
50.540697, 33.752386, 366.960683, 99
43.778308, 6.432032, 421.591859, 100
56.921684, 31.335762, 389.175735, 101
78.470162, 17.421313, 397.988927, 102
40.651267, -21.184433, 371.235431, 103
62.476164, 14.254693, 411.280554, 104
61.323480, -28.619328, 411.550625, 105
80.112770, -2.805131, 368.833165, 106
52.939034, 37.157062, 400.454662, 107
42.273896, -11.602109, 355.467095, 108
78.121494, 7.951807, 420.259422, 109
91.038937, 20.743343, 389.011673, 110
89.867930, -22.041229, 382.667713, 111
56.280945, 25.442168, 362.409348, 112
31.507127, 35.106677, 372.264717, 113
48.699436, -2.123409, 417.559480, 114
37.217157, 28.213326, 419.979721, 115
94.724290, 8.619842, 379.494850, 116
40.794798, 30.572113, 378.972226, 117
87.206177, -26.860250, 398.409930, 118
88.630095, 20.274483, 368.682023, 119
86.126701, 11.607171, 420.465234, 120
52.375641, 1.768869, 360.744185, 121
81.000135, 27.063041, 417.226265, 122
89.366257, 27.583398, 414.653243, 123
38.868240, -23.423407, 374.849986, 124
33.664723, -17.193025, 365.383666, 125
99.601146, -22.174995, 405.043401, 126
56.333285, -12.366951, 397.935797, 127
