x coord, y coord, z coord, scalar
68.614959, 26.689497, 95.365766, 0
79.877888, 17.249193, 108.577012, 1
89.130672, 42.403940, 130.066547, 2
61.120871, 5.243526, 146.386601, 3
50.347820, -5.134853, 128.099565, 4
59.088183, 2.136510, 148.609923, 5
38.296463, 9.757923, 143.039742, 6
60.033904, 29.271816, 137.268247, 7
68.703105, 52.968138, 146.795989, 8
67.021307, 40.735529, 114.383323, 9
45.344022, 17.383230, 153.806358, 10
53.146310, 5.293846, 115.069398, 11
74.159847, 2.457260, 101.487442, 12
47.943436, 40.330350, 119.464471, 13
38.046971, -1.289015, 127.063065, 14
78.583153, 34.551358, 141.933132, 15
70.910042, 49.600036, 95.705030, 16
57.666745, 17.666659, 137.710387, 17
38.651968, -5.597472, 134.692509, 18
29.165020, 38.176037, 119.442008, 19
55.984854, -8.447214, 149.558767, 20
53.508210, 21.451318, 98.866559, 21
81.014234, 3.643900, 114.057315, 22
26.218730, 28.339554, 98.401669, 23
58.119725, 43.138768, 109.846113, 24
28.899885, 29.754659, 88.411476, 25
83.269527, 8.697434, 150.745015, 26
91.411077, 43.116375, 112.425677, 27
72.838445, -10.198895, 119.561662, 28
51.247962, -4.281656, 101.751682, 29
83.126494, 28.455420, 106.037980, 30
76.402251, -10.003636, 140.222795, 31
87.705349, 47.762820, 87.880693, 32
45.479715, 50.733767, 128.953730, 33
56.317917, 16.886223, 116.106441, 34
78.600542, 22.538328, 89.875157, 35
79.448543, 13.840591, 111.306073, 36
73.910583, 13.284408, 98.436452, 37
30.053297, -5.844399, 100.971041, 38
62.051492, 22.155777, 109.422860, 39
76.239717, 13.315007, 150.611807, 40
25.994737, -2.249990, 153.341665, 41
78.654039, -6.511912, 145.118480, 42
78.971253, 15.720017, 139.866249, 43
51.642020, 48.790146, 100.766466, 44
80.185038, 35.423425, 136.038286, 45
82.496715, 22.904707, 93.892876, 46
37.519831, 4.848050, 119.910681, 47
48.392921, 11.653572, 126.799459, 48
61.800393, 50.457251, 92.969636, 49
83.659795, 34.729704, 119.018131, 50
77.988623, 37.476661, 129.501622, 51
75.047305, 24.163438, 135.723202, 52
63.882807, 11.167431, 95.457205, 53
47.466085, 39.561668, 88.261367, 54
60.669081, 27.779439, 136.418296, 55
40.424394, 18.308899, 103.336969, 56
46.753798, 32.580953, 120.918496, 57
79.101078, -10.993496, 145.305549, 58
49.617987, 27.559119, 139.776819, 59
55.024143, 19.251646, 118.520449, 60
86.478778, 5.273008, 100.011166, 61
59.697426, -11.646961, 136.908119, 62
39.137673, 28.988074, 92.089525, 63
47.031414, 53.206374, 144.384691, 64
47.729311, 21.908187, 116.178086, 65
27.864625, 39.084795, 147.220520, 66
43.638107, -6.128673, 123.815392, 67
76.993163, 49.724618, 125.555457, 68
66.015737, 7.375331, 97.128560, 69
49.509576, 39.151680, 129.113710, 70
80.466594, 33.663195, 147.120210, 71
24.194801, 1.393381, 148.206757, 72
73.539422, 17.283257, 121.208800, 73
78.065471, 41.066890, 118.429189, 74
66.167191, -3.171073, 153.070888, 75
26.062359, 1.445784, 136.169669, 76
85.719393, 21.836120, 142.774465, 77
53.251937, 6.861926, 136.513604, 78
91.243869, 49.629977, 87.902419, 79
32.089483, 7.172307, 139.787628, 80
73.639709, -4.328388, 117.464768, 81
64.476944, -3.381382, 131.591643, 82
56.400726, 46.910273, 92.888904, 83
90.046054, 33.008480, 146.689288, 84
52.192282, 7.208413, 156.251753, 85
48.980178, 10.022997, 101.711438, 86
28.866864, 3.775144, 136.281101, 87
84.077845, 33.779239, 155.876593, 88
64.307969, 33.055847, 149.520583, 89
64.646902, 41.897550, 100.706854, 90
48.151525, 23.570003, 109.111930, 91
78.052818, -3.920313, 118.464072, 92
53.361502, 29.232634, 109.388339, 93
58.686927, 27.311425, 155.130347, 94
49.093239, -12.463553, 106.352716, 95
49.062097, 13.268858, 129.109047, 96
63.209976, 18.887922, 145.617867, 97
43.208108, 10.998547, 123.410866, 98
42.801712, 52.058693, 100.480925, 99
36.039320, 24.738335, 155.111987, 100
49.182696, 49.642069, 122.695967, 101
70.731174, 35.727625, 131.509146, 102
32.912287, -2.878132, 104.755757, 103
54.737172, 32.561003, 144.800709, 104
53.584516, -10.313019, 145.070667, 105
72.373787, 15.501180, 102.353451, 106
45.200047, 55.463369, 133.974879, 107
34.534914, 6.704195, 88.987378, 108
70.382509, 26.258119, 153.779583, 109
83.299953, 39.049653, 122.531902, 110
82.128951, -3.734917, 116.187969, 111
48.541961, 43.748475, 95.929601, 112
23.768143, 53.412982, 105.784952, 113
40.960445, 16.182892, 151.079494, 114
29.478171, 46.519631, 153.499916, 115
86.985307, 26.926153, 113.015092, 116
33.055812, 48.878418, 112.492466, 117
79.467200, -8.553936, 131.930147, 118
80.891111, 38.580792, 102.202267, 119
78.387716, 29.913481, 153.985418, 120
44.636657, 20.075175, 94.264482, 121
73.261150, 45.369349, 150.746463, 122
81.627273, 45.889707, 148.173448, 123
31.129261, -5.117108, 108.370309, 124
25.925741, 1.113277, 98.903953, 125
91.862166, -3.868684, 138.563610, 126
48.594301, 5.939350, 131.456026, 127
