x coord, y coord, z coord, scalar
91.331440, -1.284801, 485.666536, 0
102.594368, -10.725109, 498.877786, 1
111.847153, 14.429642, 520.367388, 2
83.837348, -22.730793, 536.687844, 3
73.064202, -33.109166, 518.399992, 4
81.804655, -25.837802, 538.911164, 5
61.012953, -18.216337, 533.341151, 6
82.750399, 1.297512, 527.569151, 7
91.419588, 24.993841, 537.096852, 8
89.737791, 12.761231, 504.684123, 9
68.060510, -10.591063, 544.107475, 10
75.862786, -22.680462, 505.369579, 11
96.876324, -25.517041, 491.788189, 12
70.659923, 12.356056, 509.765264, 13
60.763407, -29.263252, 517.363555, 14
101.299636, 6.577057, 532.234002, 15
93.626523, 21.625739, 486.005841, 16
80.383263, -10.307666, 528.011529, 17
61.368403, -33.571732, 524.993522, 18
51.881505, 10.201746, 509.742812, 19
78.701318, -36.421517, 539.859862, 20
76.224693, -6.522979, 489.167268, 21
103.730711, -24.330404, 504.358089, 22
48.935211, 0.365262, 488.702444, 23
80.836209, 15.164471, 500.146905, 24
51.616365, 1.780365, 478.712261, 25
105.986006, -19.276869, 541.045919, 26
114.127557, 15.142077, 502.726502, 27
95.554916, -38.173202, 509.862429, 28
73.964435, -32.255953, 492.052336, 29
105.842975, 0.481121, 496.338778, 30
99.118723, -37.977942, 530.523686, 31
110.421829, 19.788523, 478.181512, 32
68.196200, 22.759473, 519.254567, 33
79.034414, -11.088084, 506.406923, 34
101.317022, -5.435970, 480.175947, 35
102.165023, -14.133712, 501.606841, 36
96.627063, -14.689892, 488.737208, 37
52.769771, -33.818690, 491.271769, 38
84.767978, -5.818525, 499.723548, 39
98.956198, -14.659297, 540.912743, 40
48.711211, -30.224277, 543.642635, 41
101.370513, -34.486217, 535.419384, 42
101.687735, -12.254290, 530.167138, 43
74.358501, 20.815851, 491.067268, 44
102.901521, 7.449125, 526.339140, 45
105.213195, -5.069591, 484.193670, 46
60.236304, -23.126208, 510.210967, 47
71.109597, -16.320711, 517.097992, 48
84.516874, 22.482955, 483.270444, 49
106.376277, 6.755405, 509.318951, 50
100.705107, 9.502360, 519.802460, 51
97.763791, -3.810868, 526.024070, 52
86.599286, -16.806867, 485.757932, 53
70.182566, 11.587373, 478.562158, 54
83.385578, -0.194866, 526.719198, 55
63.140877, -9.665393, 493.637638, 56
69.470291, 4.606659, 511.219251, 57
101.817552, -38.967800, 535.606444, 58
72.334489, -0.415177, 530.077795, 59
77.740646, -8.722660, 508.820953, 60
109.195256, -22.701292, 490.311957, 61
82.413880, -39.621272, 527.209071, 62
61.854155, 1.013780, 482.390290, 63
69.747897, 25.232079, 534.685556, 64
70.445810, -6.066107, 506.478648, 65
50.581109, 11.110504, 537.521405, 66
66.354536, -34.102949, 514.115795, 67
99.709645, 21.750320, 515.856292, 68
88.732216, -20.598969, 487.429283, 69
72.226067, 11.177385, 519.414540, 70
103.183076, 5.688895, 537.421087, 71
46.911276, -26.580901, 538.507724, 72
96.255906, -10.691052, 511.509562, 73
100.781954, 13.092591, 508.730008, 74
88.883665, -31.145378, 543.371902, 75
48.778832, -26.528487, 526.470584, 76
108.435874, -6.138182, 533.075339, 77
75.968459, -21.112562, 526.817460, 78
113.960348, 21.655681, 478.203241, 79
54.805962, -20.801952, 530.088731, 80
96.356183, -32.302696, 507.765513, 81
87.193402, -31.355713, 521.892490, 82
79.117207, 18.935977, 483.189705, 83
112.762534, 5.034180, 536.990153, 84
74.908761, -20.765885, 546.552908, 85
71.696658, -17.951299, 492.012062, 86
51.583338, -24.199119, 526.582056, 87
106.794326, 5.804940, 546.177472, 88
87.024455, 5.081547, 539.821502, 89
87.363384, 13.923253, 491.007648, 90
70.868014, -4.404292, 499.412580, 91
100.769292, -31.894619, 508.764847, 92
76.077990, 1.258337, 499.689054, 93
81.403412, -0.662874, 545.431315, 94
71.809708, -40.437849, 496.653394, 95
71.778798, -14.705446, 519.408872, 96
85.926467, -9.086388, 535.918911, 97
65.924639, -16.975689, 513.710482, 98
65.518193, 24.084398, 490.781733, 99
58.755805, -3.235955, 545.412964, 100
71.899181, 21.667774, 512.996791, 101
93.447661, 7.753324, 521.809989, 102
55.628761, -30.852421, 495.056441, 103
77.453663, 4.586705, 535.101646, 104
76.300972, -38.287322, 535.371772, 105
95.090267, -12.473121, 492.654195, 106
67.916531, 27.489074, 524.275726, 107
57.251392, -21.270098, 479.288126, 108
93.098992, -1.716182, 544.080512, 109
106.016435, 11.075354, 512.832730, 110
104.845426, -31.709221, 506.488757, 111
71.258442, 15.774179, 486.230394, 112
46.484624, 25.438689, 496.085771, 113
63.676933, -11.791395, 541.380641, 114
52.194654, 18.545338, 543.800794, 115
109.701788, -1.048148, 503.315901, 116
55.772295, 20.904125, 502.793277, 117
102.183673, -36.528242, 522.230992, 118
103.607592, 10.606494, 492.503074, 119
101.104198, 1.939181, 544.286312, 120
67.353138, -7.899119, 484.565209, 121
95.977632, 17.395051, 541.047336, 122
104.343755, 17.915409, 538.474311, 123
53.845733, -33.091395, 498.670998, 124
48.642218, -26.861014, 489.204694, 125
114.578643, -31.842986, 528.864468, 126
71.310781, -22.034939, 521.756853, 127
