x coord, y coord, z coord, scalar
165.646870, 33.193891, 101.391707, 0
165.806522, 59.928671, 136.755507, 1
195.550838, 56.010043, 107.000946, 2
167.708857, 16.728377, 109.953535, 3
177.127726, 57.936052, 116.233376, 4
164.451240, 34.638797, 145.565553, 5
206.458798, 36.784062, 133.764902, 6
163.314668, 31.228749, 128.444690, 7
168.920904, 0.408631, 123.585396, 8
175.953405, 0.832101, 106.713519, 9
200.518554, 13.068805, 141.672845, 10200.910535, 25.465107, 134.647154, 11167.946508, -1.113602, 123.702471, 12173.947688, 13.185141, 142.196252, 13182.902529, 36.903368, 133.187454, 14198.135157, 47.943772, 169.581651, 15173.980806, 32.273066, 139.412505, 16206.745595, 42.177466, 103.685183, 17165.470908, 57.688272, 105.858970, 18188.056324, 11.512060, 108.456000, 19193.770038, 58.620493, 123.290058, 20165.723141, 37.401489, 150.520886, 21199.370019, 51.937832, 151.172257, 22222.072510, 3.755947, 166.122222, 23194.548983, 33.247114, 136.072306, 24158.007092, 9.252892, 117.059694, 25157.869051, 29.823578, 151.098046, 26196.280155, 14.439501, 126.320719, 27198.965619, 26.500240, 117.054070, 28203.824799, 61.146475, 130.331892, 29211.281084, 32.786837, 121.997812, 30164.851824, 45.099880, 161.164782, 31214.372283, 22.340231, 146.148147, 32195.824734, 22.283130, 151.669548, 33192.227435, 63.421990, 117.961799, 34158.578335, -0.700509, 128.979898, 35174.638125, 3.758399, 160.568705, 36156.016476, 46.628473, 108.053503, 37181.337188, 23.464547, 136.320404, 38197.392082, 5.159629, 130.511114, 39158.004529, 63.030590, 165.063174, 40179.002488, 5.752791, 143.208721, 41170.447577, 66.714939, 167.313984, 42215.595551, 40.410044, 122.642501, 43197.545042, 10.507849, 119.109982, 44214.507005, 15.676053, 120.174660, 45173.767483, 36.904220, 125.697171, 46164.616499, 39.510412, 105.371984, 47171.670136, -1.281855, 130.601846, 48206.989197, 42.700064, 137.526764, 49167.780848, 47.294536, 133.602854, 50163.124379, 4.167400, 141.120692, 51205.332901, 21.204781, 140.881408, 52202.927281, 14.670726, 114.336559, 53155.850437, 58.805689, 126.609721, 54173.960655, 51.183095, 144.051289, 55193.135354, 2.820889, 114.000403, 56217.833591, 14.027237, 155.276155, 57153.486401, 32.287277, 155.759420, 58183.088132, 17.146837, 131.505009, 59219.614795, 31.517478, 111.844905, 60183.498121, 41.231763, 117.775887, 61154.899173, 24.435079, 140.747522, 62194.780302, 5.232731, 157.183408, 63208.117106, 7.673008, 149.034630, 64165.007368, 28.223564, 133.263276, 65208.058263, -0.770755, 137.849178, 66221.058839, 63.652703, 153.641531, 67206.615398, 63.728961, 118.974230, 68192.655040, 24.687502, 137.887482, 69154.440612, 22.172782, 102.449158, 70165.285670, 52.260708, 145.446356, 71182.063164, 53.749730, 102.926491, 72221.810538, 26.400411, 109.924482, 73209.274260, 12.387908, 119.362566, 74188.589252, 23.985161, 149.352159, 75220.852432, 9.913820, 150.345686, 76188.982059, 8.843041, 147.044186, 77172.904082, 62.048297, 143.818633, 78190.878369, 32.573810, 101.551187, 79159.045103, 33.604332, 125.489393, 80160.494415, 45.479820, 110.795580, 81204.940528, 5.413329, 166.310743, 82206.867297, 5.094243, 125.756586, 83215.791918, 60.958379, 139.909691, 84165.435115, 27.418065, 165.660120, 85213.786375, 26.140860, 108.619118, 86194.412521, 61.712815, 119.227274, 87171.736897, 12.487280, 114.321047, 88214.555400, 49.955478, 148.660358, 89215.107066, 55.590443, 115.309998, 90170.877099, 62.674727, 162.555133, 91180.672898, 45.485643, 101.013527, 92177.264006, 30.223352, 107.872558, 93202.020631, 23.885614, 101.876933, 94172.210818, 35.910771, 131.060387, 95168.151181, 27.567379, 158.966659, 96175.770476, -0.149754, 153.724883, 97193.997909, 18.177017, 167.977323, 98207.319214, 10.602782, 150.978345, 99186.259925, 3.580231, 139.614359, 10200.570004, 21.047127, 135.334787, 10193.405575, 48.309911, 113.865242, 10193.419426, 3.444317, 145.854364, 10200.292695, 52.054811, 102.785178, 10201.169892, 2.135980, 140.461194, 10162.510786, 16.877045, 101.073877, 10220.477107, 39.237374, 102.689254, 10204.482339, 11.105663, 122.631356, 10202.739978, 65.014758, 134.999392, 10183.998534, 29.145136, 140.348363, 11153.893389, 7.585542, 163.157023, 11188.227991, 47.580927, 144.513232, 11201.093699, 18.870747, 149.722203, 11177.228459, 65.753317, 134.822311, 11179.013950, 44.793659, 138.724353, 11218.474954, 53.894247, 157.365554, 11218.549018, 52.241726, 129.648414, 11220.238387, 34.594467, 142.519285, 11173.150344, 15.204854, 140.579863, 11207.149735, 45.793324, 102.770020, 12177.774932, 46.276606, 112.120251, 12171.212328, 12.374915, 161.467096, 12214.724785, 60.058475, 113.383149, 12194.727110, 15.157289, 112.181770, 12159.829916, 40.761026, 158.741055, 12197.553247, 37.106294, 145.681569, 12185.199172, 33.525782, 130.967152, 12