x coord, y coord, z coord, scalar
80.973271, 11.693861, 256.410108, 0
92.236200, 2.253555, 269.621355, 1
101.488984, 27.408304, 291.110917, 2
73.479182, -9.752121, 307.431132, 3
62.706081, -20.130498, 289.143770, 4
71.446491, -12.859134, 309.654453, 5
50.654779, -5.237693, 304.084339, 6
72.392224, 14.276177, 298.312642, 7
81.061418, 37.972502, 307.840368, 8
79.379621, 25.739893, 275.427677, 9
57.702338, 2.387596, 314.850838, 10
65.504620, -9.701795, 276.113504, 11
86.518157, -12.538378, 262.531774, 12
60.301751, 25.334716, 280.508822, 13
50.405259, -16.284620, 288.107295, 14
90.941466, 19.555720, 302.977514, 15
83.268354, 34.604400, 256.749389, 16
70.025077, 2.671009, 298.754878, 17
51.010256, -20.593089, 295.736948, 18
41.523334, 23.180404, 280.486363, 19
68.343158, -23.442853, 310.603239, 20
65.866523, 6.455682, 259.910876, 21
93.372544, -11.351740, 275.101658, 22
38.577042, 13.343921, 259.446013, 23
70.478038, 28.143132, 270.890463, 24
41.258197, 14.759025, 249.455824, 25
95.627838, -6.298205, 311.789410, 26
103.769389, 28.120739, 273.470041, 27
85.196752, -25.194536, 280.606003, 28
63.606270, -19.277292, 262.795977, 29
95.484806, 13.459783, 267.082333, 30
88.760559, -24.999276, 301.267185, 31
100.063661, 32.767184, 248.925054, 32
57.838030, 35.738133, 289.998098, 33
68.676238, 1.890582, 277.150668, 34
90.958854, 7.542692, 250.919507, 35
91.806855, -1.155048, 272.350414, 36
86.268895, -1.711229, 259.480789, 37
42.411606, -20.840032, 262.015366, 38
74.409807, 7.160139, 270.467169, 39
88.598030, -1.680632, 311.656215, 40
38.353045, -17.245621, 314.386087, 41
91.012348, -21.507552, 306.162875, 42
91.329566, 0.724376, 300.910638, 43
64.000332, 33.794511, 261.810821, 44
92.543351, 20.427788, 297.082662, 45
94.855027, 7.909071, 254.937227, 46
49.878139, -10.147566, 280.954829, 47
60.751334, -3.342054, 287.842906, 48
74.158706, 35.461616, 254.013993, 49
96.018108, 19.734067, 280.062493, 50
90.346937, 22.481023, 290.545991, 51
87.405620, 9.167798, 296.767583, 52
76.241118, -3.828205, 256.501530, 53
59.824397, 24.566033, 249.305717, 54
73.027401, 12.783799, 297.462691, 55
52.782707, 3.313266, 264.381270, 56
59.112116, 17.585319, 281.962832, 57
91.459387, -25.989136, 306.349941, 58
61.976310, 12.563484, 300.821243, 59
67.382467, 4.256006, 279.564684, 60
98.837089, -9.722630, 261.055517, 61
72.055724, -26.642604, 297.952534, 62
51.495986, 13.992440, 253.133865, 63
59.389727, 38.210740, 305.429071, 64
60.087632, 6.912553, 277.222345, 65
40.222939, 24.089162, 308.264908, 66
55.996392, -21.124299, 284.859587, 67
89.351475, 34.728982, 286.599825, 68
78.374048, -7.620306, 258.172883, 69
61.867893, 24.156045, 290.158076, 70
92.824907, 18.667558, 308.164594, 71
36.553110, -13.602247, 309.251178, 72
85.897736, 2.287615, 282.253139, 73
90.423785, 26.071253, 279.473550, 74
78.525500, -18.166713, 314.115327, 75
38.420667, -13.549838, 297.214069, 76
98.077706, 6.840482, 303.818848, 77
65.610273, -8.133808, 297.559179, 78
103.602180, 34.634342, 248.946781, 79
44.447794, -7.823309, 300.832103, 80
85.998018, -19.324030, 278.509100, 81
76.835245, -18.377036, 292.636016, 82
68.759038, 31.914638, 253.933258, 83
102.404366, 18.012843, 307.733668, 84
64.550594, -7.787223, 317.296248, 85
61.338490, -4.972638, 262.755722, 86
41.225172, -11.220474, 297.325517, 87
96.436157, 18.783602, 316.920979, 88
76.666284, 18.060210, 310.564984, 89
77.005215, 26.901914, 261.751205, 90
60.509841, 8.574368, 270.156224, 91
90.411127, -18.915953, 279.508416, 92
65.719818, 14.236998, 270.432659, 93
71.045241, 12.315788, 316.174768, 94
61.451545, -27.459189, 267.397021, 95
61.420523, -1.726779, 290.153011, 96
75.568294, 3.892279, 306.662318, 97
55.566445, -3.997057, 284.454746, 98
55.160024, 37.063058, 261.525282, 99
48.397634, 9.742703, 316.156412, 100
61.541011, 34.646434, 283.740330, 101
83.089489, 20.731987, 292.553517, 102
45.270596, -17.873764, 265.800065, 103
67.095490, 17.565367, 305.845118, 104
65.942815, -25.308658, 306.115143, 105
84.732099, 0.505542, 263.397783, 106
57.558361, 40.467734, 295.019251, 107
46.893224, -8.291439, 250.031711, 108
82.740822, 11.262481, 314.823988, 109
95.658266, 24.054016, 283.576267, 110
94.487260, -18.730556, 277.232318, 111
60.900273, 28.752840, 256.973952, 112
36.126455, 38.417348, 266.829313, 113
53.318761, 1.187261, 312.123987, 114
41.836484, 31.523998, 314.544301, 115
99.343619, 11.930515, 274.059449, 116
45.414126, 33.882784, 273.536824, 117
91.825508, -23.549576, 292.974519, 118
93.249423, 23.585155, 263.246623, 119
90.746029, 14.917844, 315.029810, 120
56.994969, 5.079541, 255.308807, 121
85.619463, 30.373713, 311.790846, 122
93.985586, 30.894071, 309.217827, 123
43.487568, -20.112739, 269.414618, 124
38.284051, -13.882356, 259.948283, 125
104.220476, -18.864323, 299.607987, 126
60.952613, -9.056281, 292.500391, 127
