x coord, y coord, z coord, scalar
67.998116, 15.078323, 135.870201, 0
79.261045, 5.638018, 149.081447, 1
88.513830, 30.792766, 170.570989, 2
60.504027, -6.367654, 186.891082, 3
49.730951, -16.746029, 168.603967, 4
58.471338, -9.474668, 189.114404, 5
37.679624, -1.853242, 183.544239, 6
59.417065, 17.660639, 177.772695, 7
68.086263, 41.356964, 187.300433, 8
66.404465, 29.124354, 154.887761, 9
44.727182, 5.772057, 194.310827, 10
52.529466, -6.317331, 155.573776, 11
73.543004, -9.153915, 141.991875, 12
47.326595, 28.719177, 159.968908, 13
37.430118, -12.900172, 167.567473, 14
77.966311, 22.940182, 182.437577, 15
70.293200, 37.988862, 136.209470, 16
57.049912, 6.055477, 178.214858, 17
38.035115, -17.208635, 175.196968, 18
28.548179, 26.564864, 159.946446, 19
55.368007, -20.058389, 190.063234, 20
52.891369, 9.840143, 139.370988, 21
80.397391, -7.967276, 154.561750, 22
25.601888, 16.728381, 138.906105, 23
57.502883, 31.527594, 150.350550, 24
28.283043, 18.143486, 128.915913, 25
82.652684, -2.913742, 191.249463, 26
90.794234, 31.505201, 152.930117, 27
72.221600, -21.810072, 160.066097, 28
50.631118, -15.892830, 142.256105, 29
82.509652, 16.844246, 146.542418, 30
75.785406, -21.614812, 180.727242, 31
87.088507, 36.151646, 128.385133, 32
44.862874, 39.122594, 169.458171, 33
55.701079, 5.275046, 156.610848, 34
77.983700, 10.927154, 130.379594, 35
78.831700, 2.229415, 151.810508, 36
73.293741, 1.673233, 138.940886, 37
29.436453, -17.455572, 141.475472, 38
61.434651, 10.544601, 149.927287, 39
75.622875, 1.703831, 191.116258, 40
25.377893, -13.861162, 193.846120, 41
78.037195, -18.123088, 185.622928, 42
78.354411, 4.108840, 180.370695, 43
51.025178, 37.178972, 141.270904, 44
79.568196, 23.812250, 176.542730, 45
81.879873, 11.293533, 134.397314, 46
36.902988, -6.763114, 160.415069, 47
47.776131, 0.042397, 167.303677, 48
61.183551, 38.846077, 133.474074, 49
83.042953, 23.118530, 159.522571, 50
77.371782, 25.865486, 170.006063, 51
74.430464, 12.552261, 176.227647, 52
63.265964, -0.443743, 135.961636, 53
46.849243, 27.950494, 128.765804, 54
60.052243, 16.168262, 176.922744, 55
39.807552, 6.697726, 143.841394, 56
46.136959, 20.969779, 161.422930, 57
78.484234, -22.604672, 185.809996, 58
49.001150, 15.947945, 180.281274, 59
54.407306, 7.640469, 159.024858, 60
85.861935, -6.338167, 140.515604, 61
59.080576, -23.258138, 177.412572, 62
38.520831, 17.376901, 132.593960, 63
46.414572, 41.595201, 184.889136, 64
47.112474, 10.297013, 156.682501, 65
27.247784, 27.473622, 187.724966, 66
43.021252, -17.739840, 164.319792, 67
76.376321, 38.113444, 166.059898, 68
65.398894, -4.235844, 137.632991, 69
48.892737, 27.540506, 169.618151, 70
79.849752, 22.052020, 187.624655, 71
23.577957, -10.217789, 188.711212, 72
72.922580, 5.672080, 161.713234, 73
77.448630, 29.455715, 158.933629, 74
65.550347, -14.782249, 193.575347, 75
25.445516, -10.165383, 176.674118, 76
85.102551, 10.224945, 183.278910, 77
52.635101, -4.749299, 177.018338, 78
90.627026, 38.018803, 128.406859, 79
31.472641, -4.438857, 180.292095, 80
73.022865, -15.939565, 157.969201, 81
63.860095, -14.992565, 172.096086, 82
55.783883, 35.299099, 133.393342, 83
89.429211, 21.397305, 187.193733, 84
51.575440, -4.402761, 196.756225, 85
48.363335, -1.588177, 142.215859, 86
28.250021, -7.836021, 176.785554, 87
83.461003, 22.168064, 196.381039, 88
63.691128, 21.444672, 190.025033, 89
64.030060, 30.286376, 141.211292, 90
47.534685, 11.958829, 149.616353, 91
77.435974, -15.531489, 158.968508, 92
52.744662, 17.621460, 149.892769, 93
58.070086, 15.700250, 195.634801, 94
48.476394, -24.074727, 146.857142, 95
48.445313, 1.657677, 169.613391, 96
62.593137, 7.276744, 186.122329, 97
42.591280, -0.612612, 163.915189, 98
42.184870, 40.447519, 140.985364, 99
35.422479, 13.127163, 195.616442, 100
48.565855, 38.030895, 163.200408, 101
70.114333, 24.116449, 172.013588, 102
32.295443, -14.489304, 145.260184, 103
54.120333, 20.949829, 185.305160, 104
52.967667, -21.924194, 185.575135, 105
71.756944, 3.890005, 142.857884, 106
44.583206, 43.852195, 174.479321, 107
33.918071, -4.906978, 129.491811, 108
69.765667, 14.646943, 194.284033, 109
82.683111, 27.438478, 163.036343, 110
81.512107, -15.346093, 156.692406, 111
47.925119, 32.137301, 136.434039, 112
23.151301, 41.801809, 146.289392, 113
40.343605, 4.571720, 191.583966, 114
28.861330, 34.908458, 194.004362, 115
86.368464, 15.314978, 153.519531, 116
32.438971, 37.267245, 152.996905, 117
78.850356, -20.165112, 172.434590, 118
80.274269, 26.969617, 142.706705, 119
77.770874, 18.302306, 194.489865, 120
44.019815, 8.464002, 134.768913, 121
72.644308, 33.758175, 191.250909, 122
81.010431, 34.278533, 188.677892, 123
30.512416, -16.728279, 148.874736, 124
25.308898, -10.497895, 139.408385, 125
91.245323, -15.479860, 179.068054, 126
47.977459, -5.671822, 171.960467, 127
