x coord, y coord, z coord, scalar
83.087112, 9.976244, 404.744065, 0
94.350041, 0.535937, 417.955314, 1
103.602826, 25.690686, 439.444902, 2
75.593020, -11.469743, 455.765272, 3
64.819896, -21.848110, 437.477594, 4
73.560329, -14.576754, 457.988592, 5
52.768627, -6.955302, 452.418543, 6
74.506068, 12.558557, 446.646651, 7
83.175260, 36.254885, 456.174361, 8
81.493463, 24.022275, 423.761646, 9
59.816182, 0.669980, 463.184929, 10
67.618459, -11.419415, 424.447234, 11
88.631997, -14.255996, 410.865722, 12
62.415595, 23.617099, 428.842788, 13
52.519095, -18.002217, 436.441144, 14
93.055308, 17.838102, 451.311509, 15
85.382196, 32.886784, 405.083362, 16
72.138925, 0.953382, 447.088978, 17
53.124089, -22.310692, 444.070999, 18
43.637177, 21.462789, 428.820334, 19
70.456994, -25.160470, 458.937321, 20
67.980365, 4.738065, 408.244810, 21
95.486384, -13.069358, 423.435617, 22
40.690884, 11.626305, 407.779972, 23
72.591881, 26.425515, 419.224429, 24
43.372039, 13.041409, 397.789787, 25
97.741678, -8.015823, 460.123419, 26
105.883230, 26.403122, 421.804019, 27
87.310590, -26.912154, 428.939959, 28
65.720110, -20.994908, 411.129890, 29
97.598648, 11.742166, 415.416301, 30
90.874397, -26.716895, 449.601189, 31
102.177502, 31.049568, 397.259031, 32
59.951872, 34.020516, 438.332082, 33
70.790082, 0.172961, 425.484514, 34
93.072695, 5.825075, 399.253472, 35
93.920696, -2.872666, 420.684370, 36
88.382736, -3.428847, 407.814740, 37
44.525446, -22.557647, 410.349307, 38
76.523650, 5.442520, 418.801095, 39
90.711870, -3.398251, 459.990237, 40
40.466886, -18.963234, 462.720121, 41
93.126187, -23.225170, 454.496885, 42
93.443407, -0.993244, 449.244641, 43
66.114174, 32.076894, 410.144790, 44
94.657193, 18.710169, 445.416651, 45
96.968868, 6.191453, 403.271194, 46
51.991982, -11.865172, 429.288599, 47
62.865227, -5.059687, 436.176000, 48
76.272547, 33.743999, 402.347964, 49
98.131949, 18.016449, 428.396469, 50
92.460779, 20.763405, 438.879974, 51
89.519462, 7.450178, 445.101578, 52
78.354959, -5.545823, 404.835470, 53
61.938239, 22.848417, 397.639682, 54
75.141246, 11.066178, 445.796699, 55
54.896550, 1.595650, 412.715188, 56
61.225961, 15.867701, 430.296783, 57
93.573226, -27.706753, 454.683946, 58
64.090157, 10.845866, 449.155280, 59
69.496313, 2.538384, 427.898539, 60
100.950930, -11.440247, 409.389482, 61
74.169558, -28.360222, 446.286561, 62
53.609828, 12.274824, 401.467820, 63
61.503570, 36.493123, 453.763065, 64
62.201479, 5.194935, 425.556222, 65
42.336782, 22.371547, 456.598909, 66
58.110222, -22.841905, 433.193403, 67
91.465317, 33.011364, 434.933807, 68
80.487889, -9.337924, 406.506822, 69
63.981738, 22.438428, 438.492056, 70
94.938748, 16.949940, 456.498593, 71
38.666951, -15.319860, 457.585211, 72
88.011577, 0.569995, 430.587092, 73
92.537626, 24.353636, 427.807526, 74
80.639339, -19.884332, 462.449378, 75
40.534509, -15.267448, 445.548082, 76
100.191547, 5.122864, 452.152845, 77
67.724106, -9.851478, 445.894328, 78
105.716021, 32.916725, 397.280759, 79
46.561639, -9.540916, 449.166189, 80
88.111856, -21.041649, 426.843047, 81
78.949077, -20.094659, 440.970002, 82
70.872880, 30.197021, 402.267227, 83
104.518207, 16.295225, 456.067662, 84
66.664434, -9.504840, 465.630354, 85
63.452331, -6.690255, 411.089622, 86
43.339015, -12.938082, 445.659545, 87
98.549999, 17.065985, 465.254978, 88
78.780126, 16.342592, 458.898999, 89
79.119057, 25.184297, 410.085172, 90
62.623685, 6.856751, 418.490135, 91
92.524966, -20.633572, 427.842375, 92
67.833661, 12.519381, 418.766594, 93
73.159084, 10.598170, 464.508802, 94
63.565384, -29.176804, 415.730942, 95
63.534421, -3.444419, 438.486603, 96
77.682137, 2.174658, 454.996381, 97
57.680306, -5.714663, 432.788258, 98
57.273866, 35.345442, 409.859254, 99
50.511478, 8.025088, 464.490449, 100
63.654853, 32.928817, 432.074308, 101
85.203332, 19.014368, 440.887502, 102
47.384436, -19.591378, 414.133989, 103
69.209334, 15.847749, 454.179139, 104
68.056650, -27.026274, 454.449229, 105
86.845940, -1.212076, 411.731729, 106
59.672203, 38.750117, 443.353238, 107
49.007065, -10.009054, 398.365660, 108
84.854664, 9.544862, 463.158007, 109
97.772107, 22.336398, 431.910246, 110
96.601100, -20.448174, 425.566282, 111
63.014115, 27.035223, 405.307918, 112
38.240297, 36.699732, 415.163289, 113
55.432605, -0.530354, 460.458089, 114
43.950327, 29.806382, 462.878300, 115
101.457460, 10.212897, 422.393421, 116
47.527968, 32.165168, 421.870797, 117
93.939347, -25.267195, 441.308505, 118
95.363265, 21.867538, 411.580595, 119
92.859871, 13.200226, 463.363815, 120
59.108811, 3.361925, 403.642747, 121
87.733305, 28.656096, 460.124843, 122
96.099427, 29.176454, 457.551820, 123
45.601409, -21.830353, 417.748544, 124
40.397893, -15.599970, 408.282229, 125
106.334316, -20.581940, 447.941978, 126
63.066455, -10.773896, 440.834370, 127
