x coord, y coord, z coord, scalar
173.070155, 38.793202, 107.391670, 0
173.229807, 65.527982, 142.755516, 1
202.974123, 61.609354, 113.000914, 2
175.132142, 22.327688, 115.953501, 3
184.551012, 63.535363, 122.233345, 4
171.874525, 40.238109, 151.565602, 5
213.882084, 42.383373, 139.764917, 6
170.737952, 36.828060, 134.444678, 7
176.344190, 6.007942, 129.585388, 8
183.376690, 6.431412, 112.713500, 9
207.941839, 18.668116, 147.672873, 10208.333821, 31.064417, 140.647189, 11175.369794, 4.485709, 129.702464, 12181.370973, 18.784452, 148.196288, 13190.325816, 42.502694, 139.188659, 14205.558443, 53.543083, 175.581677, 15181.404090, 37.872378, 145.412670, 16214.168881, 47.776777, 109.685150, 17172.894193, 63.287583, 111.858949, 18195.479609, 17.111371, 114.455961, 19201.193323, 64.219804, 129.290038, 20173.146426, 43.000800, 156.520935, 21206.793305, 57.537143, 157.172295, 22229.495795, 9.355258, 172.122231, 23201.972271, 38.846423, 142.072536, 24165.430377, 14.852203, 123.059681, 25165.292336, 35.422889, 157.098074, 26203.703440, 20.038811, 132.320697, 27206.388904, 32.099551, 123.053986, 28211.248084, 66.745786, 136.331891, 29218.704369, 38.386148, 127.997789, 30172.275110, 50.699191, 167.164811, 31221.795569, 27.939542, 152.148167, 32203.248019, 27.882441, 157.669614, 33199.650721, 69.021301, 123.961780, 34166.001620, 4.898802, 134.979897, 35182.061410, 9.357710, 166.568725, 36163.439762, 52.227784, 114.053483, 37188.760471, 29.063857, 142.320571, 38204.815367, 10.758939, 136.511113, 39165.427815, 68.629902, 171.063187, 40186.425773, 11.352102, 149.208744, 41177.870862, 72.314250, 173.313998, 42223.018837, 46.009355, 128.642487, 43204.968327, 16.107159, 125.109954, 44221.930291, 21.275363, 126.174647, 45181.190767, 42.503533, 131.697041, 46172.039785, 45.109723, 111.371946, 47179.093421, 4.317456, 136.601845, 48214.412483, 48.299374, 143.526788, 49175.204134, 52.893848, 139.602867, 50170.547664, 9.766711, 147.120702, 51212.756186, 26.804092, 146.881440, 52210.350566, 20.270037, 120.336528, 53163.273722, 64.405000, 132.609717, 54181.383940, 56.782407, 150.051336, 55200.558639, 8.420200, 120.000383, 56225.256876, 19.626548, 161.276170, 57160.909686, 37.886589, 161.759440, 58190.511416, 22.746147, 137.505016, 59227.038080, 37.116789, 117.844888, 60190.921406, 46.831075, 123.775689, 61162.322458, 30.034390, 146.747536, 62202.203587, 10.832042, 163.183430, 63215.540391, 13.272319, 155.034647, 64172.430653, 33.822875, 139.263290, 65215.481548, 4.828556, 143.849183, 66228.482124, 69.252014, 159.641540, 67214.038684, 69.328272, 124.974219, 68200.078325, 30.286812, 143.887637, 69161.863897, 27.772094, 108.449139, 70172.708955, 57.860020, 151.446383, 71189.486449, 59.349041, 108.926455, 72229.233824, 31.999722, 115.924468, 73216.697545, 17.987219, 125.362550, 74196.012537, 29.584471, 155.352268, 75228.275717, 15.513131, 156.345696, 76196.405344, 14.442352, 153.044219, 77180.327367, 67.647609, 149.818651, 78198.301654, 38.173121, 107.551127, 79166.468388, 39.203644, 131.489377, 80167.917701, 51.079132, 116.795552, 81212.363813, 11.012640, 172.310759, 82214.290583, 10.693554, 131.756580, 83223.215204, 66.557690, 145.909698, 84172.858400, 33.017376, 171.660148, 85221.209661, 31.740171, 114.619094, 86201.835806, 67.312126, 125.227254, 87179.160182, 18.086591, 120.321013, 88221.978686, 55.554789, 154.660375, 89222.530351, 61.189754, 121.309985, 90178.300385, 68.274038, 168.555152, 91188.096183, 51.084954, 107.013480, 92184.687291, 35.822663, 113.872474, 93209.443916, 29.484925, 107.876896, 94179.634102, 41.510084, 137.060389, 95175.574466, 33.166690, 164.966701, 96183.193762, 5.449557, 159.724901, 97201.421194, 23.776328, 173.977353, 98214.742500, 16.202093, 156.978365, 99193.683210, 9.179542, 145.614375, 10207.993290, 26.646437, 141.334815, 10200.828861, 53.909222, 119.865175, 10200.842711, 9.043628, 151.854384, 10207.715981, 57.654122, 108.785148, 10208.593177, 7.735291, 146.461204, 10169.934071, 22.476356, 107.073854, 10227.900392, 44.836685, 108.689238, 10211.905624, 16.704973, 128.631340, 10210.163264, 70.614069, 140.999397, 10191.421818, 34.744446, 146.348816, 11161.316674, 13.184853, 169.157036, 11195.651277, 53.180238, 150.513328, 11208.516985, 24.470058, 155.722247, 11184.651745, 71.352629, 140.822316, 11186.437236, 50.392972, 144.724479, 11225.898239, 59.493558, 163.365568, 11225.972304, 57.841037, 135.648413, 11227.661672, 40.193777, 148.519298, 11180.573628, 20.804165, 146.579901, 11214.573021, 51.392635, 108.769992, 12185.198217, 51.875917, 118.120176, 12178.635613, 17.974226, 167.467123, 12222.148070, 65.657786, 119.383137, 12202.150395, 20.756599, 118.181723, 12167.253201, 46.360337, 164.741082, 12204.976533, 42.705604, 151.681677, 12192.622457, 39.125094, 136.967044, 12