x coord, y coord, z coord, scalar
77.930894, 17.507344, 230.845899, 0
89.193823, 8.067038, 244.057146, 1
98.446608, 33.221787, 265.546704, 2
70.436805, -3.938636, 281.866892, 3
59.663715, -14.317010, 263.579583, 4
68.404115, -7.045649, 284.090213, 5
47.612403, 0.575785, 278.520089, 6
69.349845, 20.089660, 272.748425, 7
78.019042, 43.785985, 282.276153, 8
76.337244, 31.553376, 249.863466, 9
54.659961, 8.201079, 289.286607, 10
62.462243, -3.888311, 250.549334, 11
83.475781, -6.724894, 236.967567, 12
57.259374, 31.148198, 254.944611, 13
47.362890, -10.471142, 262.543105, 14
87.899089, 25.369203, 277.413299, 15
80.225977, 40.417883, 231.185177, 16
66.982695, 8.484494, 273.190645, 17
47.967886, -14.779608, 270.172723, 18
38.480957, 28.993886, 254.922152, 19
65.300783, -17.629369, 285.039009, 20
62.824147, 12.269165, 234.346671, 21
90.330168, -5.538256, 249.537449, 22
35.534666, 19.157403, 233.881804, 23
67.435662, 33.956615, 245.326253, 24
38.215821, 20.572507, 223.891614, 25
92.585461, -0.484721, 286.225193, 26
100.727012, 33.934222, 247.905828, 27
82.154377, -19.381052, 255.041794, 28
60.563894, -13.463809, 237.231776, 29
92.442430, 19.273267, 241.518122, 30
85.718183, -19.185792, 275.702968, 31
97.021284, 38.580667, 223.360842, 32
54.795653, 41.551615, 264.433885, 33
65.633859, 7.704066, 251.586478, 34
87.916477, 13.356175, 225.355297, 35
88.764478, 4.658436, 246.786205, 36
83.226518, 4.102254, 233.916581, 37
39.369230, -15.026549, 236.451160, 38
71.367430, 12.973622, 244.902966, 39
85.555653, 4.132851, 286.091996, 40
35.310670, -11.432139, 288.821865, 41
87.969972, -15.694068, 280.598658, 42
88.287189, 6.537860, 275.346421, 43
60.957956, 39.607994, 236.246610, 44
89.500974, 26.241271, 271.518447, 45
91.812650, 13.722554, 229.373017, 46
46.835764, -4.334087, 255.390652, 47
57.708937, 2.471420, 262.278844, 48
71.116329, 41.275099, 228.449781, 49
92.975731, 25.547550, 254.498281, 50
87.304560, 28.294506, 264.981777, 51
84.363243, 14.981281, 271.203368, 52
73.198742, 1.985278, 230.937324, 53
56.782020, 30.379516, 223.741507, 54
69.985023, 18.597282, 271.898473, 55
49.740331, 9.126748, 238.817068, 56
56.069739, 23.398801, 256.398624, 57
88.417011, -20.175652, 280.785724, 58
58.933931, 18.376966, 275.257021, 59
64.340087, 10.069489, 254.000493, 60
95.794713, -3.909146, 235.491306, 61
69.013350, -20.829119, 272.388313, 62
48.453609, 19.805923, 227.569656, 63
56.347350, 44.024222, 279.864856, 64
57.045254, 12.726035, 251.658150, 65
37.180562, 29.902644, 282.700691, 66
52.954022, -15.310816, 259.295403, 67
86.309099, 40.542465, 261.035612, 68
75.331672, -1.806823, 232.608677, 69
58.825516, 29.969528, 264.593863, 70
89.782530, 24.481041, 282.600378, 71
33.510734, -7.788766, 283.686956, 72
82.855359, 8.101100, 256.688930, 73
87.381408, 31.884737, 253.909338, 74
75.483124, -12.353229, 288.551103, 75
35.378292, -7.736358, 271.649850, 76
95.035329, 12.653965, 278.254633, 77
62.567885, -2.320305, 271.994769, 78
100.559804, 40.447824, 223.382569, 79
41.405419, -2.009831, 275.267872, 80
82.955642, -13.510545, 252.944893, 81
73.792870, -12.563548, 267.071802, 82
65.716661, 37.728120, 228.369047, 83
99.361989, 23.826326, 282.169453, 84
61.508217, -1.973740, 291.732014, 85
58.296113, 0.840844, 237.191522, 86
38.182798, -5.406995, 271.761296, 87
93.393781, 24.597085, 291.356763, 88
73.623906, 23.873693, 285.000766, 89
73.962838, 32.715397, 236.186995, 90
57.467464, 14.387851, 244.592023, 91
87.368751, -13.102469, 253.944207, 92
62.677441, 20.050481, 244.868454, 93
68.002864, 18.129271, 290.610546, 94
58.409170, -21.645706, 241.832818, 95
58.378122, 4.086698, 264.588864, 96
72.525916, 9.705763, 281.098091, 97
52.524065, 1.816418, 258.890613, 98
52.117648, 42.876541, 235.961071, 99
45.355258, 15.556185, 290.592189, 100
58.498634, 40.459917, 258.176118, 101
80.047112, 26.545470, 266.989303, 102
42.228220, -12.060282, 240.235862, 103
64.053112, 23.378850, 280.280898, 104
62.900441, -19.495174, 280.550912, 105
81.689722, 6.319026, 237.833575, 106
54.515984, 46.281217, 269.455037, 107
43.850848, -2.477956, 224.467504, 108
79.698445, 17.075964, 289.259769, 109
92.615889, 29.867499, 258.012054, 110
91.444884, -12.917072, 251.668108, 111
57.857897, 34.566322, 231.409742, 112
33.084078, 44.230831, 241.265101, 113
50.276384, 7.000743, 286.559753, 114
38.794108, 37.337480, 288.980085, 115
96.301242, 17.743998, 248.495238, 116
42.371749, 39.696266, 247.972612, 117
88.783132, -17.736092, 267.410305, 118
90.207047, 29.398638, 237.682412, 119
87.703652, 20.731327, 289.465593, 120
53.952593, 10.893024, 229.744601, 121
82.577086, 36.187196, 286.226631, 122
90.943209, 36.707554, 283.653612, 123
40.445193, -14.299257, 243.850415, 124
35.241676, -8.068873, 234.384076, 125
101.178100, -13.050839, 274.043772, 126
57.910237, -3.242799, 266.936178, 127
