x coord, y coord, z coord, scalar
87.036008, -1.637341, 614.185604, 0
98.298936, -11.077650, 627.396855, 1
107.551721, 14.077101, 648.886480, 2
79.541913, -23.083336, 665.207074, 3
68.768750, -33.461695, 646.918942, 4
77.509220, -26.190344, 667.430393, 5
56.717528, -18.568871, 661.860438, 6
78.454969, 0.944969, 656.088265, 7
87.124156, 24.641301, 665.615952, 8
85.442360, 12.408690, 633.203201, 9
63.765080, -10.943603, 672.626661, 10
71.567352, -23.033004, 633.888445, 11
92.580891, -25.869581, 620.307248, 12
66.364494, 12.003515, 638.284340, 13
56.467975, -29.615775, 645.882526, 14
97.004204, 6.224516, 660.753104, 15
89.331091, 21.273199, 614.524923, 16
76.087834, -10.660216, 656.530724, 17
57.072968, -33.924258, 653.512674, 18
47.586075, 9.849207, 638.261892, 19
74.405883, -36.774056, 668.379041, 20
71.929262, -6.875519, 617.686314, 21
99.435278, -24.682945, 632.877158, 22
44.639780, 0.012723, 617.221513, 23
76.540778, 14.811931, 628.665981, 24
47.320934, 1.427826, 607.231335, 25
101.690573, -19.629410, 669.565033, 26
109.832125, 14.789537, 631.245589, 27
91.259482, -38.525742, 638.381496, 28
69.669002, -32.608492, 620.571364, 29
101.547543, 0.128580, 624.857856, 30
94.823289, -38.330482, 659.042795, 31
106.126397, 19.435983, 606.700597, 32
63.900770, 22.406932, 647.773658, 33
74.738983, -11.440629, 634.925892, 34
97.021590, -5.788510, 608.695022, 35
97.869591, -14.486253, 630.125908, 36
92.331631, -15.042432, 617.256271, 37
48.474340, -34.171228, 619.790823, 38
80.472547, -6.171067, 628.242588, 39
94.660766, -15.011839, 669.431868, 40
44.415780, -30.576814, 672.161771, 41
97.075079, -34.838757, 663.938499, 42
97.392303, -12.606833, 658.686247, 43
70.063070, 20.463311, 619.586346, 44
98.606089, 7.096583, 654.858237, 45
100.917763, -5.422131, 612.712746, 46
55.940877, -23.478740, 638.729868, 47
66.814203, -16.673276, 645.616292, 48
80.221443, 22.130415, 611.789525, 49
102.080845, 6.402864, 637.838035, 50
96.409676, 9.149819, 648.321551, 51
93.468359, -4.163410, 654.543172, 52
82.303854, -17.159408, 614.276984, 53
65.887134, 11.234833, 607.081233, 54
79.090148, -0.547410, 655.238312, 55
58.845447, -10.017932, 622.156671, 56
65.174862, 4.254117, 639.738313, 57
97.522118, -39.320340, 664.125555, 58
68.039061, -0.767720, 658.596933, 59
73.445217, -9.075205, 637.339929, 60
104.899824, -23.053832, 618.831032, 61
78.118441, -39.973811, 655.728201, 62
57.558724, 0.661241, 610.909357, 63
65.452466, 24.879539, 663.204656, 64
66.150382, -6.418649, 634.997645, 65
46.285679, 10.757964, 666.040512, 66
62.059098, -34.455478, 642.634737, 67
95.414213, 21.397780, 644.375382, 68
84.436783, -20.951509, 615.948335, 69
67.930637, 10.824844, 647.933629, 70
98.887644, 5.336354, 665.940191, 71
42.615845, -26.933438, 667.026860, 72
91.960474, -11.043595, 640.028627, 73
96.486523, 12.740050, 637.249092, 74
84.588231, -31.497919, 671.891053, 75
44.483402, -26.881021, 654.989702, 76
104.140442, -6.490723, 661.594442, 77
71.673008, -21.465143, 655.337587, 78
109.664916, 21.303141, 606.722327, 79
50.510536, -21.154485, 658.607914, 80
92.060748, -32.655237, 636.284572, 81
82.897962, -31.708256, 650.411585, 82
74.821775, 18.583437, 611.708783, 83
108.467102, 4.681640, 665.509253, 84
70.613329, -21.118425, 675.072108, 85
67.401226, -18.303839, 620.531080, 86
47.287910, -24.551652, 655.101188, 87
102.498894, 5.452399, 674.696577, 88
82.729024, 4.729006, 668.340621, 89
83.067953, 13.570713, 619.526724, 90
66.572584, -4.756833, 627.931607, 91
96.473858, -32.247160, 637.283917, 92
71.782560, 0.905796, 628.208102, 93
77.107982, -1.015415, 673.950451, 94
67.514275, -40.790388, 625.172430, 95
67.483406, -15.058018, 647.927615, 96
81.631036, -9.438932, 664.438072, 97
61.629225, -17.328225, 642.229153, 98
61.222762, 23.731858, 619.300814, 99
54.460376, -3.588494, 673.932103, 100
67.603751, 21.315233, 641.515877, 101
89.152229, 7.400782, 650.329082, 102
51.333330, -31.204959, 623.575480, 103
73.158234, 4.234163, 663.620772, 104
72.005535, -38.639859, 663.890955, 105
90.794835, -12.825662, 621.173254, 106
63.621100, 27.136534, 652.794820, 107
52.955960, -21.622637, 607.807187, 108
88.803561, -2.068724, 672.599634, 109
101.721003, 10.722813, 641.351817, 110
100.549993, -32.061761, 635.007831, 111
66.963011, 15.421639, 614.749469, 112
42.189193, 25.086149, 624.604855, 113
59.381505, -12.143934, 669.899838, 114
47.899223, 18.192799, 672.319899, 115
105.406356, -1.400688, 631.834982, 116
51.476865, 20.551585, 631.312359, 117
97.888239, -36.880783, 650.750086, 118
99.312160, 10.253953, 621.022154, 119
96.808767, 1.586640, 672.805423, 120
63.057707, -8.251659, 613.084263, 121
91.682201, 17.042511, 669.566440, 122
100.048323, 17.562869, 666.993411, 123
49.550301, -33.443933, 627.190038, 124
44.346787, -27.213552, 617.723752, 125
110.283210, -32.195527, 657.383567, 126
67.015350, -22.387477, 650.275941, 127
