x coord, y coord, z coord, scalar
76.148594, 18.922020, 222.628391, 0
87.411522, 9.481715, 235.839638, 1
96.664307, 34.636463, 257.329194, 2
68.654504, -2.523958, 273.649374, 3
57.881417, -12.902331, 255.362083, 4
66.621814, -5.630972, 275.872695, 5
45.830103, 1.990461, 270.302567, 6
67.567544, 21.504336, 264.530914, 7
76.236741, 45.200662, 274.058643, 8
74.554943, 32.968052, 241.645958, 9
52.877660, 9.615755, 281.069092, 10
60.679943, -2.473634, 242.331838, 11
81.693480, -5.310218, 228.750060, 12
55.477073, 32.562875, 246.727103, 13
45.580591, -9.056467, 254.325602, 14
86.116788, 26.783880, 269.195789, 15
78.443677, 41.832560, 222.967668, 16
65.200393, 9.899171, 264.973129, 17
46.185587, -13.364932, 261.955210, 18
36.698657, 30.408563, 246.704644, 19
63.518483, -16.214692, 276.821494, 20
61.041846, 13.683841, 226.129165, 21
88.547867, -4.123579, 241.319941, 22
33.752365, 20.572080, 225.664296, 23
65.653361, 35.371292, 237.108745, 24
36.433520, 21.987184, 215.674106, 25
90.803161, 0.929956, 278.007682, 26
98.944712, 35.348899, 239.688319, 27
80.372076, -17.966375, 246.824286, 28
58.781594, -12.049132, 229.014270, 29
90.660129, 20.687943, 233.300614, 30
83.935882, -17.771115, 267.485458, 31
95.238984, 39.995344, 215.143333, 32
53.013352, 42.966292, 256.216376, 33
63.851558, 9.118742, 243.368976, 34
86.134177, 14.770851, 217.137788, 35
86.982177, 6.073113, 238.568698, 36
81.444218, 5.516931, 225.699073, 37
37.586930, -13.611873, 228.233653, 38
69.585129, 14.388299, 236.685460, 39
83.773352, 5.547528, 277.874484, 40
33.528370, -10.017462, 280.604353, 41
86.187671, -14.279391, 272.381147, 42
86.504888, 7.952537, 267.128911, 43
59.175655, 41.022670, 228.029101, 44
87.718673, 27.655947, 263.300938, 45
90.030350, 15.137230, 221.155509, 46
45.053465, -2.919411, 247.173154, 47
55.926631, 3.886093, 254.061382, 48
69.334028, 42.689775, 220.232273, 49
91.193430, 26.962227, 246.280772, 50
85.522259, 29.709183, 256.764268, 51
82.580942, 16.395958, 262.985858, 52
71.416441, 3.399955, 222.719817, 53
54.999720, 31.794192, 215.523999, 54
68.202722, 20.011959, 263.680962, 55
47.958030, 10.541425, 230.599562, 56
54.287438, 24.813477, 248.181116, 57
86.634711, -18.760975, 272.568213, 58
57.151630, 19.791643, 267.039509, 59
62.557786, 11.484165, 245.782991, 60
94.012412, -2.494470, 227.273798, 61
67.231050, -19.414441, 264.170801, 62
46.671309, 21.220599, 219.352149, 63
54.565050, 45.438899, 271.647346, 64
55.262953, 14.140711, 243.440646, 65
35.398262, 31.317321, 274.483181, 66
51.171723, -13.896139, 251.077902, 67
84.526798, 41.957141, 252.818102, 68
73.549371, -0.392146, 224.391170, 69
57.043215, 31.384204, 256.376354, 70
88.000229, 25.895718, 274.382868, 71
31.728434, -6.374089, 275.469444, 72
81.073058, 9.515776, 248.471423, 73
85.599107, 33.299413, 245.691829, 74
73.700823, -10.938552, 280.333590, 75
33.595992, -6.321682, 263.432339, 76
93.253028, 14.068642, 270.037123, 77
60.785580, -0.905624, 263.777196, 78
98.777503, 41.862501, 215.165060, 79
39.623119, -0.595155, 267.050357, 80
81.173341, -12.095868, 244.727385, 81
72.010569, -11.148870, 258.854292, 82
63.934361, 39.142797, 220.151539, 83
97.579688, 25.241003, 273.951943, 84
59.725917, -0.559063, 283.514498, 85
56.513813, 2.255521, 228.974017, 86
36.400498, -3.992319, 263.543784, 87
91.611480, 26.011762, 283.139252, 88
71.841606, 25.288370, 276.783255, 89
72.180537, 34.130074, 227.969487, 90
55.685163, 15.802527, 236.374517, 91
85.586450, -11.687792, 245.726699, 92
60.895140, 21.465158, 236.650947, 93
66.220563, 19.543948, 282.393034, 94
56.626870, -20.231029, 233.615312, 95
56.595815, 5.501370, 256.371376, 96
70.743615, 11.120440, 272.880578, 97
50.741765, 3.231092, 250.673129, 98
50.335347, 44.291217, 227.743562, 99
43.572957, 16.970862, 282.374677, 100
56.716333, 41.874593, 249.958609, 101
78.264811, 27.960147, 258.771794, 102
40.445920, -10.645605, 232.018355, 103
62.270811, 24.793526, 272.063387, 104
61.118141, -18.080496, 272.333397, 105
79.907421, 7.733702, 229.616068, 106
52.733684, 47.695893, 261.237528, 107
42.068548, -1.063279, 216.249996, 108
77.916145, 18.490641, 281.042258, 109
90.833588, 31.282176, 249.794545, 110
89.662584, -11.502395, 243.450599, 111
56.075596, 35.980999, 223.192234, 112
31.301778, 45.645507, 233.047592, 113
48.494083, 8.415419, 278.342237, 114
37.011807, 38.752157, 280.762575, 115
94.518942, 19.158675, 240.277729, 116
40.589448, 41.110943, 239.755104, 117
87.000832, -16.321415, 259.192796, 118
88.424746, 30.813315, 229.464903, 119
85.921352, 22.146004, 281.248082, 120
52.170292, 12.307700, 221.527094, 121
80.794785, 37.601873, 278.009121, 122
89.160908, 38.122231, 275.436102, 123
38.662893, -12.884580, 235.632909, 124
33.459375, -6.654197, 226.166569, 125
99.395800, -11.636162, 265.826263, 126
56.127936, -1.828123, 258.718669, 127
