x coord, y coord, z coord, scalar
101.557205, -12.218204, 773.106515, 0
112.820133, -21.658514, 786.317768, 1
122.072918, 3.496238, 807.807422, 2
94.063112, -33.664205, 824.128188, 3
83.289924, -44.042575, 805.839706, 4
92.030417, -36.771212, 826.351506, 5
71.238723, -29.149723, 820.781624, 6
92.976171, -9.635894, 815.009234, 7
101.645354, 14.060438, 824.536903, 8
99.963558, 1.827827, 792.124125, 9
78.286278, -21.524464, 831.547721, 10
86.088549, -33.613870, 792.809105, 11
107.102088, -36.450446, 779.228150, 12
80.885692, 1.422653, 797.205261, 13
70.989153, -40.196628, 804.803317, 14
111.525402, -4.356348, 819.674058, 15
103.852288, 10.692336, 773.445852, 16
90.609044, -21.241081, 815.451795, 17
71.594148, -44.505118, 812.433690, 18
62.107272, -0.731654, 797.182818, 19
88.927076, -47.354922, 827.300091, 20
86.450459, -17.456382, 776.607199, 21
113.956475, -35.263811, 791.798071, 22
59.160977, -10.568139, 776.142426, 23
91.061975, 4.231068, 787.586902, 24
61.842130, -9.153036, 766.152253, 25
116.211770, -30.210274, 828.486001, 26
124.353322, 4.208674, 790.166524, 27
105.780677, -49.106609, 797.302406, 28
84.190197, -43.189356, 779.492226, 29
116.068740, -10.452283, 783.778779, 30
109.344484, -48.911349, 817.963758, 31
120.647593, 8.855120, 765.621530, 32
78.421967, 11.826071, 806.694598, 33
89.260186, -22.021492, 793.846680, 34
111.542787, -16.369373, 767.615942, 35
112.390788, -25.067118, 789.046819, 36
106.852827, -25.623296, 776.177177, 37
62.995534, -44.752090, 778.711717, 38
94.993746, -16.751930, 787.163465, 39
109.181963, -25.592704, 828.352851, 40
58.936974, -41.157675, 831.082768, 41
111.596275, -45.419623, 822.859468, 42
111.913501, -23.187698, 817.607209, 43
84.584267, 9.882448, 778.507271, 44
113.127287, -3.484280, 813.779184, 45
115.438959, -16.002995, 771.633667, 46
70.462067, -34.059594, 797.650572, 47
81.335448, -27.254111, 804.536245, 48
94.742639, 11.549552, 770.710452, 49
116.602042, -4.178000, 796.758968, 50
110.930873, -1.431044, 807.242491, 51
107.989558, -14.744275, 813.464125, 52
96.825051, -27.740271, 773.197877, 53
80.408331, 0.653970, 766.002153, 54
93.611350, -11.128273, 814.159280, 55
73.366643, -20.598793, 781.077539, 56
79.696062, -6.326743, 798.659218, 57
112.043314, -49.901206, 823.046520, 58
82.560263, -11.348579, 817.517933, 59
87.966421, -19.656068, 796.260726, 60
119.421020, -33.634696, 777.751952, 61
92.639633, -50.554681, 814.649191, 62
72.079920, -9.919621, 769.830266, 63
79.973664, 14.298677, 822.125608, 64
80.671583, -16.999509, 793.918467, 65
60.806876, 0.177103, 824.961473, 66
76.580279, -45.036343, 801.555492, 67
109.935411, 10.816917, 803.296321, 68
98.957980, -31.532373, 774.869227, 69
82.451836, 0.243982, 806.854566, 70
113.408842, -5.244509, 824.861148, 71
57.137039, -37.514298, 825.947856, 72
106.481673, -21.624460, 798.949534, 73
111.007720, 2.159187, 796.170025, 74
99.109426, -42.078785, 830.812069, 75
59.004594, -37.461879, 813.910676, 76
118.661640, -17.071587, 820.515398, 77
86.194239, -32.046050, 814.259820, 78
124.186113, 10.722278, 765.643261, 79
65.031728, -31.735339, 817.528968, 80
106.581944, -43.236104, 795.205473, 81
97.419157, -42.289131, 809.332529, 82
89.342972, 8.002574, 770.629708, 83
122.988299, -5.899224, 824.430205, 84
85.134526, -31.699289, 833.993184, 85
81.922423, -28.884701, 779.451929, 86
61.809100, -35.132507, 814.022179, 87
117.020091, -5.128464, 833.617535, 88
97.250222, -5.851857, 827.261596, 89
97.589150, 2.989850, 778.447646, 90
81.093782, -15.337694, 786.852467, 91
110.995055, -42.828026, 796.204831, 92
86.303758, -9.675066, 787.128990, 93
91.629180, -11.596278, 832.871448, 94
82.035469, -51.371252, 784.093301, 95
82.004660, -25.638855, 806.848121, 96
96.152237, -20.019797, 823.359101, 97
76.150426, -27.909066, 801.149570, 98
75.743959, 13.150996, 778.221741, 99
68.981573, -14.169355, 832.853103, 100
82.124948, 10.734371, 800.436811, 101
103.673428, -3.180081, 809.250024, 102
65.854524, -41.785821, 782.496354, 103
87.679433, -6.346698, 822.541755, 104
86.526726, -49.220727, 822.812010, 105
105.316032, -23.406526, 780.094154, 106
78.142298, 16.555672, 811.715764, 107
67.477156, -32.203499, 766.728089, 108
103.324759, -12.649587, 831.520614, 109
116.242201, 0.141950, 800.272753, 110
115.071189, -42.642627, 793.928750, 111
81.484208, 4.840777, 773.670390, 112
56.710389, 14.505287, 783.525787, 113
73.902702, -22.724794, 828.820911, 114
62.420420, 7.611937, 831.240857, 115
119.927553, -11.981552, 790.755910, 116
65.998061, 9.970723, 790.233289, 117
112.409435, -47.461649, 809.671030, 118
113.833357, -0.326910, 779.943081, 119
111.329964, -8.994223, 831.726387, 120
77.578903, -18.832521, 772.005156, 121
106.203398, 6.461648, 828.487395, 122
114.569520, 6.982006, 825.914363, 123
64.071495, -44.024794, 786.110914, 124
58.867982, -37.794414, 776.644652, 125
124.804406, -42.776391, 816.304516, 126
81.536545, -32.968338, 809.196877, 127
