x coord, y coord, z coord, scalar
194.193289, 34.729844, 117.391605, 0
194.352944, 61.464626, 152.755531, 1
224.097260, 57.545994, 123.000857, 2
196.255274, 18.264330, 125.953438, 3
205.674150, 59.472006, 132.233290, 4
192.997659, 36.174755, 161.565689, 5
235.005222, 38.320004, 149.764943, 6
191.861084, 32.764710, 144.444655, 7
197.467321, 1.944583, 139.585375, 8
204.499823, 2.368053, 122.713468, 9
229.064970, 14.604752, 157.672922, 10229.456951, 27.001044, 150.647250, 11196.492925, 0.422351, 139.702453, 12202.494101, 14.721094, 158.196352, 13211.449081, 38.439469, 149.190824, 14226.681578, 49.479723, 185.581724, 15202.527219, 33.809036, 155.412965, 16235.292017, 43.713416, 119.685092, 17194.017329, 59.224225, 121.858911, 18216.602740, 13.048011, 124.455891, 19222.316464, 60.156444, 139.290002, 20194.269561, 38.937444, 166.521024, 21227.916443, 53.473782, 167.172363, 22250.618929, 5.291897, 182.122248, 23223.095411, 34.783029, 152.072950, 24186.553509, 10.788845, 133.059658, 25186.415470, 31.359533, 167.098123, 26224.826568, 15.975445, 142.320657, 27227.512037, 28.036183, 133.053834, 28232.371223, 62.682424, 146.331889, 29239.827505, 34.322782, 137.997747, 30193.398245, 46.635833, 177.164864, 31242.918703, 23.876179, 162.148202, 32224.371151, 23.819077, 167.669731, 33220.773859, 64.957942, 133.961746, 34187.124753, 0.835444, 144.979895, 35203.184543, 5.294351, 176.568761, 36184.562896, 48.164427, 124.053446, 37209.883577, 25.000502, 152.320873, 38225.938498, 6.695577, 146.511111, 39186.550950, 64.566543, 181.063210, 40207.548903, 7.288743, 159.208784, 41198.993998, 68.250891, 183.314025, 42244.141973, 41.945991, 138.642463, 43226.091458, 12.043796, 135.109905, 44243.053424, 17.212000, 136.174624, 45202.313904, 38.440198, 141.696808, 46193.162919, 41.046366, 121.371879, 47200.216552, 0.254097, 146.601844, 48235.535622, 44.236009, 153.526831, 49196.327272, 48.830497, 149.602890, 50191.670796, 5.703353, 157.120720, 51233.879319, 22.740726, 156.881498, 52231.473698, 16.206674, 130.336472, 53184.396858, 60.341643, 142.609710, 54202.507079, 52.719052, 160.051422, 55221.681771, 4.356839, 130.000347, 56246.380010, 15.563187, 171.276196, 57182.032820, 33.823231, 171.759478, 58211.634534, 18.682786, 147.505028, 59248.161215, 33.053427, 127.844858, 60212.044550, 42.767720, 133.775333, 61183.445591, 25.971034, 156.747563, 62223.326720, 6.768682, 173.183471, 63236.663524, 9.208957, 165.034677, 64193.553783, 29.759525, 149.263314, 65236.604681, 0.765195, 153.849192, 66249.605260, 65.188654, 169.641555, 67235.161821, 65.264911, 134.974199, 68221.201446, 26.223435, 153.887914, 69182.987031, 23.708736, 118.449105, 70193.832092, 53.796664, 161.446431, 71210.609586, 55.285683, 118.926389, 72250.356958, 27.936361, 125.924442, 73237.820678, 13.923856, 135.362522, 74217.135667, 25.521109, 165.352463, 75249.398851, 11.449770, 166.345714, 76217.528475, 10.378991, 163.044279, 77201.450505, 63.584251, 159.818684, 78219.424789, 34.109761, 117.551020, 79187.591521, 35.140290, 141.489349, 80189.040836, 47.015775, 126.795502, 81233.486947, 6.949279, 182.310788, 82235.413715, 6.630192, 141.756569, 83244.338340, 62.494329, 155.909709, 84193.981534, 28.954018, 181.660200, 85242.332795, 27.676809, 124.619050, 86222.958945, 63.248766, 135.227218, 87200.283312, 14.023232, 130.320953, 88243.101822, 51.491428, 164.660407, 89243.653488, 57.126393, 131.309961, 90199.423520, 64.210679, 178.555185, 91209.219319, 47.021595, 117.013395, 92205.810424, 31.759306, 123.872322, 93230.567050, 25.421564, 117.876829, 94200.757235, 37.446751, 147.060393, 95196.697600, 29.103332, 174.966775, 96204.316894, 1.386197, 169.724931, 97222.544328, 19.712968, 183.977405, 98235.865633, 12.138731, 166.978402, 99214.806340, 5.116182, 155.614403, 10229.116419, 22.583067, 151.334867, 10221.952000, 49.845861, 129.865054, 10221.965842, 4.980267, 161.854419, 10228.839117, 53.590761, 118.785093, 10229.716309, 3.671929, 156.461224, 10191.057204, 18.412998, 117.073811, 10249.023527, 40.773323, 118.689209, 10233.028756, 12.641610, 138.631312, 10231.286402, 66.550708, 150.999405, 10212.544934, 30.681087, 156.349629, 11182.439807, 9.121495, 179.157058, 11216.774420, 49.116878, 160.513500, 11229.640117, 20.406695, 165.722325, 11205.774883, 67.289271, 150.822326, 11207.560384, 46.329624, 154.724703, 11247.021375, 55.430197, 173.365592, 11247.095440, 53.777675, 145.648411, 11248.784807, 36.130415, 158.519320, 11201.696756, 16.740808, 156.579970, 11235.696156, 47.329274, 118.769940, 12206.321355, 47.812561, 128.120041, 12199.758745, 13.910868, 177.467171, 12243.271207, 61.594425, 129.383116, 12223.273526, 16.693237, 128.181639, 12188.376336, 42.296980, 174.741130, 12226.099671, 38.642238, 161.681870, 12213.745588, 35.061741, 146.966851, 12