x coord, y coord, z coord, scalar
72.076359, 20.429676, 206.649217, 0
83.339288, 10.989370, 219.860465, 1
92.592072, 36.144119, 241.350018, 2
64.582269, -1.016302, 257.670182, 3
53.809185, -11.394672, 239.382923, 4
62.549580, -4.123316, 259.893503, 5
41.757870, 3.498114, 254.323368, 6
63.495309, 23.011991, 248.551735, 7
72.164506, 46.708317, 258.079466, 8
70.482708, 34.475707, 225.666783, 9
48.805426, 11.123410, 265.089904, 10
56.607708, -0.965978, 226.352689, 11
77.621246, -3.802562, 212.770887, 12
51.404839, 34.070529, 230.747929, 13
41.508361, -7.548812, 238.346440, 14
82.044554, 28.291535, 253.216611, 15
74.371443, 43.340215, 206.988493, 16
61.128156, 11.406825, 248.993940, 17
42.113356, -11.857276, 245.976027, 18
32.626423, 31.916217, 230.725469, 19
59.446249, -14.707036, 260.842307, 20
56.969612, 15.191496, 210.149994, 21
84.475633, -2.615924, 225.340768, 22
29.680131, 22.079735, 209.685122, 23
61.581126, 36.878946, 221.129570, 24
32.361286, 23.494839, 199.694932, 25
86.730926, 2.437611, 262.028503, 26
94.872477, 36.856554, 223.709144, 27
76.299842, -16.458719, 230.845113, 28
54.709360, -10.541477, 213.035102, 29
86.587895, 22.195598, 217.321439, 30
79.863648, -16.263459, 251.506280, 31
91.166749, 41.502999, 199.164158, 32
48.941118, 44.473947, 240.237200, 33
59.779322, 10.626397, 227.389814, 34
82.061942, 16.278507, 201.158614, 35
82.909943, 7.580768, 222.589524, 36
77.371983, 7.024586, 209.719900, 37
33.514696, -12.104218, 212.254481, 38
65.512895, 15.895954, 220.706290, 39
79.701117, 7.055184, 261.895304, 40
29.456136, -8.509807, 264.625171, 41
82.115437, -12.771735, 256.401968, 42
82.432654, 9.460192, 251.149733, 43
55.103421, 42.530325, 212.049927, 44
83.646439, 29.163603, 247.321761, 45
85.958115, 16.644886, 205.176334, 46
40.981232, -1.411757, 231.194000, 47
51.854390, 5.393740, 238.082300, 48
65.261794, 44.197430, 204.253098, 49
87.121196, 28.469882, 230.301597, 50
81.450025, 31.216838, 240.785092, 51
78.508707, 17.903613, 247.006681, 52
67.344207, 4.907610, 206.740645, 53
50.927486, 33.301847, 199.544824, 54
64.130486, 21.519614, 247.701784, 55
43.885796, 12.049079, 214.620393, 56
50.215203, 26.321131, 232.201944, 57
82.562476, -17.253319, 256.589035, 58
53.079395, 21.299297, 251.060327, 59
58.485550, 12.991820, 229.803828, 60
89.940178, -0.986814, 211.294624, 61
63.158816, -17.906784, 248.191620, 62
42.599074, 22.728254, 203.372975, 63
50.492815, 46.946554, 255.668169, 64
51.190718, 15.648365, 227.461481, 65
31.326028, 32.824976, 258.504003, 66
47.099492, -12.388483, 235.098744, 67
80.454564, 43.464796, 236.838926, 68
69.477137, 1.115509, 208.411999, 69
52.970980, 32.891859, 240.397178, 70
83.927994, 27.403373, 258.403691, 71
27.656200, -4.866434, 259.490263, 72
77.000823, 11.023432, 232.492250, 73
81.526873, 34.807068, 229.712654, 74
69.628589, -9.430897, 264.354406, 75
29.523759, -4.814027, 247.453160, 76
89.180794, 15.576297, 254.057945, 77
56.713337, 0.602036, 247.797898, 78
94.705269, 43.370156, 199.185885, 79
35.550886, 0.912499, 251.071171, 80
77.101107, -10.588213, 228.748213, 81
67.938334, -9.641213, 242.875116, 82
59.862126, 40.650452, 204.172364, 83
93.507454, 26.748658, 257.972766, 84
55.653682, 0.948592, 267.535309, 85
52.441578, 3.763176, 212.994850, 86
32.328265, -2.484665, 247.564603, 87
87.539245, 27.519417, 267.160075, 88
67.769371, 26.796024, 260.804075, 89
68.108303, 35.637729, 211.990312, 90
51.612928, 17.310182, 220.395349, 91
81.514215, -10.180137, 229.747525, 92
56.822905, 22.972812, 220.671776, 93
62.148329, 21.051603, 266.413852, 94
52.554636, -18.723373, 217.636143, 95
52.523573, 7.009017, 240.392241, 96
66.671380, 12.628095, 256.901393, 97
46.669531, 4.738743, 234.694003, 98
46.263113, 45.798872, 211.764387, 99
39.500723, 18.478516, 266.395495, 100
52.644099, 43.382248, 233.979434, 101
74.192577, 29.467802, 242.792617, 102
36.373686, -9.137950, 216.039186, 103
58.198576, 26.301181, 256.084206, 104
57.045908, -16.572840, 256.354210, 105
75.835187, 9.241358, 213.636896, 106
48.661449, 49.203548, 245.258351, 107
37.996314, 0.444376, 200.270824, 108
73.843910, 19.998296, 265.063078, 109
86.761354, 32.789831, 233.815370, 110
85.590349, -9.994740, 227.471425, 111
52.003362, 37.488654, 207.213059, 112
27.229544, 47.153162, 217.068417, 113
44.421849, 9.923074, 262.363049, 114
32.939573, 40.259811, 264.783398, 115
90.446707, 20.666330, 224.298554, 116
36.517214, 42.618598, 223.775929, 117
82.928597, -14.813760, 243.213619, 118
84.352512, 32.320970, 213.485728, 119
81.849117, 23.653659, 265.268904, 120
48.098058, 13.815355, 205.547922, 121
76.722551, 39.109528, 262.029943, 122
85.088674, 39.629886, 259.456925, 123
34.590659, -11.376925, 219.653739, 124
29.387141, -5.146542, 210.187397, 125
95.323565, -10.128507, 249.847086, 126
52.055702, -0.320468, 242.739493, 127
