x coord, y coord, z coord, scalar
191.696703, 36.873452, 115.391619, 0
191.856358, 63.608233, 150.755528, 1
221.600674, 59.689603, 121.000869, 2
193.758688, 20.407938, 123.953451, 3
203.177563, 61.615614, 130.233301, 4
190.501073, 38.318362, 159.565671, 5
232.508637, 40.463614, 147.764938, 6
189.364498, 34.908316, 142.444660, 7
194.970736, 4.088190, 137.585377, 8
202.003238, 4.511661, 120.713475, 9
226.568385, 16.748361, 155.672912, 10226.960368, 29.144654, 148.647237, 11193.996340, 2.565958, 137.702455, 12199.997517, 16.864701, 156.196338, 13208.952453, 40.583067, 147.190375, 14224.184992, 51.623331, 183.581714, 15200.030632, 35.952640, 153.412904, 16232.795431, 45.857024, 117.685104, 17191.520743, 61.367833, 119.858918, 18214.106156, 15.191619, 122.455906, 19219.819877, 62.300053, 137.290009, 20191.772975, 41.081052, 164.521005, 21225.419857, 55.617391, 165.172349, 22248.122344, 7.435505, 180.122244, 23220.598829, 36.926644, 150.072864, 24184.056923, 12.932452, 131.059663, 25183.918884, 33.503140, 165.098113, 26222.329984, 18.119054, 140.320665, 27225.015452, 30.179793, 131.053865, 28229.874637, 64.826033, 144.331890, 29237.330920, 36.466392, 135.997756, 30190.901659, 48.779441, 175.164853, 31240.422118, 26.019787, 160.148195, 32221.874566, 25.962686, 165.669707, 33218.277273, 67.101550, 131.961753, 34184.628167, 2.979052, 142.979895, 35200.687958, 7.437958, 174.568754, 36182.066311, 50.308034, 122.053453, 37207.386997, 27.144106, 150.320810, 38223.441913, 8.839185, 144.511112, 39184.054364, 66.710151, 179.063205, 40205.052319, 9.432350, 157.208776, 41196.497412, 70.394499, 181.314019, 42241.645388, 44.089600, 136.642468, 43223.594873, 14.187405, 133.109915, 44240.556839, 19.355609, 134.174629, 45199.817315, 40.583802, 139.696856, 46190.666333, 43.189974, 119.371893, 47197.719967, 2.397705, 144.601845, 48233.039036, 46.379619, 151.526822, 49193.830685, 50.974104, 147.602885, 50189.174211, 7.846960, 155.120716, 51231.382734, 24.884335, 154.881486, 52228.977114, 18.350282, 128.336483, 53181.900272, 62.485251, 140.609711, 54200.010492, 54.862660, 158.051404, 55219.185186, 6.500447, 128.000355, 56243.883425, 17.706795, 169.276190, 57179.536234, 35.966839, 169.759470, 58209.137952, 20.826392, 145.505025, 59245.664630, 35.197036, 125.844864, 60209.547962, 44.911328, 131.775407, 61180.949005, 28.114641, 154.747557, 62220.830134, 8.912290, 171.183463, 63234.166939, 11.352565, 163.034670, 64191.057197, 31.903130, 147.263309, 65234.108096, 2.908803, 151.849190, 66247.108674, 67.332262, 167.641552, 67232.665235, 67.408520, 132.974203, 68218.704865, 28.367045, 151.887856, 69180.490445, 25.852343, 116.449112, 70191.335505, 55.940271, 159.446421, 71208.113000, 57.429291, 116.926403, 72247.860373, 30.079969, 123.924447, 73235.324093, 16.067465, 133.362528, 74214.639083, 27.664717, 163.352423, 75246.902266, 13.593378, 164.345710, 76215.031890, 12.522599, 161.044267, 77198.953918, 65.727859, 157.818678, 78216.928203, 36.253369, 115.551042, 79185.094935, 37.283897, 139.489355, 80186.544250, 49.159383, 124.795512, 81230.990361, 9.092887, 180.310782, 82232.917130, 8.773800, 139.756571, 83241.841755, 64.637938, 153.909707, 84191.484948, 31.097626, 179.660189, 85239.836210, 29.820418, 122.619059, 86220.462359, 65.392375, 133.227226, 87197.786727, 16.166840, 128.320965, 88240.605237, 53.635036, 162.660400, 89241.156902, 59.270001, 129.309966, 90196.926934, 66.354287, 176.555178, 91206.722733, 49.165204, 115.013412, 92203.313838, 33.902913, 121.872354, 93228.070465, 27.565172, 115.876843, 94198.260647, 39.590353, 145.060392, 95194.201014, 31.246940, 172.966760, 96201.820309, 3.529805, 167.724925, 97220.047742, 21.856576, 181.977394, 98233.369048, 14.282340, 164.978394, 99212.309755, 7.259789, 153.614397, 10226.619836, 24.726677, 149.334856, 10219.455414, 51.989470, 127.865079, 10219.469258, 7.123875, 159.854412, 10226.342531, 55.734370, 116.785105, 10227.219724, 5.815538, 154.461220, 10188.560619, 20.556606, 115.073820, 10246.526942, 42.916932, 116.689215, 10230.532171, 14.785218, 136.631318, 10228.789816, 68.694317, 148.999404, 10210.048352, 32.824693, 154.349460, 11179.943222, 11.265102, 177.157054, 11214.277833, 51.260488, 158.513464, 11227.143532, 22.550303, 163.722309, 11203.278296, 69.432879, 148.822324, 11205.063794, 48.473231, 152.724657, 11244.524789, 57.573806, 171.365587, 11244.598855, 55.921284, 143.648411, 11246.288222, 38.274023, 156.519316, 11199.200171, 18.884415, 154.579955, 11233.199571, 49.472883, 116.769951, 12203.824769, 49.956169, 126.120069, 12197.262160, 16.054475, 175.467161, 12240.774621, 63.738034, 127.383120, 12220.776941, 18.836845, 126.181656, 12185.879750, 44.440587, 172.741120, 12223.603086, 40.785848, 159.681830, 12211.249002, 37.205347, 144.966891, 12