x coord, y coord, z coord, scalar
85.152629, 9.302668, 415.848575, 0
96.415558, -0.137640, 429.059824, 1
105.668343, 25.017110, 450.549414, 2
77.658537, -12.143320, 466.869796, 3
66.885411, -22.521688, 448.582095, 4
75.625846, -15.250330, 469.093116, 5
54.834143, -7.628877, 463.523072, 6
76.571585, 11.884981, 457.751166, 7
85.240777, 35.581309, 467.278874, 8
83.558980, 23.348699, 434.866157, 9
61.881699, -0.003596, 474.289450, 10
69.683976, -12.092991, 435.551728, 11
90.697514, -14.929572, 421.970232, 12
64.481112, 22.943523, 439.947299, 13
54.584610, -18.675793, 447.545646, 14
95.120825, 17.164526, 462.416023, 15
87.447712, 32.213208, 416.187873, 16
74.204443, 0.279806, 458.193500, 17
55.189604, -22.984268, 455.175517, 18
45.702694, 20.789213, 439.924845, 19
72.522511, -25.834046, 470.041841, 20
70.045882, 4.064489, 419.349318, 21
97.551901, -13.742934, 434.540127, 22
42.756401, 10.952729, 418.884482, 23
74.657398, 25.751939, 430.328940, 24
45.437556, 12.367833, 408.894298, 25
99.807195, -8.689399, 471.227933, 26
107.948747, 25.729546, 432.908531, 27
89.376107, -27.585731, 440.044469, 28
67.785627, -21.668484, 422.234397, 29
99.664165, 11.068590, 426.520812, 30
92.939914, -27.390471, 460.705703, 31
104.243019, 30.375992, 408.363543, 32
62.017389, 33.346940, 449.436594, 33
72.855599, -0.500615, 436.589016, 34
95.138212, 5.151499, 410.357983, 35
95.986213, -3.546243, 431.788881, 36
90.448253, -4.102423, 418.919250, 37
46.590963, -23.231223, 421.453816, 38
78.589167, 4.768944, 429.905603, 39
92.777387, -4.071827, 471.094752, 40
42.532403, -19.636810, 473.824637, 41
95.191704, -23.898746, 465.601399, 42
95.508924, -1.666820, 460.349155, 43
68.179691, 31.403319, 421.249301, 44
96.722710, 18.036593, 456.521164, 45
99.034385, 5.517877, 414.375705, 46
54.057498, -12.538747, 440.393096, 47
64.930747, -5.733259, 447.280445, 48
78.338064, 33.070423, 413.452476, 49
100.197466, 17.342873, 439.500981, 50
94.526296, 20.089829, 449.984487, 51
91.584979, 6.776602, 456.206091, 52
80.420476, -6.219399, 415.939979, 53
64.003755, 22.174841, 408.744193, 54
77.206764, 10.392603, 456.901213, 55
56.962067, 0.922074, 423.819696, 56
63.291479, 15.194125, 441.401293, 57
95.638743, -28.380330, 465.788460, 58
66.155674, 10.172290, 460.259796, 59
71.561830, 1.864808, 439.003041, 60
103.016447, -12.113823, 420.493993, 61
76.235074, -29.033799, 457.391077, 62
55.675344, 11.601248, 412.572331, 63
63.569087, 35.819547, 464.867578, 64
64.266996, 4.521360, 436.660726, 65
44.402299, 21.697971, 467.703423, 66
60.175738, -23.515482, 444.297903, 67
93.530834, 32.337788, 446.038319, 68
82.553406, -10.011500, 417.611331, 69
66.047255, 21.764852, 449.596568, 70
97.004265, 16.276364, 467.603106, 71
40.732468, -15.993436, 468.689727, 72
90.077094, -0.103581, 441.691603, 73
94.603143, 23.680060, 438.912038, 74
82.704855, -20.557908, 473.553896, 75
42.600025, -15.941024, 456.652597, 76
102.257064, 4.449288, 463.257359, 77
69.789627, -10.525057, 456.998929, 78
107.781538, 32.243149, 408.385271, 79
48.627155, -10.214492, 460.270709, 80
90.177373, -21.715225, 437.947557, 81
81.014595, -20.768236, 452.074515, 82
72.938396, 29.523445, 413.371739, 83
106.583724, 15.621649, 467.172175, 84
68.729951, -10.178416, 476.734876, 85
65.517848, -7.363831, 422.194129, 86
45.404531, -13.611657, 456.764061, 87
100.615515, 16.392409, 476.359491, 88
80.845643, 15.669016, 470.003514, 89
81.184573, 24.510721, 421.189683, 90
64.689202, 6.183176, 429.594642, 91
94.590483, -21.307148, 438.946886, 92
69.899178, 11.845805, 429.871103, 93
75.224601, 9.924594, 475.613318, 94
65.630901, -29.850380, 426.835450, 95
65.599942, -4.117990, 449.591086, 96
79.747654, 1.501082, 466.100899, 97
59.745822, -6.388237, 443.892734, 98
59.339383, 34.671866, 420.963765, 99
52.576995, 7.351512, 475.594965, 100
65.720370, 32.255241, 443.178820, 101
87.268849, 18.340792, 451.992015, 102
49.449953, -20.264954, 425.238497, 103
71.274851, 15.174173, 465.283655, 104
70.122166, -27.699851, 465.553750, 105
88.911457, -1.885652, 422.836239, 106
61.737720, 38.076541, 454.457751, 107
51.072582, -10.682630, 409.470170, 108
86.920181, 8.871286, 474.262522, 109
99.837624, 21.662822, 443.014759, 110
98.666617, -21.121751, 436.670793, 111
65.079632, 26.361647, 416.412429, 112
40.305814, 36.026156, 426.267801, 113
57.498122, -1.203929, 471.562611, 114
46.015843, 29.132806, 473.982814, 115
103.522977, 9.539321, 433.497933, 116
49.593485, 31.491592, 432.975309, 117
96.004864, -25.940771, 452.413018, 118
97.428781, 21.193962, 422.685106, 119
94.925388, 12.526650, 474.468329, 120
61.174328, 2.688349, 414.747257, 121
89.798821, 27.982520, 471.229357, 122
98.164944, 28.502878, 468.656334, 123
47.666925, -22.503929, 428.853052, 124
42.463409, -16.273546, 419.386739, 125
108.399833, -21.255517, 459.046491, 126
65.131971, -11.447472, 451.938882, 127
