x coord, y coord, z coord, scalar
58.009043, 25.622833, 36.693178, 0
69.271972, 16.182530, 49.904424, 1
78.524756, 41.337277, 71.393950, 2
50.514956, 4.176866, 87.713952, 3
39.741922, -6.201513, 69.427022, 4
48.482269, 1.069849, 89.937275, 5
27.690546, 8.691253, 84.367072, 6
49.427986, 28.205153, 78.595642, 7
58.097190, 51.901474, 88.123389, 8
56.415391, 39.668865, 55.710732, 9
34.738106, 16.316565, 95.133726, 10
42.540395, 4.227184, 56.396887, 11
63.553932, 1.390597, 42.814858, 12
37.337519, 39.263686, 60.791880, 13
27.441064, -2.355689, 68.390514, 14
67.977237, 33.484694, 83.260532, 15
60.304126, 48.533372, 37.032438, 16
47.060823, 16.599999, 79.037752, 17
28.046061, -6.664142, 76.019890, 18
18.559104, 37.109372, 60.769416, 19
45.378942, -9.513877, 90.886138, 20
42.902295, 20.384654, 40.193979, 21
70.408319, 2.577237, 55.384727, 22
15.612815, 27.272889, 39.729081, 23
47.513809, 42.072104, 51.173522, 24
18.293970, 28.687994, 29.738887, 25
72.663612, 7.630771, 92.072410, 26
80.805161, 42.049711, 53.753082, 27
62.232531, -11.265558, 60.889075, 28
40.642048, -5.348320, 43.079109, 29
72.520579, 27.388757, 47.365389, 30
65.796337, -11.070298, 81.550192, 31
77.099434, 46.696156, 29.208099, 32
34.873799, 49.667103, 70.281134, 33
45.711999, 15.819561, 57.433891, 34
67.994627, 21.471664, 31.202567, 35
68.842628, 12.773928, 52.633486, 36
63.304668, 12.217745, 39.763867, 37
19.447382, -6.911064, 42.298459, 38
51.445576, 21.089114, 50.750283, 39
65.633802, 12.248345, 91.939198, 40
15.388822, -3.316656, 94.669052, 41
68.048124, -7.578574, 86.445875, 42
68.365338, 14.653354, 81.193646, 43
41.036104, 47.723482, 42.093875, 44
69.579122, 34.356762, 77.365688, 45
71.890800, 21.838043, 35.220286, 46
26.913917, 3.781379, 61.238156, 47
37.786972, 10.586904, 68.127161, 48
51.194478, 49.390587, 34.297043, 49
73.053879, 33.663041, 60.345538, 50
67.382708, 36.409997, 70.829026, 51
64.441389, 23.096776, 77.050602, 52
53.276892, 10.100768, 36.784624, 53
36.860169, 38.495004, 29.588777, 54
50.063163, 26.712776, 77.745691, 55
29.818478, 17.242234, 44.664395, 56
36.147880, 31.514288, 62.245911, 57
68.495164, -12.060159, 86.632945, 58
39.012067, 26.492455, 81.104205, 59
44.418224, 18.184984, 59.847896, 60
75.872864, 4.206344, 41.338577, 61
49.091515, -12.713622, 78.235508, 62
28.531758, 27.921410, 33.416938, 63
36.425498, 52.139710, 85.712092, 64
37.123393, 20.841522, 57.505526, 65
17.258709, 38.018130, 88.547918, 66
33.032201, -7.195340, 65.142852, 67
66.387247, 48.657954, 66.882861, 68
55.409822, 6.308667, 38.455979, 69
38.903659, 38.085016, 70.441115, 70
69.860678, 32.596532, 88.447609, 71
13.588886, 0.326715, 89.534144, 72
62.933506, 16.216595, 62.536214, 73
67.459556, 40.000227, 59.756595, 74
55.561277, -4.237736, 94.398269, 75
15.456446, 0.379116, 77.497062, 76
75.113478, 20.769457, 84.101865, 77
42.646014, 5.795295, 77.840617, 78
80.637954, 48.563313, 29.229825, 79
21.483568, 6.105636, 81.114997, 80
63.033795, -5.395050, 58.792184, 81
53.871033, -4.448040, 72.919046, 82
45.794810, 45.843609, 34.216313, 83
79.440138, 31.941816, 88.016689, 84
41.586367, 6.141750, 97.579115, 85
38.374263, 8.956332, 43.038870, 86
18.260950, 2.708474, 77.608489, 87
73.471930, 32.712575, 97.203992, 88
53.702052, 31.989184, 90.847976, 89
54.040986, 40.830886, 42.034264, 90
37.545608, 22.503339, 50.439358, 91
67.446903, -4.986975, 59.791484, 92
42.755586, 28.165970, 50.715759, 93
48.081010, 26.244761, 96.457734, 94
38.487325, -13.530218, 47.680141, 95
38.456143, 12.202194, 70.436582, 96
52.604059, 17.821260, 86.945244, 97
32.602184, 9.931872, 64.738428, 98
32.195796, 50.992028, 41.808333, 99
25.433404, 23.671670, 96.439373, 100
38.576780, 48.575405, 64.023373, 101
60.125258, 34.660961, 72.836549, 102
22.306373, -3.944798, 46.083181, 103
44.131255, 31.494339, 86.128100, 104
42.978605, -11.379682, 86.398037, 105
61.767871, 14.434517, 43.680867, 106
34.594132, 54.396704, 75.302281, 107
23.928999, 5.637531, 30.314793, 108
59.776593, 25.191455, 95.106975, 109
72.694037, 37.982989, 63.859307, 110
71.523036, -4.801580, 57.515379, 111
37.936045, 42.681810, 37.257011, 112
13.162227, 52.346318, 47.112359, 113
30.354528, 15.116226, 92.406858, 114
18.872256, 45.452967, 94.827315, 115
76.379391, 25.859489, 54.342500, 116
22.449897, 47.811753, 53.819873, 117
68.861286, -9.620598, 73.257550, 118
70.285196, 37.514128, 43.529675, 119
67.781801, 28.846818, 95.312815, 120
34.030742, 19.008511, 35.591901, 121
62.655234, 44.302685, 92.073863, 122
71.021358, 44.823043, 89.500849, 123
20.523347, -6.183774, 49.697732, 124
15.319827, 0.046612, 40.231369, 125
81.256252, -4.935347, 79.891011, 126
37.988386, 4.872685, 72.783431, 127
