x coord, y coord, z coord, scalar
100.084546, -15.111015, 803.976544, 0
111.347474, -24.551325, 817.187797, 1
120.600259, 0.603427, 838.677457, 2
92.590451, -36.557017, 854.998257, 3
81.817257, -46.935384, 836.709706, 4
90.557756, -39.664024, 857.221574, 5
69.766065, -32.042531, 851.651706, 6
91.503512, -12.528705, 845.879274, 7
100.172694, 11.167628, 855.406939, 8
98.490898, -1.064984, 822.994157, 9
76.813620, -24.417274, 862.417779, 10
84.615889, -36.506681, 823.679084, 11
105.629428, -39.343256, 810.098176, 12
79.413033, -1.470157, 828.075292, 13
69.516492, -43.089433, 835.673323, 14
110.052743, -7.249158, 850.544095, 15
102.379628, 7.799526, 804.315885, 16
89.136387, -24.133895, 846.321854, 17
70.121486, -47.397924, 843.303739, 18
60.634613, -3.624464, 828.052849, 19
87.454415, -50.247733, 858.170147, 20
84.977800, -20.349192, 807.477223, 21
112.483815, -38.156622, 822.668100, 22
57.688317, -13.460949, 807.012455, 23
89.589316, 1.338258, 818.456933, 24
60.369471, -12.045846, 797.022283, 25
114.739110, -33.103085, 859.356041, 26
122.880663, 1.315863, 821.036557, 27
104.308017, -51.999420, 828.172434, 28
82.717537, -46.082166, 810.362245, 29
114.596081, -13.345094, 814.648810, 30
107.871824, -51.804159, 848.833796, 31
119.174934, 5.962310, 796.491563, 32
76.949308, 8.933260, 837.564633, 33
87.787527, -24.914304, 824.716685, 34
110.070127, -19.262184, 798.485972, 35
110.918128, -27.959929, 819.916847, 36
105.380168, -28.516107, 807.047204, 37
61.522874, -47.644900, 809.581742, 38
93.521087, -19.644741, 818.033486, 39
107.709304, -28.485515, 859.222894, 40
57.464314, -44.050484, 861.952813, 41
110.123615, -48.312434, 853.729508, 42
110.440841, -26.080509, 848.477248, 43
83.111608, 6.989638, 809.377302, 44
111.654628, -6.377091, 844.649220, 45
113.966300, -18.895805, 802.503698, 46
68.989408, -36.952401, 828.520561, 47
79.862804, -30.146925, 835.406087, 48
93.269980, 8.656742, 801.580484, 49
115.129383, -7.070810, 827.629001, 50
109.458214, -4.323855, 838.112526, 51
106.516899, -17.637086, 844.334162, 52
95.352391, -30.633082, 804.067902, 53
78.935672, -2.238840, 796.872183, 54
92.138691, -14.021084, 845.029320, 55
71.893984, -23.491604, 811.947559, 56
78.223404, -9.219554, 829.529245, 57
110.570654, -52.794016, 853.916559, 58
81.087606, -14.241390, 848.387978, 59
86.493763, -22.548880, 827.130733, 60
117.948361, -36.527507, 808.621982, 61
91.166971, -53.447492, 845.519234, 62
70.607261, -12.812432, 800.700295, 63
78.501005, 11.405867, 852.995645, 64
79.198925, -19.892319, 824.788478, 65
59.334217, -2.715707, 855.831511, 66
75.107616, -47.929150, 832.425490, 67
108.462751, 7.924106, 834.166355, 68
97.485320, -34.425183, 805.739252, 69
80.979178, -2.648828, 837.724599, 70
111.936182, -8.137320, 855.731186, 71
55.664379, -40.407107, 856.817901, 72
105.009014, -24.517271, 829.819562, 73
109.535061, -0.733623, 827.040057, 74
97.636766, -44.971596, 861.682118, 75
57.531934, -40.354687, 844.780717, 76
117.188980, -19.964398, 851.385435, 77
84.721578, -34.938875, 845.130107, 78
122.713453, 7.829467, 796.513294, 79
63.559069, -34.628146, 848.399024, 80
105.109284, -46.128915, 826.075499, 81
95.946495, -45.181943, 840.202564, 82
87.870313, 5.109764, 801.499739, 83
121.515640, -8.792034, 855.300242, 84
83.661866, -34.592099, 864.863245, 85
80.449763, -31.777512, 810.321946, 86
60.336441, -38.025315, 844.892223, 87
115.547432, -8.021274, 864.487573, 88
95.777563, -8.744668, 858.131637, 89
96.116490, 0.097040, 809.317676, 90
79.621124, -18.230504, 817.722486, 91
109.522395, -45.720837, 827.074860, 92
84.831099, -12.567877, 817.999014, 93
90.156521, -14.489089, 863.741493, 94
80.562808, -54.264062, 814.963322, 95
80.532017, -28.531671, 837.718071, 96
94.679578, -22.912608, 854.229152, 97
74.677772, -30.801873, 832.019502, 98
74.271300, 10.258186, 809.091773, 99
67.508914, -17.062165, 863.723149, 100
80.652289, 7.841561, 831.306844, 101
102.200769, -6.072892, 840.120059, 102
64.381864, -44.678630, 813.366375, 103
86.206775, -9.239509, 853.411797, 104
85.054065, -52.113537, 853.682067, 105
103.843373, -26.299336, 810.964180, 106
76.669638, 13.662861, 842.585799, 107
66.004496, -35.096309, 797.598116, 108
101.852099, -15.542398, 862.390656, 109
114.769541, -2.750861, 831.142787, 110
113.598529, -45.535438, 824.798780, 111
80.011549, 1.947967, 804.540421, 112
55.237730, 11.612477, 814.395820, 113
72.430044, -25.617603, 859.690971, 114
60.947761, 4.719127, 862.110895, 115
118.454893, -14.874363, 821.625942, 116
64.525402, 7.077913, 821.103321, 117
110.936775, -50.354460, 840.541065, 118
112.360698, -3.219721, 810.813113, 119
109.857305, -11.887034, 862.596426, 120
76.106244, -21.725331, 802.875181, 121
104.730739, 3.568837, 859.357432, 122
113.096861, 4.089195, 856.784399, 123
62.598835, -46.917603, 816.980936, 124
57.395322, -40.687223, 807.514678, 125
123.331746, -45.669202, 847.174552, 126
80.063886, -35.861148, 840.066910, 127
