x coord, y coord, z coord, scalar
99.040035, -15.920089, 819.639479, 0
110.302963, -25.360399, 832.850732, 1
119.555748, -0.205646, 854.340395, 2
91.545940, -37.366092, 870.661212, 3
80.772743, -47.744456, 852.372627, 4
89.513245, -40.473098, 872.884530, 5
68.721555, -32.851604, 867.314669, 6
90.459002, -13.337779, 861.542215, 7
99.128184, 10.358554, 871.069879, 8
97.446388, -1.874057, 838.657093, 9
75.769109, -25.226347, 878.080729, 10
83.571378, -37.315755, 839.341995, 11
104.584917, -40.152330, 825.761111, 12
78.368523, -2.279231, 843.738229, 13
68.471981, -43.898504, 851.336246, 14
109.008232, -8.058232, 866.207035, 15
101.335118, 6.990452, 819.978822, 16
88.091877, -24.942970, 861.984806, 17
69.076975, -48.206996, 858.966685, 18
59.590103, -4.433538, 843.715786, 19
86.409904, -51.056806, 873.833097, 20
83.933289, -21.158266, 823.140156, 21
111.439304, -38.965695, 838.331036, 22
56.643807, -14.270022, 822.675391, 23
88.544805, 0.529184, 834.119869, 24
59.324960, -12.854920, 812.685219, 25
113.694599, -33.912159, 875.018982, 26
121.836152, 0.506789, 836.699495, 27
103.263505, -52.808493, 843.835370, 28
81.673026, -46.891239, 826.025176, 29
113.551570, -14.154168, 830.311747, 30
106.827313, -52.613233, 864.496737, 31
118.130423, 5.153236, 812.154500, 32
75.904798, 8.124187, 853.227571, 33
86.743017, -25.723378, 840.379608, 34
109.025616, -20.071258, 814.148909, 35
109.873618, -28.769003, 835.579783, 36
104.335657, -29.325180, 822.710139, 37
60.478363, -48.453973, 825.244676, 38
92.476576, -20.453815, 833.696419, 39
106.664793, -29.294589, 874.885836, 40
56.419803, -44.859558, 877.615758, 41
109.079104, -49.121508, 869.392449, 42
109.396331, -26.889583, 864.140189, 43
82.067097, 6.180564, 825.040239, 44
110.610117, -7.186165, 860.312159, 45
112.921789, -19.704879, 818.166635, 46
67.944897, -37.761473, 844.183476, 47
78.818299, -30.956002, 851.068927, 48
92.225469, 7.847668, 817.243421, 49
114.084872, -7.879884, 843.291938, 50
108.413703, -5.132929, 853.775464, 51
105.472388, -18.446160, 859.997101, 52
94.307880, -31.442155, 819.730836, 53
77.891161, -3.047913, 812.535120, 54
91.094181, -14.830159, 860.692261, 55
70.849474, -24.300677, 827.610490, 56
77.178893, -10.028627, 845.192180, 57
109.526143, -53.603090, 869.579500, 58
80.043095, -15.050464, 864.050923, 59
85.449252, -23.357954, 842.793657, 60
116.903850, -37.336581, 824.284919, 61
90.122459, -54.256566, 861.182178, 62
69.562750, -13.621505, 816.363230, 63
77.456494, 10.596793, 868.658585, 64
78.154414, -20.701393, 840.451405, 65
58.289706, -3.524780, 871.494451, 66
74.063104, -48.738222, 848.088410, 67
107.418241, 7.115032, 849.829293, 68
96.440809, -35.234257, 821.402185, 69
79.934667, -3.457902, 853.387538, 70
110.891672, -8.946394, 871.394126, 71
54.619869, -41.216180, 872.480845, 72
103.964503, -25.326346, 845.482498, 73
108.490550, -1.542697, 842.702995, 74
96.592255, -45.780670, 877.345064, 75
56.487424, -41.163760, 860.443658, 76
116.144469, -20.773472, 867.048375, 77
83.677065, -35.747956, 860.793173, 78
121.668942, 7.020394, 812.176232, 79
62.514559, -35.437219, 864.061974, 80
104.064773, -46.937989, 841.738434, 81
94.901983, -45.991018, 855.865503, 82
86.825802, 4.300690, 817.162676, 83
120.471129, -9.601108, 870.963182, 84
82.617355, -35.401173, 880.526197, 85
79.405253, -32.586585, 825.984875, 86
59.291931, -38.834387, 860.555166, 87
114.502921, -8.830348, 880.150513, 88
94.733052, -9.553742, 873.794579, 89
95.071980, -0.712034, 824.980613, 90
78.576613, -19.039578, 833.385416, 91
108.477883, -46.529911, 842.737795, 92
83.786589, -13.376950, 833.661947, 93
89.112010, -15.298162, 879.404437, 94
79.518297, -55.073135, 830.626254, 95
79.487513, -29.340749, 853.380966, 96
93.635068, -23.721682, 869.892100, 97
73.633264, -31.610946, 847.682389, 98
73.226789, 9.449112, 824.754710, 99
66.464403, -17.871238, 879.386094, 100
79.607779, 7.032487, 846.969782, 101
101.156258, -6.881966, 855.782998, 102
63.337353, -45.487704, 829.029307, 103
85.162264, -10.048583, 869.074740, 104
84.009553, -52.922610, 869.345016, 105
102.798862, -27.108410, 826.627115, 106
75.625128, 12.853788, 858.248738, 107
64.959985, -35.905383, 813.261051, 108
100.807589, -16.351472, 878.053598, 109
113.725030, -3.559935, 846.805725, 110
112.554018, -46.344511, 840.461716, 111
78.967038, 1.138893, 820.203357, 112
54.193219, 10.803403, 830.058758, 113
71.385533, -26.426677, 875.353923, 114
59.903250, 3.910053, 877.773835, 115
117.410383, -15.683437, 837.288879, 116
63.480892, 6.268839, 836.766258, 117
109.892264, -51.163534, 856.204004, 118
111.316187, -4.028794, 826.476050, 119
108.812794, -12.696108, 878.259367, 120
75.061733, -22.534405, 818.538114, 121
103.686228, 2.759764, 875.020372, 122
112.052350, 3.280121, 872.447339, 123
61.554324, -47.726677, 832.643868, 124
56.350811, -41.496297, 823.177612, 125
122.287235, -46.478276, 862.837491, 126
79.019375, -36.670221, 855.729848, 127
