x coord, y coord, z coord, scalar
166.946585, 34.592979, 103.391695, 0
167.106237, 61.327759, 138.755510, 1
196.850552, 57.409132, 109.000936, 2
169.008572, 18.127466, 111.953524, 3
178.427441, 59.335141, 118.233366, 4
165.750955, 36.037886, 147.565569, 5
207.758512, 38.183150, 135.764907, 6
164.614383, 32.627838, 130.444686, 7
170.220619, 1.807719, 125.585393, 8
177.253120, 2.231190, 108.713513, 9
201.818268, 14.467894, 143.672854, 10202.210249, 26.864196, 136.647166, 11169.246223, 0.285487, 125.702469, 12175.247403, 14.584230, 144.196264, 13184.202250, 38.302450, 135.187848, 14199.434872, 49.342860, 171.581660, 15175.280522, 33.672155, 141.412559, 16208.045310, 43.576555, 105.685172, 17166.770623, 59.087360, 107.858963, 18189.356038, 12.911149, 110.455987, 19195.069752, 60.019581, 125.290051, 20167.022856, 38.800577, 152.520902, 21200.669734, 53.336920, 153.172270, 22223.372225, 5.155035, 168.122225, 23195.848696, 34.646203, 138.072381, 24159.306806, 10.651980, 119.059690, 25159.168766, 31.222667, 153.098055, 26197.579869, 15.838590, 128.320712, 27200.265333, 27.899329, 119.054042, 28205.124513, 62.545563, 132.331892, 29212.580798, 34.185925, 123.997805, 30166.151539, 46.498968, 163.164791, 31215.671998, 23.739319, 148.148153, 32197.124448, 23.682219, 153.669570, 33193.527150, 64.821079, 119.961793, 34159.878050, 0.698580, 130.979898, 35175.937840, 5.157488, 162.568712, 36157.316191, 48.027561, 110.053497, 37182.636902, 24.863637, 138.320459, 38198.691797, 6.558717, 132.511113, 39159.304244, 64.429679, 167.063178, 40180.302203, 7.151880, 145.208728, 41171.747292, 68.114028, 169.313989, 42216.895266, 41.809132, 124.642496, 43198.844757, 11.906938, 121.109973, 44215.806720, 17.075141, 122.174655, 45175.067199, 38.303309, 127.697129, 46165.916214, 40.909501, 107.371972, 47172.969851, 0.117234, 132.601845, 48208.288911, 44.099152, 139.526772, 49169.080563, 48.693625, 135.602858, 50164.424094, 5.566489, 143.120695, 51206.632615, 22.603870, 142.881419, 52204.226995, 16.069815, 116.336549, 53157.150152, 60.204778, 128.609720, 54175.260370, 52.582184, 146.051305, 55194.435068, 4.219978, 116.000397, 56219.133306, 15.426326, 157.276160, 57154.786115, 33.686366, 157.759426, 58184.387847, 18.545926, 133.505012, 59220.914509, 32.916567, 113.844900, 60184.797835, 42.630852, 119.775823, 61156.198888, 25.834167, 142.747526, 62196.080016, 6.631820, 159.183415, 63209.416821, 9.072097, 151.034636, 64166.307084, 29.622653, 135.263281, 65209.357977, 0.628334, 139.849179, 66222.358554, 65.051792, 155.641534, 67207.915113, 65.128049, 120.974226, 68193.954754, 26.086592, 139.887533, 69155.740327, 23.571871, 104.449152, 70166.585384, 53.659797, 147.446365, 71183.362879, 55.148819, 104.926479, 72223.110253, 27.799500, 111.924478, 73210.573974, 13.786997, 121.362561, 74189.888967, 25.384249, 151.352195, 75222.152146, 11.312909, 152.345689, 76190.281774, 10.242130, 149.044197, 77174.203796, 63.447386, 145.818639, 78192.178084, 33.972899, 103.551167, 79160.344818, 35.003421, 127.489388, 80161.794130, 46.878909, 112.795571, 81206.240242, 6.812418, 168.310748, 82208.167012, 6.493332, 127.756584, 83217.091633, 62.357468, 141.909693, 84166.734830, 28.817154, 167.660129, 85215.086090, 27.539949, 110.619110, 86195.712235, 63.111903, 121.227267, 87173.036611, 13.886368, 116.321036, 88215.855115, 51.354567, 150.660363, 89216.406780, 56.989531, 117.309993, 90172.176814, 64.073815, 164.555139, 91181.972613, 46.884732, 103.013512, 92178.563720, 31.622441, 109.872530, 93203.320346, 25.284703, 103.876921, 94173.510534, 37.309860, 133.060388, 95169.450896, 28.966467, 160.966673, 96177.070191, 1.249335, 155.724889, 97195.297623, 19.576106, 169.977333, 98208.618929, 12.001871, 152.978351, 99187.559639, 4.979320, 141.614364, 10201.869718, 22.446215, 137.334796, 10194.705290, 49.709000, 115.865220, 10194.719140, 4.843406, 147.854370, 10201.592410, 53.453899, 104.785168, 10202.469606, 3.535069, 142.461197, 10163.810501, 18.276134, 103.073870, 10221.776821, 40.636462, 104.689249, 10205.782053, 12.504751, 124.631351, 10204.039693, 66.413846, 136.999394, 10185.298248, 30.544225, 142.348511, 11155.193103, 8.984631, 165.157027, 11189.527706, 48.980015, 146.513263, 11202.393414, 20.269836, 151.722217, 11178.528174, 67.152406, 136.822312, 11180.313665, 46.192747, 140.724394, 11219.774668, 55.293336, 159.365558, 11219.848733, 53.640814, 131.648414, 11221.538101, 35.993555, 144.519289, 11174.450058, 16.603943, 142.579875, 11208.449450, 47.192413, 104.770011, 12179.074647, 47.675694, 114.120227, 12172.512042, 13.774004, 163.467105, 12216.024499, 61.457564, 115.383145, 12196.026824, 16.556377, 114.181755, 12161.129631, 42.160115, 160.741064, 12198.852961, 38.505382, 147.681605, 12186.498887, 34.924871, 132.967116, 12