x coord, y coord, z coord, scalar
35.473368, -6.168456, 177.450425, 0
21.780640, -9.320986, 203.209703, 1
59.376271, 1.018300, 196.490546, 2
25.756395, 5.401193, 208.208636, 3
29.793271, 0.879607, 181.837042, 4
51.781076, 30.209281, 175.736627, 5
24.112122, -6.805096, 178.602215, 6
27.241598, -19.533395, 209.914242, 7
23.778454, 23.742316, 205.623218, 8
45.892105, -7.811354, 175.115704, 9
48.167832, 7.309275, 189.982107, 1056.906100, 8.737130, 201.695871, 1139.864050, -3.778979, 172.209588, 1267.642697, 1.624606, 198.645443, 1355.599727, 11.065059, 169.020217, 1468.724584, -9.046245, 168.724758, 1524.209605, -5.286875, 182.954570, 1634.099786, 1.601936, 184.456190, 1723.762428, 5.027610, 177.693593, 1860.673634, -20.972673, 190.917045, 1967.077250, 6.842367, 219.261173, 2036.807621, -8.143929, 197.493597, 2169.791472, 11.367459, 214.749408, 2221.749258, 7.117774, 185.869317, 2351.682688, -9.174930, 217.969218, 2451.990927, -12.342750, 178.418256, 2552.003723, -8.485921, 194.166225, 2666.246249, 5.261086, 216.802951, 2730.450618, 8.670734, 191.325862, 2839.432136, -2.548033, 191.388062, 2961.637186, -7.363185, 219.265171, 3060.646759, 9.091632, 180.616526, 3137.888701, 6.990724, 213.018811, 3232.386508, 8.387199, 189.631915, 3349.543765, -11.822522, 201.491740, 3447.261380, 19.815632, 210.183841, 3556.967589, -0.073075, 171.193152, 3630.882174, -5.719182, 197.489136, 3727.433520, 4.378689, 175.655176, 3850.047303, 23.457987, 194.141907, 3921.183644, 13.202781, 207.813552, 4071.736816, 1.957126, 186.400439, 4132.101696, 19.493045, 214.426015, 4224.868876, -20.012847, 192.308448, 4345.788681, 9.178125, 201.520814, 4427.028782, -15.452889, 190.831666, 4568.500620, 21.161914, 211.793455, 4670.981770, -19.848310, 175.569498, 4748.219256, -12.767575, 200.983024, 4855.162326, 16.926925, 193.936273, 4929.052613, 17.757805, 176.634310, 5068.154133, 17.602197, 199.626244, 5134.302968, 29.351106, 188.614547, 5228.477353, -17.672409, 189.636543, 5352.073801, 7.763474, 219.849505, 5433.343018, 14.439518, 173.891977, 5555.462608, 11.047691, 216.088621, 5647.004459, 10.137068, 217.275169, 5753.861956, -13.536083, 174.002831, 5834.593371, 21.273460, 211.964620, 5959.817607, 29.973254, 199.217640, 6067.739863, 26.234984, 186.315078, 6147.114475, -11.354456, 185.161490, 6267.017014, -3.229890, 188.523876, 6336.401936, 28.491128, 217.322186, 6435.999824, -10.058307, 201.256931, 6541.179697, 25.051508, 181.799884, 6637.016686, 0.163569, 212.971770, 6734.040221, -17.866851, 168.930899, 6839.331070, -3.626279, 211.239253, 6931.044073, -15.701074, 210.707741, 7061.549710, -19.853618, 206.437967, 7127.613185, 6.908084, 216.118374, 7244.062595, 2.032684, 182.384091, 7363.874480, 18.081831, 180.370108, 7460.945047, -17.810732, 191.346646, 7541.950341, 3.016156, 185.893641, 7655.038187, 19.680053, 207.091820, 7747.758330, -18.172103, 210.259806, 7847.977216, 0.806104, 176.129137, 7938.964921, 11.497470, 181.462872, 8029.421009, 1.154799, 182.643922, 8167.146986, 8.415165, 210.586707, 8263.013739, -19.414626, 182.114644, 8325.145882, 24.107075, 169.691708, 8436.804078, 13.159772, 172.916101, 8559.438601, -16.782339, 196.966873, 8625.080397, 17.903068, 186.142207, 8763.460193, -6.231017, 189.004929, 8853.468393, 21.393459, 210.845944, 8960.885150, -11.534055, 191.838656, 9022.096085, -2.465821, 214.028268, 9136.027849, -7.211232, 191.938745, 9226.362949, -16.089885, 193.558921, 9339.765588, -11.296813, 187.161277, 9440.745349, 5.154359, 169.816049, 95