x coord, y coord, z coord, scalar
46.699177, -20.139181, 312.577484, 0
33.006469, -23.291715, 338.336629, 1
70.602101, -12.952434, 331.617490, 2
36.982225, -8.569537, 343.335566, 3
41.019094, -13.091112, 316.964108, 4
63.006913, 16.238549, 310.863538, 5
35.337946, -20.775819, 313.729162, 6
38.467427, -33.504126, 345.041158, 7
35.004286, 9.771587, 340.750140, 8
57.117915, -21.782097, 310.242705, 9
59.393664, -6.661460, 325.109137, 1068.131931, -5.233602, 336.822811, 1151.089819, -17.749713, 307.336685, 1278.868528, -12.346127, 333.772367, 1366.825569, -2.905690, 304.147096, 1479.950413, -23.016981, 303.851647, 1535.435430, -19.257600, 318.081531, 1645.325610, -12.368787, 319.583307, 1734.988256, -8.943107, 312.820568, 1871.899462, -34.943405, 326.043961, 1978.303080, -7.128364, 354.388084, 2048.033449, -22.114660, 332.620554, 2181.017303, -2.603273, 349.876320, 2232.975088, -6.852950, 320.996280, 2362.908518, -23.145662, 353.096135, 2463.216750, -26.313488, 313.545200, 2563.229551, -22.456654, 329.293179, 2677.472080, -8.709645, 351.929864, 2741.676449, -5.299992, 326.452860, 2850.657963, -16.518764, 326.515077, 2972.863016, -21.333917, 354.392084, 3071.872593, -4.879107, 315.743479, 3149.114532, -6.980006, 348.145739, 3243.612339, -5.583527, 324.758939, 3360.769594, -25.793254, 336.618675, 3458.487211, 5.844902, 345.310767, 3568.193417, -14.043824, 306.320063, 3642.108002, -19.689911, 332.616089, 3738.659345, -9.592018, 310.782198, 3861.273137, 9.487255, 329.268851, 3932.409475, -0.767948, 342.940476, 4082.962646, -12.013608, 321.527357, 4143.327527, 5.522315, 349.552936, 4236.094704, -33.983576, 327.435370, 4357.014512, -4.792606, 336.647771, 4438.254609, -29.423618, 325.958601, 4579.726451, 7.191183, 346.920367, 4682.207598, -33.819044, 310.696396, 4759.445085, -26.738307, 336.109960, 4866.388159, 2.956192, 329.063224, 4940.278453, 3.787087, 311.761276, 5079.379965, 3.631464, 334.753163, 5145.528803, 15.380377, 323.741481, 5239.703179, -31.643138, 324.763474, 5363.299631, -6.207257, 354.976423, 5444.568871, 0.468812, 309.019011, 5566.688439, -2.923040, 351.215540, 5658.230290, -3.833663, 352.402090, 5765.087779, -27.506820, 309.129746, 5845.819202, 7.302730, 347.091543, 5971.043439, 16.002523, 334.344558, 6078.965696, 12.264251, 321.441991, 6158.340299, -25.325191, 320.288464, 6278.242843, -17.200624, 323.650802, 6347.627767, 14.520398, 352.449100, 6447.225653, -24.029037, 336.383872, 6552.405537, 11.080778, 316.926841, 6648.242516, -13.807162, 348.098698, 6745.266042, -31.837581, 304.057786, 6850.556900, -17.597010, 346.366182, 6942.269902, -29.671805, 345.834660, 7072.775539, -33.824350, 341.564880, 7138.839016, -7.062646, 351.245294, 7255.288420, -11.938056, 317.511345, 7375.100314, 4.111096, 315.497031, 7472.170876, -31.781465, 326.473567, 7553.176170, -10.954576, 321.020790, 7666.264019, 5.709322, 342.218746, 7758.984159, -32.142834, 345.386724, 7859.203032, -13.164664, 311.256399, 7950.190765, -2.473254, 316.590098, 8040.646834, -12.815921, 317.770976, 8178.372817, -5.555566, 345.713623, 8274.239567, -33.385360, 317.241555, 8336.371718, 10.136351, 304.818599, 8448.029956, -0.810925, 308.043246, 8570.664430, -30.753072, 332.093795, 8636.306231, 3.932343, 321.269163, 8774.686022, -20.201751, 324.131862, 8864.694225, 7.422728, 345.972865, 8972.110979, -25.504789, 326.965586, 9033.321915, -16.436550, 349.155187, 9147.253676, -21.181962, 327.065726, 9237.588777, -30.060614, 328.685851, 9350.991412, -25.267544, 322.288257, 9451.971187, -8.816371, 304.942854, 95