x coord, y coord, z coord, scalar
55.883888, -27.215940, 601.586735, 0
42.191200, -30.368487, 627.345583, 1
79.786833, -20.029211, 620.626486, 2
46.166958, -15.646309, 632.344530, 3
50.203823, -20.167870, 605.973373, 4
72.191653, 9.161771, 599.872460, 5
44.522673, -27.852582, 602.738163, 6
47.652159, -40.580898, 634.050090, 7
44.189020, 2.694814, 629.759086, 8
66.302622, -28.858877, 599.251829, 9
68.578397, -13.738238, 614.118323, 1077.316664, -12.310378, 625.831796, 1160.274481, -24.826470, 596.346020, 1288.053259, -19.422903, 622.781319, 1376.010307, -9.982489, 593.155947, 1489.135142, -30.093760, 592.860523, 1544.620158, -26.334365, 607.090565, 1654.510339, -19.445550, 608.592687, 1744.172991, -16.019864, 601.829631, 1881.084192, -42.020181, 615.052896, 1987.487813, -14.205139, 643.397008, 2057.218179, -29.191432, 621.629576, 2190.202035, -9.680048, 638.885245, 2242.159823, -13.929716, 610.005318, 2372.093250, -30.222436, 642.105070, 2472.401472, -33.390266, 602.554195, 2572.414280, -29.533430, 618.302196, 2686.656813, -15.786420, 640.938792, 2750.861184, -12.376762, 615.461974, 2859.842692, -23.595536, 615.524229, 2982.047748, -28.410691, 643.401009, 3081.057326, -11.955892, 604.752496, 3158.299265, -14.056780, 637.154701, 3252.797075, -12.660296, 613.768113, 3369.954324, -32.870029, 625.627651, 3467.671945, -1.231873, 634.319723, 3577.378140, -21.120618, 595.328986, 3651.292733, -26.766683, 621.625107, 3747.844080, -16.668764, 599.791367, 3870.457873, 2.410479, 618.277847, 3941.594209, -7.844721, 631.949427, 4092.147378, -19.090386, 610.536296, 4152.512260, -1.554458, 638.561879, 4245.279434, -41.060348, 616.444317, 4366.199245, -11.869381, 625.656794, 4447.439339, -36.500389, 614.967575, 4588.911185, 0.114407, 635.929292, 4691.392328, -40.895820, 599.705291, 4768.629815, -33.815081, 625.118936, 4875.572894, -4.120585, 618.072235, 4949.463200, -3.289677, 600.770321, 5088.564698, -3.445312, 623.762104, 5154.713541, 8.303604, 612.750455, 5248.887908, -38.719909, 613.772442, 5372.484364, -13.284032, 643.985360, 5453.753637, -6.607942, 598.028205, 5575.873172, -9.999814, 640.224481, 5667.415023, -10.910437, 641.411036, 5774.272501, -34.583600, 598.138678, 5855.003936, 0.225957, 636.100492, 5980.228174, 8.925747, 623.353495, 6088.150431, 5.187474, 610.450918, 6167.525023, -32.401966, 609.297526, 6287.427574, -24.277402, 612.659760, 6356.812501, 7.443624, 641.458029, 6456.410383, -31.105810, 625.392863, 6561.590280, 4.004003, 605.935868, 6657.427249, -20.883935, 637.107658, 6754.450764, -38.914350, 593.066658, 6859.741632, -24.673784, 635.375146, 6951.454634, -36.748577, 634.843602, 7081.960270, -40.901125, 630.573809, 7148.023748, -14.139419, 640.254239, 7264.473143, -19.014837, 606.521026, 7384.285050, -2.965685, 604.505982, 7481.355605, -38.858241, 615.482510, 7562.360899, -18.031351, 610.030239, 7675.448752, -1.367453, 631.227701, 7768.168891, -39.219608, 634.395664, 7868.387735, -20.241474, 600.266100, 7959.375516, -9.550025, 605.599718, 8049.831563, -19.892680, 606.780217, 8187.557550, -12.632342, 634.722558, 8283.424296, -40.462136, 606.250478, 8345.556460, 3.059583, 593.827479, 8457.214755, -7.887677, 597.052686, 8579.849160, -37.829847, 621.102742, 8645.490969, -3.144425, 610.278186, 8783.870752, -27.278529, 613.140833, 8873.878958, 0.345953, 634.981810, 8981.295708, -32.581565, 615.974551, 9042.506648, -23.513323, 638.164127, 9156.438404, -28.258734, 616.074803, 9246.773507, -37.137385, 617.694817, 9360.176137, -32.344317, 611.297330, 9461.155927, -15.893146, 593.951543, 95