x coord, y coord, z coord, scalar
59.810522, -28.968403, 511.091436, 0
46.117832, -32.120942, 536.850378, 1
83.713465, -21.781664, 530.131268, 2
50.093589, -17.398763, 541.849322, 3
54.130452, -21.920329, 515.478070, 4
76.118283, 7.409319, 509.377266, 5
48.449303, -29.605040, 512.242944, 6
51.578790, -42.333353, 543.554893, 7
48.115651, 0.942360, 539.263884, 8
70.229261, -30.611335, 508.756571, 9
72.505030, -15.490691, 523.623045, 1081.243296, -14.062831, 535.336582, 1164.201128, -26.578944, 505.850695, 1291.979892, -21.175356, 532.286115, 1379.936942, -11.734935, 502.660775, 1493.061776, -31.846213, 502.365343, 1548.546789, -28.086822, 516.595335, 1658.436969, -21.198008, 518.097348, 1748.099618, -17.772322, 511.334392, 1885.010825, -43.772635, 524.557698, 1991.414445, -15.957592, 552.901813, 2061.144811, -30.943887, 531.134350, 2194.128667, -11.432501, 548.390049, 2246.086452, -15.682171, 519.510087, 2376.019882, -31.974890, 551.609871, 2476.328107, -35.142721, 512.058978, 2576.340913, -31.285884, 527.806971, 2690.583444, -17.538874, 550.443596, 2754.787814, -14.129216, 524.966719, 2863.769324, -25.347991, 525.028962, 2985.974380, -30.163145, 552.905814, 3084.983960, -13.708343, 514.257271, 3162.225896, -15.809234, 546.659494, 3256.723704, -14.412751, 523.272839, 3373.880956, -34.622483, 535.132439, 3471.598576, -2.984326, 543.824518, 3581.304778, -22.873069, 504.833791, 3655.219364, -28.519138, 531.129883, 3751.770705, -18.421225, 509.296094, 3874.384504, 0.658026, 527.782629, 3945.520839, -9.597175, 541.454223, 4096.074011, -20.842839, 520.041096, 4156.438891, -3.306912, 548.066678, 4249.206065, -42.812803, 525.949114, 4370.125877, -13.621834, 535.161568, 4451.365970, -38.252845, 524.472364, 4592.837816, -1.638046, 545.434096, 4695.318961, -42.648274, 509.210105, 4772.556447, -35.567535, 534.623725, 4879.499526, -5.873037, 527.577012, 4953.389825, -5.042131, 510.275088, 5092.491330, -5.197765, 533.266904, 5158.640171, 6.551151, 522.255244, 5252.814540, -40.472365, 523.277233, 5376.410996, -15.036485, 553.490161, 5457.680256, -8.360394, 507.532925, 5579.799804, -11.752268, 549.729281, 5671.341655, -12.662891, 550.915834, 5778.199137, -36.336054, 507.643480, 5858.930567, -1.526497, 545.605289, 5984.154805, 7.173294, 532.858296, 6092.077062, 3.435021, 519.955722, 6171.451657, -34.154422, 518.802288, 6291.354207, -26.029856, 522.164555, 6360.739132, 5.691171, 550.962833, 6460.337015, -32.858265, 534.897647, 6565.516908, 2.251552, 515.440640, 6661.353880, -22.636389, 546.612451, 6758.377398, -40.666807, 502.571479, 6863.668263, -26.426238, 544.879938, 6955.381265, -38.501032, 544.348401, 7085.886902, -42.653579, 540.078612, 7151.950380, -15.891873, 549.759037, 7268.399779, -20.767291, 516.025591, 7388.211682, -4.718137, 514.010778, 7485.282238, -40.610695, 524.987309, 7566.287531, -19.783806, 519.534878, 7679.375384, -3.119907, 540.732496, 7772.095522, -40.972063, 543.900464, 7872.314382, -21.993925, 509.770659, 7963.302142, -11.302476, 515.104303, 8053.758193, -21.645138, 516.284922, 8191.484181, -14.384795, 544.227359, 8287.350929, -42.214590, 515.755283, 8349.483088, 1.307129, 503.332298, 8461.141364, -9.640123, 506.557328, 8583.775793, -39.582301, 530.607540, 8649.417598, -4.896879, 519.782959, 8787.797385, -29.030983, 522.645623, 8877.805590, -1.406500, 544.486608, 8985.222341, -34.334019, 525.479343, 9046.433279, -25.265777, 547.668927, 9160.365036, -30.011189, 525.579560, 9250.700138, -38.889841, 527.199609, 9364.102770, -34.096772, 520.802088, 9465.082557, -17.645598, 503.456422, 95