x coord, y coord, z coord, scalar
34.749561, -8.270069, 163.294602, 0
21.056833, -11.422599, 189.053894, 1
58.652465, -1.083313, 182.334735, 2
25.032588, 3.299580, 194.052826, 3
29.069464, -1.222006, 167.681219, 4
51.057270, 28.107669, 161.580820, 5
23.388316, -8.906709, 164.446404, 6
26.517792, -21.635008, 195.758434, 7
23.054648, 21.640704, 191.467409, 8
45.168299, -9.912968, 160.959887, 9
47.444025, 5.207662, 175.826288, 1056.182293, 6.635518, 187.540061, 1139.140244, -5.880594, 158.053762, 1266.918891, -0.477006, 184.489634, 1354.875921, 8.963447, 154.864412, 1468.000778, -11.147858, 154.568952, 1523.485798, -7.388488, 168.798757, 1633.375979, -0.499676, 170.300361, 1723.038621, 2.925997, 163.537779, 1859.949828, -23.074285, 176.761236, 1966.353443, 4.740755, 205.105365, 2036.083815, -10.245542, 183.337785, 2169.067665, 9.265846, 200.593600, 2221.025451, 5.016162, 171.713503, 2350.958882, -11.276543, 203.813410, 2451.267120, -14.444363, 164.262445, 2551.279917, -10.587533, 180.010413, 2665.522443, 3.159474, 202.647143, 2729.726811, 6.569121, 177.170046, 2838.708330, -4.649646, 177.232243, 2960.913380, -9.464798, 205.109363, 3059.922953, 6.990019, 166.460714, 3137.164895, 4.889112, 198.863001, 3231.662701, 6.285586, 175.476096, 3348.819958, -13.924135, 187.335929, 3446.537573, 17.714020, 196.028032, 3556.243784, -2.174688, 157.037344, 3630.158367, -7.820795, 183.333323, 3726.709712, 2.277076, 161.499357, 3849.323496, 21.356374, 179.986096, 3920.459838, 11.101168, 193.657743, 4071.013009, -0.144486, 172.244631, 4131.377889, 17.391433, 200.270206, 4224.145070, -22.114460, 178.152639, 4345.064874, 7.076513, 187.365002, 4426.304976, -17.554502, 176.675856, 4567.776814, 19.060302, 197.637648, 4670.257963, -21.949923, 161.413691, 4747.495450, -14.869188, 186.827214, 4854.438520, 14.825313, 179.780461, 4928.328806, 15.656193, 162.478497, 5067.430327, 15.500584, 185.470436, 5133.579162, 27.249494, 174.458737, 5227.753546, -19.774022, 175.480733, 5351.349994, 5.661861, 205.693697, 5432.619211, 12.337906, 159.736157, 5554.738802, 8.946079, 201.932812, 5646.280653, 8.035455, 203.119360, 5753.138150, -15.637696, 159.847023, 5833.869564, 19.171848, 197.808811, 5959.093801, 27.871642, 185.061832, 6067.016057, 24.133371, 172.159270, 6146.390669, -13.456069, 171.005675, 6266.293207, -5.331502, 174.368066, 6335.678129, 26.389516, 203.166378, 6435.276018, -12.159920, 187.101120, 6540.455891, 22.949896, 167.644071, 6636.292880, -1.938044, 198.815960, 6733.316415, -19.968464, 154.775093, 6838.607263, -5.727892, 197.083443, 6930.320266, -17.802687, 196.551932, 7060.825903, -21.955231, 192.282159, 7126.889379, 4.806472, 201.962565, 7243.338789, -0.068929, 168.228249, 7363.150674, 15.980219, 166.214299, 7460.221241, -19.912345, 177.190838, 7541.226535, 0.914544, 171.737809, 7654.314381, 17.578441, 192.936011, 7747.034524, -20.273716, 196.103997, 7847.253411, -1.295509, 161.973293, 7938.241114, 9.395858, 167.307032, 8028.697202, -0.946813, 168.488099, 8166.423180, 6.313553, 196.430898, 8262.289933, -21.516239, 167.958836, 8324.422075, 22.005462, 155.535902, 8436.080270, 11.058161, 158.760270, 8558.714795, -18.883952, 182.811064, 8624.356591, 15.801456, 171.986394, 8762.736387, -8.332629, 174.849119, 8852.744587, 19.291847, 196.690135, 8960.161344, -13.635668, 177.682847, 9021.372279, -4.567433, 199.872460, 9135.304043, -9.312845, 177.782930, 9225.639143, -18.191498, 179.403111, 9339.041782, -13.398426, 173.005463, 9440.021543, 3.052747, 155.660252, 95