x coord, y coord, z coord, scalar
40.499070, -3.904377, 112.749220, 0
26.806334, -7.056897, 138.508560, 1
64.401967, 3.282392, 131.789394, 2
30.782089, 7.665283, 143.507491, 3
34.818964, 3.143689, 117.135834, 4
56.806768, 32.473375, 111.035491, 5
29.137817, -4.541012, 113.901062, 6
32.267293, -17.269305, 145.213103, 7
28.804148, 26.006407, 140.922077, 8
50.917814, -5.547266, 110.414526, 9
53.193527, 9.573368, 125.280916, 1061.931795, 11.001222, 136.994722, 1144.889776, -1.514912, 107.508366, 1272.668393, 3.888698, 133.944301, 1360.625424, 13.329163, 104.319095, 1473.750282, -6.782152, 104.023631, 1529.235299, -3.022790, 118.253410, 1639.125480, 3.866021, 119.754959, 1728.788118, 7.291693, 112.992427, 1865.699331, -18.708582, 126.215906, 1972.102945, 9.106459, 154.560036, 2041.833317, -5.879840, 132.792440, 2174.817167, 13.631550, 150.048271, 2226.774950, 9.381862, 121.168156, 2356.708384, -6.910840, 153.268079, 2457.016628, -10.078659, 113.717104, 2557.029420, -6.221830, 129.465069, 2671.271944, 7.525177, 152.101813, 2735.476310, 10.934823, 126.624686, 2844.457833, -0.283944, 126.686878, 2966.662881, -5.099094, 154.564034, 3065.672456, 11.355728, 115.915370, 3142.914396, 9.254815, 148.317666, 3237.412200, 10.651288, 124.930726, 3354.569461, -9.558432, 136.790592, 3452.287074, 22.079724, 145.482698, 3561.993293, 2.191023, 106.492015, 3635.907869, -3.455093, 132.787979, 3732.459207, 6.642766, 110.953988, 3855.072996, 25.722079, 129.440756, 3926.209338, 15.466871, 143.112409, 4076.762512, 4.221219, 121.699299, 4137.127390, 21.757136, 149.724874, 4229.894572, -17.748758, 127.607306, 4350.814375, 11.442217, 136.819657, 4432.054478, -13.188801, 126.130519, 4573.526315, 23.426006, 147.092319, 4676.007466, -17.584219, 110.868367, 4753.244952, -10.503484, 136.281877, 4860.188020, 19.191018, 129.235118, 4934.078298, 20.021894, 111.933148, 5073.179828, 19.866289, 134.925104, 5139.328660, 31.615198, 123.913400, 5233.503049, -15.408321, 124.935397, 5357.099495, 10.027565, 155.148366, 5438.368692, 16.703606, 109.190785, 5560.488303, 13.311783, 151.387481, 5652.030154, 12.401159, 152.574027, 5758.887657, -11.271992, 109.301692, 5839.619065, 23.537551, 147.263478, 5964.843301, 32.237347, 134.516501, 6072.765557, 28.499077, 121.613941, 6152.140174, -9.090366, 120.460324, 6272.042710, -0.965797, 123.822732, 6341.427630, 30.755219, 152.621048, 6441.025520, -7.794217, 136.555780, 6546.205387, 27.315602, 117.098725, 6642.042381, 2.427659, 148.270625, 6739.065920, -15.602765, 104.229773, 6844.356765, -1.362189, 146.538107, 6936.069768, -13.436984, 146.006601, 7066.575405, -17.589527, 141.736829, 7132.638879, 9.172175, 151.417233, 7249.088296, 4.296776, 117.682798, 7368.900175, 20.345926, 115.668966, 7465.970744, -15.546641, 126.645505, 7546.976038, 5.280247, 121.192396, 7660.063881, 21.944145, 142.390677, 7752.784026, -15.908013, 145.558666, 7853.002933, 3.070206, 111.427839, 7943.990606, 13.761564, 116.761591, 8034.446702, 3.418883, 117.942719, 8172.172681, 10.679257, 145.885568, 8268.039436, -17.150535, 117.413507, 8330.171571, 26.371165, 104.990580, 8441.829736, 15.423866, 108.214857, 8564.464297, -14.518248, 132.265731, 8630.106088, 20.167158, 121.441049, 8768.485890, -3.966925, 124.303782, 8858.494087, 23.657550, 146.144802, 8965.910847, -9.269964, 127.137511, 9027.121780, -0.201730, 149.327128, 9141.053546, -4.947144, 127.237577, 9231.388645, -13.825796, 128.857776, 9344.791286, -9.032725, 122.460110, 9445.771041, 7.418452, 105.114961, 95