x coord, y coord, z coord, scalar
24.469011, 1.766368, 51.353842, 0
10.776263, -1.386153, 77.113237, 1
48.371894, 8.953138, 70.394063, 2
14.752017, 13.336027, 82.112166, 3
18.788898, 8.814428, 55.740454, 4
40.776691, 38.144119, 49.640174, 5
13.107750, 1.129730, 52.505730, 6
16.237221, -11.598561, 83.817784, 7
12.774075, 31.677150, 79.526755, 8
34.887751, 0.123489, 49.019171, 9
37.163453, 15.244114, 63.885551, 10
45.901721, 16.671968, 75.599393, 11
28.859739, 4.155846, 46.112973, 12
56.638319, 9.559444, 72.548978, 13
44.595341, 18.999916, 42.923790, 14
57.720209, -1.111405, 42.628322, 15
13.205231, 2.647952, 56.858073, 16
23.095412, 9.536762, 58.359558, 17
12.758049, 12.962429, 51.597084, 18
49.669259, -13.037836, 64.820586, 19
56.072872, 14.777203, 93.164718, 20
25.803246, -0.209095, 71.397104, 21
58.787093, 19.302295, 88.652953, 22
10.744879, 15.052602, 59.772817, 23
40.678311, -1.240095, 91.872759, 24
40.986558, -4.407909, 52.321773, 25
40.999348, -0.551083, 68.069734, 26
55.241871, 13.195922, 90.706495, 27
19.446238, 16.605565, 65.229333, 28
28.427762, 5.386801, 65.291518, 29
50.632808, 0.571651, 93.168716, 30
49.642380, 17.026477, 54.520036, 31
26.884323, 14.925559, 86.922341, 32
21.382128, 16.322029, 63.535363, 33
38.539389, -3.887686, 75.395265, 34
36.257001, 27.750468, 84.087374, 35
45.963219, 7.861779, 45.096698, 36
19.877798, 2.215651, 71.392644, 37
16.429142, 12.313498, 49.558626, 38
39.042921, 31.392824, 68.045425, 39
10.179266, 21.137615, 81.717087, 40
60.732438, 9.891966, 60.303979, 41
21.097317, 27.427880, 88.329553, 42
13.864501, -12.078014, 66.211984, 43
34.784302, 17.112961, 75.424321, 44
16.024408, -7.518057, 64.735192, 45
57.496241, 29.096750, 85.697001, 46
59.977394, -11.913472, 49.473054, 47
37.214880, -4.832739, 74.886549, 48
44.157945, 24.861764, 67.839785, 49
18.048222, 25.692630, 50.537808, 50
57.149754, 25.537034, 73.529783, 51
23.298586, 37.285940, 62.518073, 52
17.472978, -9.737576, 63.540071, 53
41.069423, 15.698309, 93.753045, 54
22.338611, 22.374332, 47.795417, 55
44.458230, 18.982527, 89.992160, 56
36.000081, 18.071903, 91.178705, 57
42.857587, -5.601242, 47.906373, 58
23.588991, 29.208295, 85.868156, 59
48.813227, 37.908091, 73.121180, 60
56.735483, 34.169822, 60.218623, 61
36.110105, -3.419618, 59.064981, 62
56.012637, 4.704950, 62.427408, 63
25.397557, 36.425963, 91.225730, 64
24.995448, -2.123473, 75.160451, 65
30.175310, 32.986344, 55.703389, 66
26.012309, 8.098404, 86.875301, 67
23.035853, -9.932019, 42.834465, 68
28.326692, 4.308556, 85.142782, 69
20.039696, -7.766240, 84.611280, 70
50.545333, -11.918782, 80.341510, 71
16.608807, 14.842919, 90.021911, 72
33.058226, 9.967527, 56.287341, 73
52.870099, 26.016672, 54.273643, 74
49.940672, -9.875895, 65.250184, 75
30.945967, 10.950993, 59.796982, 76
44.033808, 27.614890, 80.995354, 77
36.753953, -10.237268, 84.163345, 78
36.972862, 8.740975, 50.032379, 79
27.960527, 19.432301, 55.366145, 80
18.416635, 9.089622, 56.547344, 81
56.142608, 16.350002, 84.490248, 82
52.009364, -11.479788, 56.018189, 83
14.141496, 32.041904, 43.595270, 84
25.799642, 21.094581, 46.819445, 85
48.434225, -8.847502, 70.870409, 86
14.076014, 25.837898, 60.045713, 87
52.455817, 1.703823, 62.908456, 88
42.464014, 29.328295, 84.749481, 89
49.880775, -3.599217, 65.742186, 90
11.091707, 5.469014, 87.931808, 91
25.023476, 0.723601, 65.842231, 92
15.358574, -8.155052, 67.462450, 93
28.761217, -3.361979, 61.064764, 94
29.740964, 13.089195, 43.719687, 95
