x coord, y coord, z coord, scalar
30.135058, 7.090123, 26.335682, 0
16.442302, 3.937612, 52.095096, 1
54.037934, 14.276906, 45.375920, 2
20.418055, 18.659792, 57.094024, 3
24.454936, 14.138186, 30.722293, 4
46.442728, 43.467889, 24.622035, 5
18.773790, 6.453490, 27.487586, 6
21.903260, -6.274795, 58.799644, 7
18.440113, 37.000916, 54.508615, 8
40.553804, 5.447254, 24.001019, 9
42.829492, 20.567883, 38.867395, 10
51.567760, 21.995735, 50.581250, 11
34.525811, 9.479592, 21.094808, 12
62.304359, 14.883212, 47.530837, 13
50.261381, 24.323696, 17.905656, 14
63.386251, 4.212364, 17.610186, 15
18.871270, 7.971713, 31.839927, 16
28.761451, 14.860523, 33.341389, 17
18.424084, 18.286188, 26.578936, 18
55.335299, -7.714069, 39.802446, 19
61.738911, 20.100970, 68.146579, 20
31.469286, 5.114670, 46.378959, 21
64.453132, 24.626062, 63.634814, 22
16.410915, 20.376365, 34.754671, 23
46.344350, 4.083672, 66.854620, 24
46.652603, 0.915857, 27.303630, 25
46.665389, 4.772684, 43.051590, 26
60.907910, 18.519689, 65.688355, 27
25.112275, 21.929329, 40.211182, 28
34.093803, 10.710566, 40.273364, 29
56.298848, 5.895417, 68.150577, 30
55.308420, 22.350249, 29.501891, 31
32.550362, 20.249325, 61.904200, 32
27.048164, 21.645793, 38.517208, 33
44.205429, 1.436080, 50.377122, 34
41.923039, 33.074235, 59.069233, 35
51.629266, 13.185554, 20.078559, 36
25.543837, 7.539416, 46.374499, 37
22.095175, 17.637251, 24.540471, 38
44.708959, 36.716592, 43.027281, 39
15.845304, 26.461380, 56.698946, 40
66.398479, 15.215734, 35.285839, 41
26.763355, 32.751646, 63.311413, 42
19.530541, -6.754249, 41.193844, 43
40.450341, 22.436728, 50.406176, 44
21.690448, -2.194293, 39.717050, 45
63.162280, 34.420517, 60.678862, 46
65.643435, -6.589705, 24.454917, 47
42.880920, 0.491027, 49.868407, 48
49.823984, 30.185532, 42.821640, 49
23.714252, 31.016394, 25.519662, 50
62.815793, 30.860802, 48.511643, 51
28.964622, 42.609707, 37.499931, 52
23.139019, -4.413812, 38.521930, 53
46.735461, 21.022076, 68.734906, 54
28.004629, 27.698094, 22.777261, 55
50.124269, 24.306294, 64.974020, 56
41.666120, 23.395670, 66.160565, 57
48.523632, -0.277475, 22.888234, 58
29.255030, 34.532061, 60.850015, 59
54.479265, 43.231859, 48.103041, 60
62.401521, 39.493590, 35.200483, 61
41.776148, 1.904147, 34.046833, 62
61.678678, 10.028718, 37.409267, 63
31.063595, 41.749730, 66.207590, 64
30.661488, 3.200293, 50.142307, 65
35.841344, 38.310113, 30.685244, 66
31.678348, 13.422170, 61.857160, 67
28.701896, -4.608257, 17.816329, 68
33.992732, 9.632322, 60.124641, 69
25.705735, -2.442474, 59.593140, 70
56.211373, -6.595015, 55.323371, 71
22.274845, 20.166685, 65.003771, 72
38.724271, 15.291295, 31.269153, 73
58.536137, 31.340443, 29.255503, 74
55.606713, -4.552128, 40.232044, 75
36.612007, 16.274760, 34.778809, 76
49.699846, 32.938657, 55.977213, 77
42.419993, -4.913502, 59.145205, 78
42.638922, 14.064755, 25.014190, 79
33.626556, 24.756070, 30.347962, 80
24.082673, 14.413380, 31.529184, 81
61.808647, 21.673769, 59.472108, 82
57.675406, -6.156021, 31.000050, 83
19.807529, 37.365669, 18.577134, 84
31.465644, 26.418348, 21.801273, 85
54.100266, -3.523736, 45.852268, 86
19.742050, 31.161663, 35.027568, 87
58.121858, 7.027590, 37.890314, 88
48.130053, 34.652062, 59.731340, 89
55.546816, 1.724550, 40.724044, 90
16.757746, 10.792779, 62.913668, 91
30.689516, 6.047365, 40.824082, 92
21.024614, -2.831288, 42.444309, 93
34.427260, 1.961786, 36.046616, 94
35.406999, 18.412964, 18.701563, 95
