x coord, y coord, z coord, scalar
59.833737, -24.845030, 642.649650, 0
46.141050, -27.997576, 668.408456, 1
83.736683, -17.658300, 661.689365, 2
50.116808, -13.275398, 673.407404, 3
54.153673, -17.796959, 647.036291, 4
76.141503, 11.532682, 640.935328, 5
48.472522, -25.481672, 643.801043, 6
51.602009, -38.209987, 675.112960, 7
48.138870, 5.065725, 670.821957, 8
70.252472, -26.487967, 640.314726, 9
72.528248, -11.367327, 655.181229, 1081.266514, -9.939467, 666.894673, 1164.224330, -22.455561, 637.408948, 1292.003110, -17.051992, 663.844191, 1379.960158, -7.611578, 634.218805, 1493.084992, -27.722849, 633.923384, 1548.570008, -23.963454, 648.153449, 1658.460189, -17.074639, 649.655621, 1748.122841, -13.648952, 642.892520, 1885.034042, -39.649270, 656.115766, 1991.437663, -11.834228, 684.459876, 2061.168029, -26.820521, 662.692459, 2194.151885, -7.309137, 679.948113, 2246.109673, -11.558804, 651.068203, 2376.043100, -27.851525, 683.167940, 2476.351322, -31.019356, 643.617074, 2576.364130, -27.162519, 659.365077, 2690.606663, -13.415509, 682.001661, 2754.811034, -10.005851, 656.524870, 2863.792542, -21.224625, 656.587131, 2985.997598, -26.039780, 684.463878, 3085.007177, -9.584981, 645.815377, 3162.249115, -11.685869, 678.217575, 3256.746925, -10.289385, 654.831018, 3373.904174, -30.499118, 666.690527, 3471.621795, 1.139038, 675.382596, 3581.327991, -18.749707, 636.391854, 3655.242583, -24.395772, 662.687989, 3751.793929, -14.297853, 640.854270, 3874.407723, 4.781390, 659.340726, 3945.544059, -5.473809, 673.012299, 4096.097228, -16.719475, 651.599166, 4156.462110, 0.816453, 679.624751, 4249.229284, -38.689437, 657.507188, 4370.149096, -9.498470, 666.719677, 4451.389188, -34.129478, 656.030451, 4592.861035, 2.485319, 676.992160, 4695.342178, -38.524909, 640.768155, 4772.579665, -31.444170, 666.181813, 4879.522744, -1.749674, 659.135116, 4953.413050, -0.918766, 641.833207, 5092.514548, -1.074401, 664.824975, 5158.663391, 10.674515, 653.813331, 5252.837758, -36.348998, 654.835317, 5376.434214, -10.913121, 685.048230, 5457.703487, -4.237030, 639.091112, 5579.823022, -7.628903, 681.287352, 5671.364873, -8.539526, 682.473907, 5778.222352, -32.212689, 639.201547, 5858.953786, 2.596868, 677.163364, 5984.178024, 11.296658, 664.416366, 6092.100281, 7.558385, 651.513786, 6171.474873, -30.031056, 650.360415, 6291.377424, -21.906491, 653.722634, 6360.762351, 9.814535, 682.520899, 6460.360233, -28.734899, 666.455741, 6565.540130, 6.374914, 646.998751, 6661.377099, -18.513024, 678.170531, 6758.400614, -36.543439, 634.129518, 6863.691482, -22.302873, 676.438020, 6955.404484, -34.377666, 675.906473, 7085.910120, -38.530214, 671.636678, 7151.973598, -11.768508, 681.317110, 7268.422993, -16.643926, 647.584003, 7388.234900, -0.594774, 645.568854, 7485.305455, -36.487330, 656.545382, 7566.310749, -15.660440, 651.093183, 7679.398603, 1.003458, 672.290574, 7772.118741, -36.848697, 675.458534, 7872.337586, -17.870564, 641.329081, 7963.325366, -7.179114, 646.662687, 8053.781413, -17.521769, 647.843131, 8191.507400, -10.261431, 675.785428, 8287.374146, -38.091225, 647.313347, 8349.506310, 5.430494, 634.890341, 8461.164604, -5.516764, 638.115629, 8583.799010, -35.458936, 662.165614, 8649.440819, -0.773514, 651.341068, 8787.820602, -24.907619, 654.203709, 8877.828808, 2.716864, 676.044682, 8985.245558, -30.210654, 657.037425, 9046.456497, -21.142412, 679.226997, 9160.388254, -25.887823, 657.137694, 9250.723357, -34.766474, 658.757691, 9364.125987, -29.973406, 652.360220, 9465.105777, -13.522235, 635.014377, 95