x coord, y coord, z coord, scalar
39.685698, -7.435759, 124.473879, 0
25.992966, -10.588281, 150.233208, 1
63.588599, -0.248993, 143.514044, 2
29.968721, 4.133899, 155.232139, 3
34.005595, -0.387692, 128.860494, 4
55.993401, 28.941990, 122.760138, 5
28.324448, -8.072394, 125.625712, 6
31.453924, -20.800690, 156.937750, 7
27.990780, 22.475022, 152.646724, 8
50.104441, -9.078652, 122.139180, 9
52.380159, 6.041983, 137.005573, 1061.118426, 7.469838, 148.719371, 1144.076396, -5.046294, 119.233028, 1271.855024, 0.357314, 145.668948, 1359.812057, 9.797774, 116.043739, 1472.936913, -10.313538, 115.748276, 1528.421930, -6.554173, 129.978061, 1638.312111, 0.334639, 131.479623, 1727.974750, 3.760311, 124.717079, 1864.885962, -22.239966, 137.940553, 1971.289576, 5.575074, 166.284683, 2041.019948, -9.411224, 144.517091, 2174.003798, 10.100166, 161.772918, 2225.961582, 5.850479, 132.892807, 2355.895015, -10.442224, 164.992726, 2456.203257, -13.610045, 125.441753, 2556.216051, -9.753214, 141.189719, 2670.458576, 3.993793, 163.826460, 2734.662942, 7.403439, 138.349340, 2843.644464, -3.815328, 138.411533, 2965.849513, -8.630479, 166.288681, 3064.859088, 7.824342, 127.640021, 3142.101027, 5.723430, 160.042314, 3236.598832, 7.119904, 136.655382, 3353.756092, -13.089816, 148.515241, 3451.473706, 18.548339, 157.207346, 3561.179923, -1.340364, 118.216662, 3635.094500, -6.986477, 144.512630, 3731.645839, 3.111387, 122.678644, 3854.259629, 22.190695, 141.165405, 3925.395970, 11.935487, 154.837057, 4075.949143, 0.689834, 133.423947, 4136.314021, 18.225752, 161.449522, 4229.081203, -21.280142, 139.331954, 4350.001007, 7.910832, 148.544307, 4431.241109, -16.720185, 137.855168, 4572.712946, 19.894621, 158.816965, 4675.194097, -21.115604, 122.593012, 4752.431583, -14.034869, 148.006526, 4859.374652, 15.659633, 140.959769, 4933.264932, 16.490512, 123.657800, 5072.366460, 16.334904, 146.649751, 5138.515293, 28.083813, 135.638048, 5232.689679, -18.939705, 136.660046, 5356.286127, 6.496180, 166.873013, 5437.555330, 13.172225, 120.915441, 5559.674935, 9.780398, 163.112128, 5651.216786, 8.869774, 164.298675, 5758.074287, -14.803377, 121.026340, 5838.805696, 20.006167, 158.988126, 5964.029933, 28.705962, 146.241148, 6071.952189, 24.967692, 133.338588, 6151.326805, -12.621751, 132.184976, 6271.229342, -4.497182, 135.547380, 6340.614262, 27.223835, 164.345695, 6440.212151, -11.325601, 148.280430, 6545.392021, 23.784217, 128.823376, 6641.229013, -1.103725, 159.995274, 6738.252550, -19.134148, 115.954418, 6843.543396, -4.893573, 158.262756, 6935.256399, -16.968368, 157.731248, 7065.762037, -21.120912, 153.461476, 7131.825511, 5.640791, 163.141880, 7248.274926, 0.765390, 129.407472, 7368.086807, 16.814540, 127.393614, 7465.157375, -19.078026, 138.370153, 7546.162669, 1.748863, 132.917062, 7659.250513, 18.412760, 154.115325, 7751.970657, -19.439397, 157.283313, 7852.189560, -0.461185, 123.152514, 7943.177241, 10.230180, 128.486263, 8033.633333, -0.112499, 129.667378, 8171.359313, 7.147872, 157.610215, 8267.226067, -20.681920, 129.138154, 8329.358204, 22.839781, 116.715225, 8441.016379, 11.892486, 119.939523, 8563.650929, -18.049633, 143.990379, 8629.292721, 16.635774, 133.165700, 8767.672521, -7.498310, 136.028431, 8857.680719, 20.126166, 157.869450, 8965.097478, -12.801348, 138.862159, 9026.308411, -3.733115, 161.051776, 9140.240177, -8.478528, 138.962229, 9230.575276, -17.357180, 140.582424, 9343.977917, -12.564109, 134.184762, 9444.957674, 3.887068, 116.839599, 95