x coord, y coord, z coord, scalar
58.533873, -17.924482, 439.450000, 0
44.841171, -21.077018, 465.209016, 1
82.436804, -10.737737, 458.489895, 2
48.816928, -6.354839, 470.207957, 3
52.853794, -10.876411, 443.836630, 4
74.841618, 18.453246, 437.735911, 5
47.172646, -18.561120, 440.601569, 6
50.302129, -31.289428, 471.913535, 7
46.838989, 11.986285, 467.622523, 8
68.952612, -19.567404, 437.115166, 9
71.228367, -4.446763, 451.981625, 1079.966634, -3.018905, 463.695211, 1162.924502, -15.535020, 434.209238, 1290.703230, -10.131430, 460.644753, 1378.660276, -0.690998, 431.019438, 1491.785116, -20.802285, 430.724000, 1547.270130, -17.042901, 444.953953, 1657.160311, -10.154087, 446.455880, 1746.822957, -6.728405, 439.693002, 1883.734164, -32.728709, 452.916340, 1990.137783, -4.913667, 481.260458, 2059.868151, -19.899962, 459.492970, 2192.852005, -0.388576, 476.748694, 2244.809790, -4.638250, 447.868703, 2374.743221, -20.930964, 479.968513, 2475.051450, -24.098793, 440.417605, 2575.064253, -20.241957, 456.165593, 2689.306783, -6.494948, 478.802239, 2753.511152, -3.085294, 453.325317, 2862.492665, -14.304067, 453.387550, 2984.697719, -19.119219, 481.264458, 3083.707297, -2.664413, 442.615893, 3160.949234, -4.765309, 475.018129, 3255.447042, -3.368828, 451.631422, 3372.604296, -23.578557, 463.491071, 3470.321914, 8.059599, 472.183155, 3580.028120, -11.829133, 433.192436, 3653.942704, -17.475214, 459.488504, 3750.494045, -7.377314, 437.654678, 3873.107840, 11.701952, 456.141256, 3944.244178, 1.446750, 469.812861, 4094.797349, -9.798912, 448.399737, 4155.162229, 7.737013, 476.425318, 4247.929405, -31.768879, 454.307754, 4368.849215, -2.577909, 463.520188, 4450.089311, -27.208921, 452.830996, 4591.561154, 9.405880, 473.792741, 4694.042301, -31.604348, 437.568757, 4771.279787, -24.523610, 462.982357, 4878.222863, 5.170889, 455.935636, 4952.113158, 6.001788, 438.633703, 5091.214668, 5.846161, 461.625544, 5157.363507, 17.595076, 450.613877, 5251.537880, -29.428441, 451.635867, 5375.134334, -3.992560, 481.848802, 5456.403580, 2.683518, 435.891502, 5578.523142, -0.708343, 478.087922, 5670.064993, -1.618966, 479.274473, 5776.922480, -25.292126, 436.002123, 5857.653905, 9.517428, 473.963928, 5982.878143, 18.217220, 461.216938, 6090.800399, 14.478948, 448.314366, 6170.175000, -23.110495, 447.160898, 6290.077546, -14.985928, 450.523191, 6359.462470, 16.735096, 479.321476, 6459.060355, -21.814340, 463.256275, 6564.240242, 13.295477, 443.799260, 6660.077219, -11.592464, 474.971087, 6757.100741, -29.622883, 430.930137, 6862.391602, -15.382313, 473.238573, 6954.104604, -27.457107, 472.707042, 7084.610242, -31.609653, 468.437256, 7150.673718, -4.847948, 478.117677, 7267.123121, -9.723361, 444.384048, 7386.935018, 6.325792, 442.369417, 7484.005578, -29.566769, 453.345949, 7565.010871, -8.739879, 447.893392, 7678.098722, 7.924019, 469.091133, 7770.818862, -29.928137, 472.259105, 7871.037731, -10.949979, 438.129111, 7962.025472, -0.258554, 443.462774, 8052.481534, -10.601220, 444.643488, 8190.207520, -3.340869, 472.586002, 8286.074269, -31.170663, 444.113928, 8348.206423, 12.351051, 431.690954, 8459.864673, 1.403785, 434.915844, 8582.499132, -28.538375, 458.966179, 8648.140934, 6.147043, 448.141580, 8786.520725, -17.987055, 451.004256, 8876.528928, 9.637425, 472.845248, 8983.945681, -23.290092, 453.837978, 9045.156617, -14.221853, 476.027568, 9159.088377, -18.967265, 453.938167, 9249.423478, -27.845917, 455.558243, 9362.826113, -23.052847, 449.160695, 9463.805891, -6.601673, 431.815126, 95