x coord, y coord, z coord, scalar
35.065654, -9.117253, 156.444612, 0
21.372926, -12.269781, 182.203911, 1
58.968558, -1.930495, 175.484751, 2
25.348681, 2.452398, 187.202843, 3
29.385556, -2.069188, 160.831228, 4
51.373363, 27.260487, 154.730837, 5
23.704408, -9.753892, 157.596419, 6
26.833884, -22.482190, 188.908451, 7
23.370740, 20.793521, 184.617426, 8
45.484392, -10.760151, 154.109900, 9
47.760118, 4.360480, 168.976299, 1056.498386, 5.788336, 180.690077, 1139.456338, -6.727779, 151.203770, 1267.234983, -1.324188, 177.639651, 1355.192015, 8.116265, 148.014431, 1468.316871, -11.995040, 147.718970, 1523.801890, -8.235671, 161.948772, 1633.692071, -1.346859, 163.450369, 1723.354713, 2.078815, 156.687793, 1860.265920, -23.921468, 169.911254, 1966.669536, 3.893573, 198.255382, 2036.399907, -11.092724, 176.487800, 2169.383758, 8.418664, 193.743617, 2221.341544, 4.168979, 164.863518, 2351.274975, -12.123725, 196.963427, 2451.583213, -15.291546, 157.412460, 2551.596010, -11.434716, 173.160428, 2665.838536, 2.312291, 195.797160, 2730.042904, 5.721939, 170.320059, 2839.024423, -5.496828, 170.382256, 2961.229472, -10.311980, 198.259381, 3060.239046, 6.142837, 159.610729, 3137.480987, 4.041929, 192.013017, 3231.978794, 5.438404, 168.626108, 3349.136051, -14.771317, 180.485946, 3446.853666, 16.866838, 189.178049, 3556.559877, -3.021870, 150.187361, 3630.474460, -8.667977, 176.483339, 3727.025804, 1.429893, 154.649369, 3849.639589, 20.509192, 173.136112, 3920.775930, 10.253986, 186.807759, 4071.329102, -0.991668, 165.394648, 4131.693982, 16.544250, 193.420223, 4224.461162, -22.961642, 171.302656, 4345.380967, 6.229330, 180.515017, 4426.621069, -18.401685, 169.825872, 4568.092906, 18.213119, 190.787665, 4670.574056, -22.797105, 154.563709, 4747.811542, -15.716370, 179.977230, 4854.754612, 13.978131, 172.930477, 4928.644898, 14.809011, 155.628512, 5067.746419, 14.653402, 178.620453, 5133.895254, 26.402312, 167.608753, 5228.069639, -20.621204, 168.630750, 5351.666087, 4.814679, 198.843714, 5432.935302, 11.490724, 152.886169, 5555.054895, 8.098897, 195.082829, 5646.596746, 7.188273, 196.269377, 5753.454243, -16.484878, 152.997040, 5834.185657, 18.324665, 190.958828, 5959.409893, 27.024460, 178.211849, 6067.332149, 23.286189, 165.309288, 6146.706762, -14.303251, 164.155690, 6266.609300, -6.178684, 167.518083, 6335.994222, 25.542334, 196.316395, 6435.592111, -13.007102, 180.251136, 6540.771983, 22.102714, 160.794086, 6636.608973, -2.785226, 191.965977, 6733.632507, -20.815647, 147.925112, 6838.923356, -6.575074, 190.233459, 6930.636359, -18.649869, 189.701949, 7061.141996, -22.802413, 185.432176, 7127.205471, 3.959289, 195.112582, 7243.654882, -0.916111, 161.378249, 7363.466766, 15.133037, 159.364316, 7460.537334, -20.759527, 170.340855, 7541.542628, 0.067361, 164.887815, 7654.630473, 16.731259, 186.086028, 7747.350616, -21.120898, 189.254014, 7847.569506, -2.142692, 155.123293, 7938.557206, 8.548676, 160.457034, 8029.013294, -1.793996, 161.638110, 8166.739272, 5.466371, 189.580916, 8262.606025, -22.363421, 161.108853, 8324.738167, 21.158280, 148.685920, 8436.396361, 10.210980, 151.910276, 8559.030888, -19.731134, 175.961080, 8624.672683, 14.954274, 165.136409, 8763.052479, -9.179812, 167.999135, 8853.060679, 18.444664, 189.840152, 8960.477437, -14.482850, 170.832863, 9021.688371, -5.414616, 193.022477, 9135.620136, -10.160028, 170.932944, 9225.955235, -19.038680, 172.553128, 9339.357875, -14.245608, 166.155477, 9440.337635, 2.205565, 148.810275, 95