x coord, y coord, z coord, scalar
55.488753, -29.270575, 574.971197, 0
41.796066, -32.423121, 600.730072, 1
79.391699, -22.083845, 594.010971, 2
45.771823, -17.700943, 605.729019, 3
49.808688, -22.222504, 579.357834, 4
71.796519, 7.107137, 573.256952, 5
44.127538, -29.907217, 576.122648, 6
47.257024, -42.635532, 607.434582, 7
43.793885, 0.640180, 603.143576, 8
65.907488, -30.913512, 572.636302, 9
68.183263, -15.792872, 587.502790, 1076.921529, -14.365012, 599.216283, 1159.879347, -26.881107, 569.730474, 1287.658125, -21.477537, 596.165809, 1375.615174, -12.037122, 566.540446, 1488.740008, -32.148394, 566.245020, 1544.225023, -28.388999, 580.475047, 1654.115204, -21.500184, 581.977137, 1743.777856, -18.074498, 575.214111, 1880.689057, -44.074815, 588.437387, 1987.092679, -16.259773, 616.781500, 2056.823044, -31.246066, 595.014059, 2189.806901, -11.734682, 612.269737, 2241.764688, -15.984349, 583.389799, 2371.698116, -32.277070, 615.489561, 2472.006337, -35.444901, 575.938681, 2572.019146, -31.588064, 591.686679, 2686.261678, -17.841054, 614.323284, 2750.466049, -14.431396, 588.846449, 2859.447557, -25.650170, 588.908700, 2981.652614, -30.465325, 616.785501, 3080.662192, -14.010526, 578.136979, 3157.904130, -16.111414, 610.539189, 3252.401940, -14.714930, 587.152582, 3369.559190, -34.924663, 599.012138, 3467.276811, -3.286507, 607.704212, 3576.983007, -23.175252, 568.713478, 3650.897598, -28.821317, 595.009591, 3747.448944, -18.723398, 573.175836, 3870.062738, 0.355845, 591.662332, 3941.199074, -9.899354, 605.333917, 4091.752244, -21.145020, 583.920786, 4152.117126, -3.609092, 611.946370, 4244.884299, -43.114982, 589.828807, 4365.804111, -13.924015, 599.041277, 4447.044204, -38.555023, 588.352062, 4588.516050, -1.940226, 609.313784, 4690.997194, -42.950454, 573.089786, 4768.234680, -35.869715, 598.503424, 4875.177760, -6.175219, 591.456719, 4949.068065, -5.344311, 574.154802, 5088.169564, -5.499946, 597.146595, 5154.318406, 6.248971, 586.134943, 5248.492773, -40.774543, 587.156930, 5372.089230, -15.338665, 617.369851, 5453.358501, -8.662575, 571.412672, 5575.478038, -12.054448, 613.608972, 5667.019889, -12.965071, 614.795526, 5773.877367, -36.638234, 571.523169, 5854.608801, -1.828677, 609.484982, 5979.833039, 6.871113, 596.737986, 6087.755296, 3.132840, 583.835410, 6167.129889, -34.456601, 582.682006, 6287.032440, -26.332036, 586.044249, 6356.417366, 5.388991, 614.842521, 6456.015249, -33.160444, 598.777349, 6561.195145, 1.949370, 579.320350, 6657.032114, -22.938569, 610.492147, 6754.055630, -40.968984, 566.451155, 6859.346497, -26.728418, 608.759634, 6951.059499, -38.803211, 608.228092, 7081.565136, -42.955759, 603.958300, 7147.628614, -16.194053, 613.638729, 7264.078009, -21.069471, 579.905447, 7383.889915, -5.020319, 577.890471, 7480.960471, -40.912875, 588.867001, 7561.965764, -20.085985, 583.414683, 7675.053618, -3.422087, 604.612190, 7767.773756, -41.274242, 607.780154, 7867.992603, -22.296109, 573.650520, 7958.980381, -11.604659, 578.984145, 8049.436428, -21.947314, 580.164679, 8187.162415, -14.686976, 608.107049, 8283.029161, -42.516770, 579.634971, 8345.161325, 1.004949, 567.211975, 8456.819618, -9.942309, 570.437130, 8579.454026, -39.884481, 594.487232, 8645.095834, -5.199059, 583.662669, 8783.475618, -29.333163, 586.525321, 8873.483824, -1.708681, 608.366300, 8980.900574, -34.636199, 589.359039, 9042.111513, -25.567957, 611.548617, 9156.043269, -30.313368, 589.459281, 9246.378372, -39.192019, 591.079305, 9359.781003, -34.398951, 584.681808, 9460.760792, -17.947780, 567.336057, 95