x coord, y coord, z coord, scalar
40.258988, -1.850887, 107.114812, 0
26.566250, -5.003406, 132.874157, 1
64.161883, 5.335883, 126.154991, 2
30.542005, 9.718773, 137.873088, 3
34.578880, 5.197179, 111.501426, 4
56.566683, 34.526866, 105.401089, 5
28.897734, -2.487522, 108.266659, 6
32.027209, -15.215815, 139.578701, 7
28.564063, 28.059897, 135.287674, 8
50.677732, -3.493775, 104.780120, 9
52.953443, 11.626859, 119.646510, 1061.691710, 13.054713, 131.360318, 1144.649698, 0.538578, 101.873957, 1272.428308, 5.942189, 128.309898, 1360.385339, 15.382656, 98.684694, 14
73.510198, -4.728661, 98.389229, 15
28.995215, -0.969300, 112.619006, 1638.885396, 5.919511, 114.120549, 1728.548034, 9.345182, 107.358023, 1865.459246, -16.655091, 120.581503, 1971.862860, 11.159949, 148.925634, 2041.593233, -3.826349, 127.158036, 2174.577082, 15.685041, 144.413869, 2226.534866, 11.435351, 115.533752, 2356.468299, -4.857349, 147.633677, 2456.776544, -8.025168, 108.082701, 2556.789336, -4.168339, 123.830665, 2671.031860, 9.578668, 146.467411, 2735.236226, 12.988313, 120.990280, 2844.217749, 1.769546, 121.052471, 2966.422797, -3.045604, 148.929632, 3065.432372, 13.409220, 110.280966, 3142.674311, 11.308305, 142.683263, 3237.172116, 12.704778, 119.296320, 3354.329377, -7.504941, 131.156189, 3452.046990, 24.133214, 139.848295, 3561.753210, 4.244516, 100.857613, 3635.667785, -1.401603, 127.153575, 3732.219123, 8.696255, 105.319582, 3854.832912, 27.775570, 123.806352, 3925.969254, 17.520362, 137.478007, 4076.522428, 6.274710, 116.064897, 4136.887305, 23.810626, 144.090472, 4229.654488, -15.695268, 121.972904, 4350.574291, 13.495707, 131.185253, 4431.814394, -11.135311, 120.496116, 4573.286230, 25.479496, 141.457916, 4675.767382, -15.530728, 105.233965, 4753.004868, -8.449994, 130.647474, 4859.947936, 21.244509, 123.600715, 4933.838213, 22.075384, 106.298744, 5072.939744, 21.919780, 129.290702, 5139.088576, 33.668688, 118.278997, 5233.262965, -13.354830, 119.300994, 5356.859411, 12.081055, 149.513963, 5438.128605, 18.757094, 103.556378, 5560.248219, 15.365273, 145.753078, 5651.790070, 14.454649, 146.939625, 5758.647574, -9.218501, 103.667290, 5839.378980, 25.591041, 141.629076, 5964.603217, 34.290837, 128.882098, 6072.525473, 30.552567, 115.979539, 6151.900091, -7.036875, 114.825920, 6271.802626, 1.087694, 118.188329, 6341.187546, 32.808710, 146.986646, 6440.785436, -5.740727, 130.921377, 6545.965302, 29.369092, 111.464322, 6641.802297, 4.481150, 142.636223, 6738.825836, -13.549275, 98.595372, 68
44.116681, 0.691302, 140.903705, 6935.829684, -11.383494, 140.372198, 7066.335321, -15.536037, 136.102427, 7132.398795, 11.225665, 145.782830, 7248.848213, 6.350268, 112.048382, 7368.660090, 22.399417, 110.034563, 7465.730660, -13.493150, 121.011103, 7546.735954, 7.333738, 115.557984, 7659.823797, 23.997636, 136.756274, 7752.543941, -13.854522, 139.924263, 7852.762851, 5.123700, 105.793423, 7943.750520, 15.815054, 111.127176, 8034.206618, 5.472372, 112.308312, 8171.932597, 12.732748, 140.251165, 8267.799352, -15.097044, 111.779105, 8329.931486, 28.424655, 99.356179, 84
41.589646, 17.477354, 102.580446, 8564.224213, -12.464758, 126.631328, 8629.866003, 22.220648, 115.806645, 8768.245806, -1.913434, 118.669379, 8858.254003, 25.711041, 140.510400, 8965.670763, -7.216473, 121.503108, 9026.881695, 1.851760, 143.692726, 9140.813462, -2.893653, 121.603172, 9231.148561, -11.772306, 123.223373, 9344.551203, -6.979234, 116.825705, 9445.530956, 9.471943, 99.480563, 95
