x coord, y coord, z coord, scalar
24.913762, 1.006087, 47.694755, 0
11.221014, -2.146432, 73.454153, 1
48.816645, 8.192858, 66.734979, 2
15.196767, 12.575747, 78.453081, 3
19.233648, 8.054148, 52.081367, 4
41.221442, 37.383840, 45.981090, 5
13.552501, 0.369450, 48.846646, 6
16.681972, -12.358841, 80.158700, 7
13.218826, 30.916870, 75.867671, 8
35.332502, -0.636791, 45.360085, 9
37.608203, 14.483835, 60.226464, 10
46.346472, 15.911688, 71.940308, 11
29.304491, 3.395564, 42.453885, 12
57.083070, 8.799165, 68.889894, 13
45.040093, 18.239637, 39.264707, 14
58.164961, -1.871684, 38.969239, 15
13.649982, 1.887672, 53.198988, 16
23.540162, 8.776482, 54.700469, 17
13.202800, 12.202149, 47.937999, 18
50.114010, -13.798115, 61.161502, 19
56.517623, 14.016924, 89.505634, 20
26.247997, -0.969375, 67.738019, 21
59.231844, 18.542015, 84.993869, 22
11.189629, 14.292322, 56.113732, 23
41.123062, -2.000375, 88.213676, 24
41.431309, -5.168190, 48.662689, 25
41.444099, -1.311363, 64.410650, 26
55.686622, 12.435642, 87.047411, 27
19.890989, 15.845285, 61.570248, 28
28.872513, 4.626521, 61.632432, 29
51.077559, -0.188629, 89.509632, 30
50.087131, 16.266198, 50.860951, 31
27.329074, 14.165279, 83.263257, 32
21.826878, 15.561749, 59.876277, 33
38.984140, -4.647966, 71.736180, 34
36.701751, 26.990188, 80.428290, 35
46.407970, 7.101500, 41.437614, 36
20.322549, 1.455371, 67.733559, 37
16.873892, 11.553218, 45.899539, 38
39.487672, 30.632544, 64.386340, 39
10.624016, 20.377335, 78.058002, 40
61.177189, 9.131686, 56.644895, 41
21.542067, 26.667600, 84.670469, 42
14.309252, -12.838294, 62.552900, 43
35.229053, 16.352682, 71.765236, 44
16.469159, -8.278337, 61.076108, 45
57.940992, 28.336471, 82.037917, 46
60.422145, -12.673752, 45.813971, 47
37.659631, -5.593019, 71.227465, 48
44.602696, 24.101484, 64.180700, 49
18.492972, 24.932350, 46.878723, 50
57.594505, 24.776754, 69.870699, 51
23.743336, 36.525661, 58.858988, 52
17.917729, -10.497856, 59.880987, 53
41.514173, 14.938030, 90.093961, 54
22.783360, 21.614052, 44.136331, 55
44.902981, 18.222248, 86.333076, 56
36.444832, 17.311623, 87.519621, 57
43.302338, -6.361522, 44.247289, 58
24.033742, 28.448015, 82.209072, 59
49.257978, 37.147811, 69.462096, 60
57.180233, 33.409542, 56.559539, 61
36.554856, -4.179898, 55.405896, 62
56.457388, 3.944670, 58.768324, 63
25.842308, 35.665684, 87.566646, 64
25.440199, -2.883752, 71.501366, 65
30.620060, 32.226064, 52.044304, 66
26.457059, 7.338124, 83.216217, 67
23.480604, -10.692300, 39.175381, 68
28.771443, 3.548276, 81.483698, 69
20.484447, -8.526520, 80.952196, 70
50.990084, -12.679062, 76.682427, 71
17.053558, 14.082639, 86.362827, 72
33.502977, 9.207247, 52.628250, 73
53.314850, 25.256393, 50.614559, 74
50.385423, -10.636174, 61.591100, 75
31.390717, 10.190713, 56.137893, 76
44.478559, 26.854610, 77.336269, 77
37.198704, -10.997548, 80.504261, 78
37.417615, 7.980695, 46.373287, 79
28.405277, 18.672022, 51.707055, 80
18.861385, 8.329342, 52.888257, 81
56.587359, 15.589722, 80.831164, 82
52.454115, -12.240068, 52.359106, 83
14.586246, 31.281624, 39.936187, 84
26.244390, 20.334303, 43.160356, 85
48.878976, -9.607782, 67.211325, 86
14.520765, 25.077619, 56.386629, 87
52.900568, 0.943543, 59.249372, 88
42.908765, 28.568015, 81.090397, 89
50.325526, -4.359497, 62.083101, 90
11.536458, 4.708734, 84.272724, 91
25.468226, -0.036679, 62.183145, 92
15.803325, -8.915332, 63.803366, 93
29.205968, -4.122259, 57.405679, 94
30.185715, 12.328916, 40.060605, 95
