x coord, y coord, z coord, scalar
35.747481, -9.658499, 149.746570, 0
22.054753, -12.811026, 175.505875, 1
59.650385, -2.471740, 168.786714, 2
26.030508, 1.911153, 180.504807, 3
30.067383, -2.610434, 154.133186, 4
52.055189, 26.719242, 148.032802, 5
24.386235, -10.295137, 150.898383, 6
27.515711, -23.023435, 182.210416, 7
24.052567, 20.252277, 177.919391, 8
46.166220, -11.301396, 147.411860, 9
48.441945, 3.819236, 162.278259, 1057.180213, 5.247091, 173.992040, 1140.138166, -7.269027, 144.505726, 1267.916810, -1.865433, 170.941615, 1355.873842, 7.575022, 141.316398, 1468.998698, -12.536285, 141.020936, 1524.483717, -8.776916, 155.250735, 1634.373898, -1.888104, 156.752324, 1724.036539, 1.537569, 149.989755, 1860.947747, -24.462712, 163.213218, 1967.351363, 3.352328, 191.557347, 2037.081734, -11.633969, 169.789763, 2170.065585, 7.877419, 187.045582, 2222.023370, 3.627734, 158.165481, 2351.956802, -12.664970, 190.265392, 2452.265041, -15.832790, 150.714424, 2552.277837, -11.975960, 166.462391, 2666.520362, 1.771047, 189.099125, 2730.724730, 5.180694, 163.622020, 2839.706249, -6.038073, 163.684216, 2961.911299, -10.853225, 191.561346, 3060.920873, 5.601593, 152.912692, 3138.162814, 3.500685, 185.314982, 3232.660620, 4.897159, 161.928067, 3349.817878, -15.312562, 173.787909, 3447.535493, 16.325593, 182.480013, 3557.241705, -3.563114, 143.489326, 3631.156287, -9.209222, 169.785302, 3727.707630, 0.888648, 147.951328, 3850.321416, 19.967948, 166.438075, 3921.457757, 9.712741, 180.109724, 4072.010929, -1.532913, 158.696612, 4132.375808, 16.003006, 186.722188, 4225.142989, -23.502887, 164.604620, 4346.062794, 5.688086, 173.816980, 4427.302895, -18.942930, 163.127836, 4568.774733, 17.671875, 184.089630, 4671.255883, -23.338350, 147.865675, 4748.493369, -16.257615, 173.279194, 4855.436439, 13.436886, 166.232440, 4929.326724, 14.267767, 148.930474, 5068.428246, 14.112157, 171.922417, 5134.577081, 25.861067, 160.910717, 5228.751466, -21.162449, 161.932714, 5352.347914, 4.273434, 192.145678, 5433.617127, 10.949480, 146.188128, 5555.736721, 7.557652, 188.384794, 5647.278572, 6.647028, 189.571341, 5754.136070, -17.026123, 146.299005, 5834.867483, 17.783421, 184.260793, 5960.091720, 26.483215, 171.513814, 6068.013976, 22.744945, 158.611252, 6147.388589, -14.844496, 157.457652, 6267.291127, -6.719929, 160.820047, 6336.676049, 25.001089, 189.618360, 6436.273937, -13.548347, 173.553100, 6541.453810, 21.561469, 154.096049, 6637.290799, -3.326471, 185.267941, 6734.314334, -21.356892, 141.227078, 6839.605183, -7.116319, 183.535423, 6931.318186, -19.191114, 183.003914, 7061.823823, -23.343658, 178.734141, 7127.887298, 3.418045, 188.414547, 7244.336710, -1.457356, 154.680198, 7364.148593, 14.591792, 152.666280, 7461.219161, -21.300772, 163.642819, 7542.224455, -0.473883, 158.189769, 7655.312300, 16.190014, 179.387992, 7748.032443, -21.662143, 182.555979, 7848.251335, -2.683936, 148.425241, 7939.239032, 8.007432, 153.758984, 8029.695121, -2.335241, 154.940068, 8167.421099, 4.925126, 182.882880, 8263.287852, -22.904666, 154.410818, 8325.419994, 20.617036, 141.987886, 8437.078185, 9.669737, 145.212230, 8559.712715, -20.272379, 169.263045, 8625.354509, 14.413029, 158.438372, 8763.734306, -9.721056, 161.301099, 8853.742506, 17.903420, 183.142116, 8961.159264, -15.024095, 164.134827, 9022.370198, -5.955860, 186.324441, 9136.301962, -10.701273, 164.234906, 9226.637062, -19.579925, 165.855092, 9340.039702, -14.786853, 159.457439, 9441.019462, 1.664321, 142.112245, 95