x coord, y coord, z coord, scalar
39.542131, 0.209195, 101.632352, 0
25.849391, -2.943323, 127.391702, 1
63.445024, 7.395966, 120.672535, 2
29.825146, 11.778856, 132.390633, 3
33.862022, 7.257261, 106.018966, 4
55.849824, 36.586949, 99.918634, 5
28.180875, -0.427440, 102.784203, 6
31.310350, -13.155732, 134.096246, 7
27.847204, 30.119980, 129.805219, 8
49.960875, -1.433690, 99.297662, 9
52.236583, 13.686942, 114.164051, 1060.974851, 15.114796, 125.877863, 1143.932846, 2.598662, 96.391496, 12
71.711449, 8.002272, 122.827443, 1359.668479, 17.442740, 93.202241, 14
72.793339, -2.668578, 92.906776, 15
28.278357, 1.090782, 107.136550, 1638.168538, 7.979593, 108.638087, 1727.831175, 11.405263, 101.875566, 1864.742388, -14.595008, 115.099049, 1971.146001, 13.220032, 143.443179, 2040.876374, -1.766266, 121.675580, 2173.860223, 17.745124, 138.931414, 2225.818007, 13.495434, 110.051295, 2355.751440, -2.797266, 142.151222, 2456.059686, -5.965085, 102.600245, 2556.072477, -2.108256, 118.348209, 2670.315001, 11.638751, 140.984956, 2734.519367, 15.048396, 115.507823, 2843.500890, 3.829629, 115.570013, 2965.705938, -0.985521, 143.447177, 3064.715512, 15.469303, 104.798510, 3141.957452, 13.368388, 137.200808, 3236.455256, 14.764860, 113.813861, 3353.612518, -5.444858, 125.673734, 3451.330130, 26.193297, 134.365840, 3561.036351, 6.304601, 95.375159, 36
34.950926, 0.658480, 121.671119, 3731.502265, 10.756335, 99.837123, 38
54.116052, 29.835653, 118.323896, 3925.252395, 19.580444, 131.995552, 4075.805569, 8.334793, 110.582442, 4136.170446, 25.870709, 138.608017, 4228.937629, -13.635185, 116.490449, 4349.857432, 15.555790, 125.702797, 4431.097536, -9.075228, 115.013661, 4572.569371, 27.539579, 135.975462, 4675.050523, -13.470645, 99.751511, 47
52.288009, -6.389911, 125.165018, 4859.231076, 23.304592, 118.118259, 4933.121353, 24.135465, 100.816287, 5072.222884, 23.979863, 123.808247, 5138.371716, 35.728771, 112.796541, 5232.546106, -11.294747, 113.818539, 5356.142552, 14.141138, 144.031508, 5437.411744, 20.817175, 98.073919, 55
59.531360, 17.425356, 140.270623, 5651.073211, 16.514732, 141.457170, 5757.930715, -7.158417, 98.184835, 58
38.662121, 27.651124, 136.146621, 5963.886357, 36.350920, 123.399643, 6071.808613, 32.612651, 110.497084, 6151.183232, -4.976792, 109.343463, 6271.085767, 3.147777, 112.705874, 6340.470686, 34.868793, 141.504191, 6440.068577, -3.680644, 125.438921, 6545.248442, 31.429175, 105.981865, 6641.085438, 6.541233, 137.153767, 6738.108978, -11.489192, 93.112918, 68
43.399822, 2.751384, 135.421249, 6935.112825, -9.323411, 134.889743, 7065.618462, -13.475954, 130.619972, 7131.681936, 13.285748, 140.300375, 7248.131354, 8.410351, 106.565915, 7367.943231, 24.459500, 104.552108, 7465.013801, -11.433067, 115.528648, 7546.019095, 9.393821, 110.075521, 7659.106938, 26.057719, 131.273819, 7751.827082, -11.794439, 134.441808, 7852.045993, 7.183787, 100.310955, 7943.033660, 17.875136, 105.644710, 8033.489760, 7.532454, 106.825852, 8171.215738, 14.792831, 134.768711, 8267.082493, -13.036961, 106.296650, 8329.214626, 30.484737, 93.873725, 84
40.872783, 19.537433, 97.097983, 85
63.507354, -10.404674, 121.148873, 8629.149144, 24.280730, 110.324189, 8767.528947, 0.146650, 113.186924, 8857.537144, 27.771124, 135.027945, 8964.953904, -5.156389, 116.020653, 9026.164836, 3.911843, 138.210271, 9140.096603, -0.833571, 116.120715, 9230.431702, -9.712223, 117.740917, 9343.834344, -4.919151, 111.343248, 9444.814096, 11.532026, 93.998113, 95
