x coord, y coord, z coord, scalar
67.727141, -40.809377, 836.391517, 0
54.034473, -43.961928, 862.150119, 1
91.630107, -33.622656, 855.431057, 2
58.010232, -29.239750, 867.149075, 3
62.047090, -33.761300, 840.778168, 4
84.034934, -4.431673, 834.676969, 5
56.365939, -41.446018, 837.542739, 6
59.495431, -54.174340, 868.854609, 7
56.032295, -10.898627, 864.563615, 8
78.145876, -42.452332, 834.056505, 9
80.421673, -27.331684, 848.923050, 1089.159939, -25.903822, 860.636358, 1172.117694, -38.419918, 831.150872, 1299.896534, -33.016348, 857.585853, 1387.853593, -23.575949, 827.960398, 14100.978415, -43.687208, 827.664994, 1556.463427, -39.927801, 841.895167, 1666.353607, -33.038985, 843.397576, 1756.016262, -29.613292, 836.634258, 1892.927464, -55.613625, 849.857416, 1999.331087, -27.798582, 878.201519, 2069.061450, -42.784874, 856.434170, 21102.045310, -23.273491, 873.689756, 2254.003096, -27.523151, 844.809924, 2383.936524, -43.815878, 876.909590, 2484.244738, -46.983715, 837.358766, 2584.257552, -43.126875, 853.106784, 2698.500087, -29.379863, 875.743306, 2762.704459, -25.970200, 850.266643, 2871.685962, -37.188979, 850.328930, 2993.891022, -42.004134, 878.205522, 3092.900604, -25.549343, 839.557083, 3170.142539, -27.650222, 871.959243, 3264.640350, -26.253734, 848.572832, 3381.797596, -46.463472, 860.432205, 3479.515220, -14.825315, 869.124261, 3589.221412, -34.714079, 830.133496, 3663.136005, -40.360123, 856.429696, 3759.687348, -30.262183, 834.596081, 3882.301150, -11.182964, 853.082417, 3953.437483, -21.438161, 866.753961, 40103.990652, -32.683832, 845.340819, 4164.355535, -15.147900, 873.366407, 4257.122705, -54.653789, 851.248847, 4378.042520, -25.462824, 860.461388, 4459.282609, -50.093830, 849.772128, 45100.754459, -13.479036, 870.733803, 46103.235600, -54.489266, 834.509778, 4780.473087, -47.408525, 859.923491, 4887.416171, -17.714030, 852.876818, 4961.306483, -16.883107, 835.574933, 50100.407973, -17.038756, 858.566629, 5166.556819, -5.289836, 847.555008, 5260.731178, -52.313350, 848.576990, 5384.327638, -26.877474, 878.789882, 5465.596933, -20.201360, 832.832940, 5587.716447, -23.593257, 875.029007, 5679.258297, -24.503880, 876.215565, 5786.115768, -48.177049, 832.943196, 5866.847211, -13.367485, 870.905024, 5992.071450, -4.667696, 858.158018, 6099.993707, -8.405971, 845.255431, 6179.368290, -45.995413, 844.102152, 6299.270848, -37.870849, 847.464299, 6368.655776, -6.149818, 876.262545, 6468.253655, -44.699252, 860.197429, 6573.433562, -9.589438, 840.740464, 6669.270522, -34.477377, 871.912199, 6766.294029, -52.507791, 827.871125, 6871.584905, -38.267226, 870.179690, 6963.297906, -50.342019, 869.648127, 7093.803543, -54.494568, 865.378323, 7159.867022, -27.732860, 875.058766, 7276.316411, -32.608288, 841.326164, 7396.128328, -16.559132, 839.310514, 7493.198877, -52.451686, 850.287038, 7574.204170, -31.624795, 844.835186, 7687.292028, -14.960896, 866.032237, 7780.012163, -52.813051, 869.200187, 7880.230995, -33.834953, 835.071255, 7971.218803, -23.143461, 840.404806, 8061.674831, -33.486112, 841.584990, 8199.400824, -26.225785, 869.527078, 8295.267567, -54.055582, 841.054989, 8357.399740, -10.533852, 828.631953, 8469.058075, -21.481085, 831.857625, 8591.692433, -51.423291, 855.907273, 8657.334246, -16.737862, 845.082779, 8795.714025, -40.871976, 847.945384, 8885.722233, -13.247490, 869.786339, 8993.138981, -46.175011, 850.779096, 9054.349921, -37.106764, 872.968651, 9168.281674, -41.852175, 850.879442, 9258.616778, -50.730826, 852.499362, 9372.019405, -45.937760, 846.101965, 9472.999207, -29.486587, 828.755859, 95