x coord, y coord, z coord, scalar
50.794767, -14.383171, 394.727997, 0
37.102060, -17.535709, 420.487059, 1
74.697692, -7.196428, 413.767932, 2
41.077816, -2.813530, 425.485999, 3
45.114686, -7.335103, 399.114625, 4
67.102505, 21.994554, 393.013959, 5
39.433537, -15.019812, 395.879605, 6
42.563018, -27.748119, 427.191582, 7
39.099877, 15.527593, 422.900567, 8
61.213503, -16.026089, 392.393183, 9
63.489255, -0.905454, 407.259632, 1072.227522, 0.522404, 418.973249, 1155.185404, -11.993700, 389.487222, 1282.964118, -6.590121, 415.922797, 1370.921158, 2.850313, 386.297497, 1484.046003, -17.260975, 386.002055, 1539.531021, -13.501592, 400.231984, 1649.421202, -6.612779, 401.733857, 1739.083848, -3.187099, 394.971029, 1875.995053, -29.187399, 408.194386, 1982.398671, -1.372358, 436.538506, 2052.129040, -16.358653, 414.771003, 2185.112893, 3.152733, 432.026742, 2237.070680, -1.096943, 403.146733, 2367.004109, -17.389655, 435.246559, 2467.312339, -20.557481, 395.695641, 2567.325142, -16.700648, 411.443626, 2681.567671, -2.953639, 434.080287, 2745.772040, 0.456014, 408.603335, 2854.753554, -10.762757, 408.665562, 2976.958607, -15.577910, 436.542506, 3075.968183, 0.876898, 397.893927, 3153.210123, -1.224000, 430.296171, 3247.707931, 0.172479, 406.909431, 3364.865184, -20.037248, 418.769111, 3462.582802, 11.600908, 427.461198, 3572.289006, -8.287819, 388.470484, 3646.203593, -13.933905, 414.766537, 3742.754938, -3.836009, 392.932688, 3865.368728, 15.243261, 411.419293, 3936.505066, 4.988058, 425.090905, 4087.058237, -6.257602, 403.677783, 4147.423118, 11.278321, 431.703363, 4240.190294, -28.227570, 409.585798, 4361.110103, 0.963400, 418.798220, 4442.350200, -23.667612, 408.109036, 4583.822042, 12.947189, 429.070789, 4686.303189, -28.063038, 392.846809, 4763.540675, -20.982300, 418.260396, 4870.483750, 8.712198, 411.213670, 4944.374046, 9.543093, 393.911732, 5083.475556, 9.387470, 416.903590, 5149.624394, 21.136383, 405.891917, 5243.798770, -25.887132, 406.913908, 5367.395222, -0.451251, 437.126848, 5448.664467, 6.224818, 391.169508, 5570.784030, 2.832966, 433.365967, 5662.325881, 1.922343, 434.552518, 5769.183369, -21.750814, 391.280170, 5849.914793, 13.058736, 429.241972, 5975.139030, 21.758529, 416.494983, 6083.061287, 18.020257, 403.592413, 6162.435889, -19.569184, 402.438924, 6282.338434, -11.444618, 405.801233, 6351.723358, 20.276404, 434.599523, 6451.321244, -18.273031, 418.534313, 6556.501128, 16.836784, 399.077292, 6652.338107, -8.051155, 430.249129, 6749.361632, -26.081573, 386.208193, 6854.652490, -11.841004, 428.516615, 6946.365493, -23.915798, 427.985087, 7076.871130, -28.068344, 423.715303, 7142.934606, -1.306639, 433.395722, 7259.384009, -6.182049, 399.661979, 7379.195905, 9.867101, 397.647460, 7476.266466, -26.025459, 408.623994, 7557.271760, -5.198570, 403.171359, 7670.359610, 11.465328, 424.369176, 7763.079750, -26.386828, 427.537150, 7863.298617, -7.408659, 393.407039, 7954.286358, 3.282751, 398.740715, 8044.742425, -7.059913, 399.921487, 8182.468408, 0.200440, 427.864048, 8278.335157, -27.629354, 399.391976, 8340.467311, 15.892357, 386.969009, 8452.125556, 4.945079, 390.193812, 8574.760021, -24.997066, 414.244223, 8640.401823, 9.688350, 403.419612, 8778.781612, -14.445745, 406.282297, 8868.789815, 13.178734, 428.123292, 8976.206569, -19.748783, 409.116019, 9037.417506, -10.680544, 431.305613, 9151.349266, -15.425955, 409.216191, 9241.684368, -24.304608, 410.836285, 9355.087002, -19.511537, 404.438720, 9456.066778, -3.060365, 387.093210, 95