x coord, y coord, z coord, scalar
69.837880, -39.667574, 804.913651, 0
56.145210, -42.820122, 830.672286, 1
93.740844, -32.480849, 823.953219, 2
60.120969, -28.097943, 835.671240, 3
64.157827, -32.619496, 809.300300, 4
86.145670, -3.289865, 803.199140, 5
58.476676, -40.304213, 806.064900, 6
61.606168, -53.032534, 837.376778, 7
58.143032, -9.756820, 833.085783, 8
80.256617, -41.310526, 802.578653, 9
82.532410, -26.189877, 817.445191, 1091.270676, -24.762015, 829.158522, 1174.228439, -37.278118, 799.672996, 12102.007271, -31.874541, 826.108020, 1389.964330, -22.434139, 796.482576, 14103.089152, -42.545400, 796.187170, 1558.574164, -38.785996, 810.417325, 1668.464344, -31.897180, 811.919695, 1758.126998, -28.471487, 805.156413, 1895.038201, -54.471819, 818.379585, 19101.441824, -26.656775, 846.723689, 2071.172188, -41.643068, 824.956329, 21104.156047, -22.131684, 842.211926, 2256.113832, -26.381345, 813.332081, 2386.047261, -42.674072, 845.431759, 2486.355477, -45.841909, 805.880928, 2586.368290, -41.985068, 821.628944, 26100.610824, -28.238057, 844.265476, 2764.815195, -24.828393, 818.788792, 2873.796700, -36.047172, 818.851075, 2996.001759, -40.862327, 846.727692, 3095.011341, -24.407535, 808.079243, 3172.253276, -26.508415, 840.481409, 3266.751086, -25.111927, 817.094974, 3383.908334, -45.321665, 828.954370, 3481.625957, -13.683508, 837.646427, 3591.332151, -33.572270, 798.655666, 3665.246742, -39.218317, 824.951856, 3761.798083, -29.120380, 803.118224, 3884.411887, -10.041157, 821.604580, 3955.548220, -20.296355, 835.276128, 40106.101390, -31.542025, 813.862987, 4166.466272, -14.006093, 841.888575, 4259.233442, -53.511982, 819.771014, 4380.153257, -24.321017, 828.983547, 4461.393346, -48.952024, 818.294292, 45102.865196, -12.337229, 839.255973, 46105.346338, -53.347459, 803.031952, 4782.583824, -46.266718, 828.445656, 4889.526908, -16.572222, 821.398978, 4963.417217, -15.741301, 804.097089, 50102.518710, -15.896949, 827.088797, 5168.667555, -4.148029, 816.077173, 5262.841915, -51.171544, 817.099155, 5386.438375, -25.735667, 847.312051, 5467.707664, -19.059553, 801.355080, 5589.827184, -22.451450, 843.551175, 5681.369034, -23.362073, 844.737733, 5788.226507, -47.035242, 801.465365, 5868.957947, -12.225678, 839.427191, 5994.182187, -3.525889, 826.680186, 60102.104444, -7.264164, 813.777601, 6181.479029, -44.853606, 812.624307, 62101.381585, -36.729041, 815.986466, 6370.766513, -5.008011, 844.784715, 6470.364393, -43.557446, 828.719591, 6575.544298, -8.447630, 809.262622, 6671.381259, -33.335570, 840.434365, 6768.404767, -51.365985, 796.393301, 6873.695642, -37.125419, 838.701856, 6965.408643, -49.200213, 838.170295, 7095.914281, -53.352761, 833.900493, 7161.977759, -26.591054, 843.580934, 7278.427150, -31.466481, 809.848250, 7398.239065, -15.417324, 807.832682, 7495.309615, -51.309879, 818.809206, 7576.314908, -30.482989, 813.357297, 7689.402765, -13.819089, 834.554404, 7782.122901, -51.671245, 837.722356, 7882.341738, -32.693144, 803.593339, 7973.329537, -22.001653, 808.926898, 8063.785568, -32.344307, 810.107125, 81101.511561, -25.083978, 838.049247, 8297.378305, -52.913775, 809.577159, 8359.510475, -9.392046, 797.154129, 8471.168802, -20.339277, 800.379738, 8593.803170, -50.281485, 824.429441, 8659.444982, -15.596056, 813.604938, 8797.824762, -39.730169, 816.467549, 8887.832970, -12.105683, 838.308507, 8995.249718, -45.033204, 819.301262, 9056.460658, -35.964958, 841.490819, 9170.392411, -40.710369, 819.401595, 9260.727515, -49.589020, 821.021528, 9374.130143, -44.795954, 814.624119, 9475.109943, -28.344780, 797.278055, 95