x coord, y coord, z coord, scalar
50.726658, -12.862725, 257.346404, 0
37.033941, -16.015253, 283.105604, 1
74.629574, -5.675969, 276.386458, 2
41.009697, -1.293074, 288.104540, 3
45.046567, -5.814655, 261.733025, 4
67.034383, 23.515015, 255.632520, 5
39.365419, -13.499361, 258.498129, 6
42.494900, -26.227663, 289.810137, 7
39.031757, 17.048050, 285.519117, 8
61.145400, -14.505633, 255.011649, 9
63.421136, 0.615006, 269.878070, 1072.159403, 2.042863, 281.591780, 1155.117322, -10.473264, 252.105590, 1282.896000, -5.069662, 278.541343, 1370.853040, 4.370785, 248.916090, 1483.977887, -15.740515, 248.620638, 1539.462902, -11.981141, 262.850492, 1649.353083, -5.092328, 264.352204, 1739.015726, -1.666650, 257.589523, 1875.926936, -27.666941, 270.812941, 1982.330552, 0.148100, 299.157066, 2052.060922, -14.838197, 277.389517, 2185.044774, 4.673191, 294.645301, 2237.002559, 0.423511, 265.765240, 2366.935991, -15.869198, 297.865114, 2467.244227, -19.037023, 258.314168, 2567.257025, -15.180190, 274.062143, 2681.499552, -1.433181, 296.698845, 2745.703920, 1.976469, 271.221806, 2854.685437, -9.242301, 271.284015, 2976.890488, -14.057453, 299.161065, 3075.900066, 2.397361, 260.512444, 3153.142003, 0.296457, 292.914713, 3247.639810, 1.692934, 269.527874, 3364.797067, -18.516790, 281.387646, 3462.514683, 13.121366, 290.079743, 3572.220895, -6.767352, 251.089044, 3646.135475, -12.413449, 277.385053, 3742.686813, -2.315567, 255.551134, 3865.300607, 16.763720, 274.037819, 3936.436946, 6.508515, 287.709452, 4086.990119, -4.737143, 266.296336, 4147.354998, 12.798779, 294.321913, 4240.122177, -26.707114, 272.204347, 4361.041984, 2.483858, 281.416734, 4442.282083, -22.147157, 270.727573, 4583.753923, 14.467647, 291.689348, 4686.235072, -26.542579, 255.465383, 4763.472558, -19.461843, 280.878931, 4870.415630, 10.232658, 273.832189, 4944.305917, 11.063547, 256.530235, 5083.407437, 10.907929, 279.522142, 5149.556272, 22.656841, 268.510453, 5243.730653, -24.366676, 269.532448, 5367.327103, 1.069207, 299.745402, 5448.596326, 7.745269, 253.787942, 5570.715911, 4.353424, 295.984519, 5662.257762, 3.442801, 297.171067, 5769.115256, -20.230355, 253.898726, 5849.846673, 14.579194, 291.860520, 5975.070911, 23.278987, 279.113537, 6082.993167, 19.540716, 266.210972, 6162.367775, -18.048727, 265.057419, 6282.270317, -9.924159, 268.419777, 6351.655239, 21.796862, 297.218081, 6451.253126, -16.752574, 281.152841, 6556.433004, 18.357244, 261.695804, 6652.269988, -6.530698, 292.867672, 6749.293518, -24.561120, 248.826778, 6854.584372, -10.320547, 291.135156, 6946.297374, -22.395341, 290.603639, 7076.803012, -26.547886, 286.333861, 7142.866487, 0.213818, 296.014272, 7259.315897, -4.661589, 262.280185, 7379.127786, 11.387563, 260.266008, 7476.198349, -24.505001, 271.242544, 7557.203643, -3.678112, 265.789673, 7670.291490, 12.985786, 286.987721, 7763.011632, -24.866371, 290.155703, 7863.230520, -5.888186, 256.025235, 7954.218229, 4.803210, 261.358949, 8044.674306, -5.539464, 262.539899, 8182.400289, 1.720898, 290.482602, 8278.267041, -26.108895, 262.010536, 8340.399185, 17.412813, 249.587589, 8452.057396, 6.465534, 252.812131, 8574.691903, -23.476608, 276.862772, 8640.333700, 11.208805, 266.038126, 8778.713496, -12.925286, 268.900834, 8868.721696, 14.699192, 290.741842, 8976.138452, -18.228324, 271.734560, 9037.349387, -9.160087, 293.924165, 9151.281149, -13.905500, 271.834679, 9241.616250, -22.784152, 273.454825, 9355.018887, -17.991082, 267.057210, 9455.998655, -1.539906, 249.711880, 95