x coord, y coord, z coord, scalar
58.803957, -29.928028, 523.563493, 0
45.111268, -33.080569, 549.322422, 1
82.706901, -22.741291, 542.603314, 2
49.087025, -18.358390, 554.321366, 3
53.123889, -22.879954, 527.950127, 4
75.111720, 6.449692, 521.849308, 5
47.442739, -30.564666, 524.714990, 6
50.572226, -43.292980, 556.026935, 7
47.109087, -0.017267, 551.735927, 8
69.222695, -31.570962, 521.228622, 9
71.498466, -16.450318, 536.095098, 1080.236732, -15.022459, 547.808627, 1163.194559, -27.538567, 518.322756, 1290.973327, -22.134983, 544.758159, 1378.930378, -12.694564, 515.132814, 1492.055211, -32.805841, 514.837383, 1547.540225, -29.046448, 529.067382, 1657.430405, -22.157634, 530.569410, 1747.093055, -18.731947, 523.806441, 1884.004260, -44.732262, 537.029741, 1990.407881, -16.917219, 565.373855, 2060.138247, -31.903514, 543.606397, 2193.122103, -12.392128, 560.862092, 2245.079888, -16.641798, 531.982134, 2375.013318, -32.934517, 564.081914, 2475.321542, -36.102348, 524.531023, 2575.334349, -32.245511, 540.279018, 2689.576880, -18.498501, 562.915638, 2753.781250, -15.088843, 537.438770, 2862.762760, -26.307618, 537.501014, 2984.967816, -31.122772, 565.377856, 3083.977396, -14.667971, 526.729318, 3161.219332, -16.768861, 559.131538, 3255.717141, -15.372377, 535.744892, 3372.874392, -35.582110, 547.604484, 3470.592012, -3.943953, 556.296562, 3580.298213, -23.832697, 517.305833, 3654.212800, -29.478764, 543.601929, 3750.764142, -19.380850, 521.768147, 3873.377940, -0.301601, 540.254675, 3944.514275, -10.556801, 553.926267, 4095.067446, -21.802467, 532.513139, 4155.432327, -4.266539, 560.538721, 4248.199501, -43.772429, 538.421158, 4369.119313, -14.581461, 547.633614, 4450.359406, -39.212471, 536.944409, 4591.831252, -2.597673, 557.906139, 4694.312396, -43.607901, 521.682146, 4771.549883, -36.527162, 547.095769, 4878.492962, -6.832665, 540.049058, 4952.383263, -6.001757, 522.747136, 5091.484766, -6.157392, 545.738947, 5157.633607, 5.591524, 534.727289, 5251.807976, -41.431991, 535.749278, 5375.404432, -15.996112, 565.962204, 5456.673695, -9.320021, 520.004979, 5578.793240, -12.711895, 562.201324, 5670.335091, -13.622518, 563.387877, 5777.192572, -37.295681, 520.115523, 5857.924003, -2.486124, 558.077332, 5983.148241, 6.213667, 545.330339, 6091.070498, 2.475394, 532.427764, 6170.445092, -35.114048, 531.274336, 6290.347643, -26.989483, 534.636598, 6359.732568, 4.731544, 563.434875, 6459.330451, -33.817891, 547.369692, 6564.510345, 1.291924, 527.912687, 6660.347316, -23.596016, 559.084495, 6757.370833, -41.626433, 515.043519, 6862.661699, -27.385865, 557.351982, 6954.374701, -39.460659, 556.820444, 7084.880338, -43.613205, 552.550655, 7150.943816, -16.851500, 562.231080, 7267.393214, -21.726918, 528.497666, 7387.205118, -5.677764, 526.482822, 7484.275674, -41.570322, 537.459352, 7565.280967, -20.743432, 532.006943, 7678.368820, -4.079534, 553.204540, 7771.088958, -41.931690, 556.372507, 7871.307815, -22.953553, 522.242735, 7962.295579, -12.262103, 527.576375, 8052.751629, -22.604764, 528.756978, 8190.477617, -15.344422, 556.699402, 8286.344364, -43.174217, 528.227326, 8348.476525, 0.347503, 515.804338, 8460.134805, -10.599750, 519.029393, 8582.769228, -40.541928, 543.079583, 8648.411034, -5.856506, 532.255006, 8786.790821, -29.990610, 535.117668, 8876.799026, -2.366127, 556.958652, 8984.215777, -35.293646, 537.951387, 9045.426715, -26.225404, 560.140970, 9159.358472, -30.970816, 538.051609, 9249.693574, -39.849467, 539.671653, 9363.096206, -35.056399, 533.274137, 9464.075993, -18.605225, 515.928455, 95