x coord, y coord, z coord, scalar
43.904741, -4.645516, 215.499068, 0
30.212016, -7.798044, 241.258309, 1
67.807648, 2.541242, 234.539157, 2
34.187771, 6.924135, 246.257243, 3
38.224645, 2.402550, 219.885687, 4
60.212453, 31.732224, 213.785229, 5
32.543497, -5.282154, 216.650827, 6
35.672974, -18.010453, 247.962845, 7
32.209831, 25.265259, 243.671823, 8
54.323481, -6.288416, 213.164331, 9
56.599209, 8.832217, 228.030742, 1065.337476, 10.260073, 239.744481, 1148.295421, -2.256045, 210.258242, 1276.074074, 3.147549, 236.694049, 1364.031107, 12.588001, 207.068810, 1477.155961, -7.523303, 206.773353, 1532.640980, -3.763933, 221.003186, 1642.531160, 3.124879, 222.504849, 1732.193802, 6.550553, 215.742213, 1869.105010, -19.449731, 228.965648, 1975.508626, 8.365310, 257.309775, 2045.238997, -6.620987, 235.542212, 2178.222848, 12.890401, 252.798010, 2230.180634, 8.640717, 223.917933, 2360.114065, -7.651988, 256.017822, 2460.422303, -10.819809, 216.466867, 2560.435100, -6.962979, 232.214839, 2674.677626, 6.784028, 254.851553, 2738.881994, 10.193677, 229.374488, 2847.863512, -1.025091, 229.436692, 2970.068562, -5.840243, 257.313773, 3069.078137, 10.614574, 218.665140, 3146.320077, 8.513667, 251.067417, 3240.817884, 9.910142, 227.680548, 3357.975141, -10.299580, 239.540348, 3455.692756, 21.338575, 248.232447, 3565.398968, 1.449865, 209.241754, 3639.313550, -4.196240, 235.537749, 3735.864892, 5.901633, 213.703808, 3858.478680, 24.980930, 232.190518, 3929.615020, 14.725724, 245.862157, 4080.168193, 3.480068, 224.449043, 4140.533072, 21.015988, 252.474620, 4233.300252, -18.489905, 230.357053, 4354.220057, 10.701068, 239.569429, 4435.460158, -13.929947, 228.880275, 4576.931997, 22.684857, 249.842057, 4679.413146, -18.325368, 213.618096, 4756.650632, -11.244633, 239.031633, 4863.593703, 18.449868, 231.984886, 4937.483989, 19.280750, 214.682927, 5076.585510, 19.125139, 237.674848, 5142.734345, 30.874049, 226.663155, 5236.908728, -16.149467, 227.685151, 5360.505177, 9.286416, 257.898109, 5441.774394, 15.962465, 211.940613, 5563.893985, 12.570634, 254.137225, 5655.435836, 11.660010, 255.323773, 5762.293333, -12.013142, 212.051434, 5843.024747, 22.796403, 250.013225, 5968.248984, 31.496197, 237.266244, 6076.171240, 27.757926, 224.363680, 6155.545851, -9.831515, 223.210109, 6275.448390, -1.706948, 226.572482, 6344.833312, 30.014071, 255.370789, 6444.431200, -8.535365, 239.305541, 6549.611074, 26.574451, 219.848498, 6645.448063, 1.686511, 251.020376, 6742.471596, -16.343910, 206.979494, 6847.762446, -2.103337, 249.287859, 6939.475449, -14.178132, 248.756345, 7069.981086, -18.330676, 244.486569, 7136.044561, 8.431027, 254.166978, 7252.493972, 3.555625, 220.432788, 7372.305857, 19.604774, 218.418713, 7469.376424, -16.287790, 229.395251, 7550.381718, 4.539098, 223.942309, 7663.469564, 21.202996, 245.140426, 7756.189706, -16.649161, 248.308410, 7856.408596, 2.329041, 214.177836, 7947.396298, 13.020415, 219.511561, 8037.852383, 2.677742, 220.692563, 8175.578363, 9.938108, 248.635310, 8271.445115, -17.891684, 220.163246, 8333.577258, 25.630018, 207.740304, 8445.235455, 14.682723, 210.964768, 8567.869978, -15.259397, 235.015477, 8633.511773, 19.426012, 224.190821, 8771.891570, -4.708075, 227.053537, 8861.899770, 22.916401, 248.894548, 8969.316527, -10.011113, 229.887263, 9030.527461, -0.942878, 252.076872, 9144.459225, -5.688291, 229.987366, 9234.794325, -14.566943, 231.607528, 9348.196964, -9.773872, 225.209898, 9449.176726, 6.677303, 207.864622, 95