x coord, y coord, z coord, scalar
61.144091, -23.868901, 474.586953, 0
47.451396, -27.021437, 500.345933, 1
85.047029, -16.682158, 493.626817, 2
51.427153, -12.299258, 505.344876, 3
55.464017, -16.820827, 478.973585, 4
77.451845, 12.508826, 472.872824, 5
49.782868, -24.505538, 475.738492, 6
52.912354, -37.233848, 507.050450, 7
49.449214, 6.041865, 502.759439, 8
71.562832, -25.511828, 472.252104, 9
73.838593, -10.391184, 487.118570, 1082.576859, -8.963325, 498.832132, 1165.534710, -21.479443, 469.346202, 1293.313456, -16.075850, 495.781670, 1381.270505, -6.635423, 466.156343, 1494.395340, -26.746707, 465.860908, 1549.880354, -22.987319, 480.090880, 1659.770534, -16.098505, 481.592849, 1749.433181, -12.672820, 474.829933, 1886.344389, -38.673129, 488.053255, 1992.748009, -10.858087, 516.397371, 2062.478375, -25.844382, 494.629896, 2195.462231, -6.332996, 511.885608, 2247.420015, -10.582668, 483.005631, 2377.353446, -26.875384, 515.105428, 2477.661673, -30.043214, 475.554527, 2577.674478, -26.186378, 491.302518, 2691.917008, -12.439368, 513.939153, 2756.121377, -9.029712, 488.462253, 2865.102889, -20.248486, 488.524491, 2987.307944, -25.063639, 516.401372, 3086.317524, -8.608835, 477.752818, 3163.559460, -10.709728, 510.155047, 3258.057267, -9.313246, 486.768366, 3375.214521, -29.522977, 498.627991, 3472.932140, 2.115179, 507.320072, 3582.638345, -17.773558, 468.329350, 3656.552928, -23.419633, 494.625429, 3753.104268, -13.321727, 472.791622, 3875.718067, 5.757533, 491.278178, 3946.854403, -4.497670, 504.949778, 4097.407575, -15.743333, 483.536653, 4157.772455, 1.792593, 511.562234, 4250.539630, -37.713298, 489.444670, 4371.459440, -8.522329, 498.657113, 4452.699535, -33.153340, 487.967916, 4594.171380, 3.461460, 508.929655, 4696.652525, -37.548768, 472.705667, 4773.890011, -30.468030, 498.119277, 4880.833089, -0.773531, 491.072560, 4954.723385, 0.057372, 473.770631, 5093.824894, -0.098259, 496.762460, 5159.973733, 11.650657, 485.750796, 5254.148104, -35.372860, 486.772786, 5377.744559, -9.936980, 516.985717, 5459.013811, -3.260894, 471.028449, 5581.133367, -6.652762, 513.224837, 5672.675218, -7.563385, 514.411389, 5779.532703, -31.236547, 471.139038, 5860.264130, 3.573008, 509.100844, 5985.488368, 12.272800, 496.353853, 6093.410625, 8.534527, 483.451280, 6172.785223, -29.054916, 482.297828, 6292.687771, -20.930349, 485.660109, 6362.072695, 10.790676, 514.458390, 6461.670579, -27.758759, 498.393197, 6566.850470, 7.351058, 478.936186, 6662.687444, -17.536884, 510.108005, 6759.710964, -35.567303, 466.067044, 6865.001827, -21.326732, 508.375492, 6956.714829, -33.401527, 507.843957, 7087.220467, -37.554073, 503.574170, 7153.283943, -10.792367, 513.254593, 7269.733345, -15.667784, 479.521054, 7389.545245, 0.381371, 477.506333, 7486.615803, -35.511189, 488.482865, 7567.621096, -14.684300, 483.030370, 7680.708947, 1.979599, 504.228050, 7773.429087, -35.872557, 507.396020, 7873.647954, -16.894410, 473.266119, 7964.635701, -6.202971, 478.599773, 8055.091757, -16.545637, 479.780440, 8192.817745, -9.285289, 507.722916, 8288.684493, -37.115084, 479.250842, 8350.816649, 6.406633, 466.827862, 8462.474911, -4.540623, 470.052821, 8585.109357, -34.482795, 494.103095, 8650.751160, 0.202625, 483.278505, 8789.130949, -23.931476, 486.141176, 8879.139153, 3.693005, 507.982164, 8986.555906, -29.234513, 488.974896, 9047.766843, -20.166272, 511.164483, 9161.698601, -24.911684, 489.075099, 9252.033703, -33.790336, 490.695162, 9365.436336, -28.997267, 484.297627, 9466.416118, -12.546092, 466.952011, 95