x coord, y coord, z coord, scalar
55.452446, -28.289569, 588.202992, 0
41.759758, -31.442115, 613.961854, 1
79.355391, -21.102839, 607.242755, 2
45.735516, -16.719937, 618.960801, 3
49.772381, -21.241498, 592.589630, 4
71.760211, 8.088143, 586.488732, 5
44.091231, -28.926211, 589.354432, 6
47.220717, -41.654527, 620.666362, 7
43.757578, 1.621186, 616.375357, 8
65.871180, -29.932506, 585.868092, 9
68.146956, -14.811866, 600.734583, 1076.885222, -13.384006, 612.448066, 1159.843039, -25.900100, 582.962273, 1287.621818, -20.496531, 609.397590, 1375.578866, -11.056117, 579.772223, 1488.703700, -31.167388, 579.476798, 1544.188716, -27.407993, 593.706832, 1654.078897, -20.519178, 595.208938, 1743.741549, -17.093492, 588.445897, 1880.652750, -43.093809, 601.669168, 1987.056371, -15.278767, 630.013280, 2056.786737, -30.265060, 608.245844, 2189.770593, -10.753676, 625.501517, 2241.728381, -15.003344, 596.621585, 2371.661808, -31.296064, 628.721341, 2471.970030, -34.463895, 589.170464, 2571.982839, -30.607058, 604.918464, 2686.225371, -16.860048, 627.555064, 2750.429742, -13.450390, 602.078238, 2859.411250, -24.669165, 602.140491, 2981.616306, -29.484319, 630.017282, 3080.625885, -13.029520, 591.368764, 3157.867823, -15.130408, 623.770971, 3252.365633, -13.733924, 600.384374, 3369.522882, -33.943657, 612.243921, 3467.240503, -2.305501, 620.935994, 3576.946699, -22.194246, 581.945258, 3650.861291, -27.840311, 608.241375, 3747.412637, -17.742392, 586.407628, 3870.026431, 1.336851, 604.894116, 3941.162767, -8.918349, 618.565698, 4091.715936, -20.164015, 597.152567, 4152.080818, -2.628086, 625.178151, 4244.847992, -42.133976, 603.060588, 4365.767804, -12.943009, 612.273062, 4447.007897, -37.574017, 601.583845, 4588.479743, -0.959221, 622.545564, 4690.960886, -41.969449, 586.321565, 4768.198373, -34.888709, 611.735206, 4875.141452, -5.194213, 604.688503, 4949.031758, -4.363305, 587.386588, 5088.133256, -4.518940, 610.378376, 5154.282099, 7.229976, 599.366725, 5248.456466, -39.793538, 600.388713, 5372.052922, -14.357660, 630.601631, 5453.322195, -7.681570, 584.644465, 5575.441730, -11.073443, 626.840753, 5666.983581, -11.984065, 628.027307, 5773.841060, -35.657228, 584.754950, 5854.572494, -0.847672, 622.716763, 5979.796732, 7.852119, 609.969767, 6087.718989, 4.113845, 597.067190, 6167.093581, -33.475595, 595.913792, 6286.996132, -25.351031, 599.276031, 6356.381059, 6.369996, 628.074301, 6455.978941, -32.179438, 612.009132, 6561.158838, 2.930375, 592.552135, 6656.995807, -21.957563, 623.723928, 6754.019322, -39.987978, 579.682932, 6859.310190, -25.747412, 621.991416, 6951.023192, -37.822206, 621.459873, 7081.528828, -41.974753, 617.190081, 7147.592307, -15.213047, 626.870510, 7264.041701, -20.088465, 593.137262, 7383.853608, -4.039313, 591.122253, 7480.924164, -39.931869, 602.098782, 7561.929457, -19.104979, 596.646487, 7675.017311, -2.441081, 617.843972, 7767.737449, -40.293237, 621.011935, 7867.956294, -21.315103, 586.882336, 7958.944073, -10.623653, 592.215957, 8049.400121, -20.966308, 593.396474, 8187.126108, -13.705970, 621.338830, 8282.992854, -41.535765, 592.866751, 8345.125018, 1.985955, 580.443753, 8456.783312, -8.961304, 583.668934, 8579.417718, -38.903475, 607.719013, 8645.059527, -4.218053, 596.894453, 8783.439310, -28.352158, 599.757103, 8873.447516, -0.727675, 621.598081, 8980.864266, -33.655194, 602.590821, 9042.075206, -24.586951, 624.780398, 9156.006962, -29.332362, 602.691069, 9246.342065, -38.211014, 604.311087, 9359.744695, -33.417945, 597.913595, 9460.724485, -16.966774, 580.567826, 95