x coord, y coord, z coord, scalar
36.686735, -9.798384, 143.200475, 0
22.994006, -12.950910, 168.959787, 1
60.589638, -2.611623, 162.240625, 2
26.969761, 1.771269, 173.958718, 3
31.006636, -2.750318, 147.587091, 4
52.994443, 26.579359, 141.486715, 5
25.325488, -10.435021, 144.352294, 6
28.454965, -23.163319, 175.664328, 7
24.991821, 20.112393, 171.373303, 8
47.105475, -11.441281, 140.865769, 9
49.381199, 3.679352, 155.732166, 1058.119467, 5.107207, 167.445951, 1141.077423, -7.408914, 137.959630, 1268.856064, -2.005317, 164.395527, 1356.813096, 7.435139, 134.770312, 1469.937952, -12.676168, 134.474850, 1525.422970, -8.916800, 148.704645, 1635.313151, -2.027989, 150.206227, 1724.975792, 1.397685, 143.443665, 1861.887001, -24.602596, 156.667131, 1968.290617, 3.212444, 185.011260, 2038.020988, -11.773853, 163.243674, 2171.004839, 7.737535, 180.499495, 2222.962624, 3.487850, 151.619391, 2352.896055, -12.804854, 183.719304, 2453.204295, -15.972675, 144.168335, 2553.217091, -12.115844, 159.916302, 2667.459616, 1.631163, 182.553037, 2731.663984, 5.040810, 157.075928, 2840.645503, -6.177957, 157.138124, 2962.850553, -10.993109, 185.015258, 3061.860127, 5.461710, 146.366603, 3139.102068, 3.360801, 178.768893, 3233.599874, 4.757275, 155.381974, 3350.757132, -15.452446, 167.241821, 3448.474746, 16.185709, 175.933925, 3558.180960, -3.702998, 136.943239, 3632.095540, -9.349106, 163.239212, 3728.646882, 0.748763, 141.405236, 3851.260669, 19.828064, 159.891986, 3922.397011, 9.572858, 173.563636, 4072.950183, -1.672797, 152.150525, 4133.315062, 15.863122, 180.176100, 4226.082243, -23.642771, 158.058532, 4347.002048, 5.548202, 167.270890, 4428.242149, -19.082814, 156.581748, 4569.713987, 17.531991, 177.543542, 4672.195137, -23.478234, 141.319588, 4749.432623, -16.397499, 166.733106, 4856.375693, 13.297003, 159.686351, 4930.265977, 14.127883, 142.384384, 5069.367500, 13.972274, 165.376329, 5135.516334, 25.721183, 154.364628, 5229.690719, -21.302333, 155.386625, 5353.287167, 4.133550, 185.599591, 5434.556379, 10.809597, 139.642035, 5556.675975, 7.417768, 181.838706, 5648.217826, 6.507144, 183.025253, 5755.075325, -17.166007, 139.752917, 5835.806737, 17.643537, 177.714705, 5961.030974, 26.343331, 164.967726, 6068.953230, 22.605061, 152.065165, 6148.327843, -14.984381, 150.911561, 6268.230381, -6.859813, 154.273959, 6337.615302, 24.861205, 183.072273, 6437.213191, -13.688231, 167.007011, 6542.393063, 21.421586, 147.549959, 6638.230053, -3.466355, 178.721853, 6735.253588, -21.496776, 134.680992, 6840.544437, -7.256203, 176.989335, 6932.257440, -19.330998, 176.457826, 7062.763077, -23.483542, 172.188053, 7128.826552, 3.278161, 181.868459, 7245.275964, -1.597240, 148.134095, 7365.087847, 14.451909, 146.120192, 7462.158415, -21.440656, 157.096731, 7543.163709, -0.613767, 151.643670, 7656.251554, 16.050130, 172.841904, 7748.971697, -21.802027, 176.009891, 7849.190591, -2.823820, 141.879138, 7940.178285, 7.867549, 147.212882, 8030.634374, -2.475126, 148.393974, 8168.360353, 4.785242, 176.336793, 8264.227106, -23.044550, 147.864731, 8326.359247, 20.477152, 135.441800, 8438.017435, 9.529855, 138.666131, 8560.651968, -20.412263, 162.716957, 8626.293763, 14.273145, 151.892283, 8764.673561, -9.860940, 154.755011, 8854.681760, 17.763536, 176.596028, 8962.098518, -15.163979, 157.588739, 9023.309452, -6.095744, 179.778354, 9137.241216, -10.841157, 157.688815, 9227.576316, -19.719809, 159.309003, 9340.978956, -14.926738, 152.911348, 9441.958715, 1.524437, 135.566162, 95