x coord, y coord, z coord, scalar
26.687592, 0.591186, 40.832424, 0
12.994843, -2.561331, 66.591827, 1
50.590475, 7.777960, 59.872652, 2
16.970597, 12.160848, 71.590756, 3
21.007477, 7.639248, 45.219036, 4
42.995272, 36.968942, 39.118765, 5
15.326330, -0.045450, 41.984319, 6
18.455802, -12.773740, 73.296375, 7
14.992655, 30.501972, 69.005345, 8
37.106335, -1.051691, 38.497757, 9
39.382033, 14.068937, 53.364135, 10
48.120302, 15.496790, 65.077982, 11
31.078326, 2.980659, 35.591553, 12
58.856900, 8.384266, 62.027568, 13
46.813924, 17.824741, 32.402384, 14
59.938791, -2.286583, 32.106914, 15
15.423811, 1.472772, 46.336661, 16
25.313992, 8.361583, 47.838136, 17
14.976628, 11.787249, 41.075671, 18
51.887840, -14.213014, 54.299177, 19
58.291452, 13.602025, 82.643310, 20
28.021826, -1.384274, 60.875693, 21
61.005674, 18.127117, 78.131544, 22
12.963458, 13.877423, 49.251405, 23
42.896892, -2.415273, 81.351350, 24
43.205140, -5.583088, 41.800362, 25
43.217929, -1.726262, 57.548323, 26
57.460452, 12.020744, 80.185086, 27
21.664818, 15.430386, 54.707919, 28
30.646343, 4.211622, 54.770103, 29
52.851389, -0.603528, 82.647307, 30
51.860961, 15.851300, 43.998624, 31
29.102903, 13.750381, 76.400931, 32
23.600707, 15.146850, 53.013947, 33
40.757970, -5.062865, 64.873854, 34
38.475581, 26.575290, 73.565964, 35
48.181802, 6.686602, 34.575289, 36
22.096378, 1.040472, 60.871233, 37
18.647719, 11.138317, 39.037210, 38
41.261502, 30.217646, 57.524014, 39
12.397846, 19.962436, 71.195677, 40
62.951019, 8.716788, 49.782570, 41
23.315897, 26.252702, 77.808143, 42
16.083081, -13.253193, 55.690575, 43
37.002883, 15.937783, 64.902909, 44
18.242988, -8.693236, 54.213782, 45
59.714822, 27.921572, 75.175592, 46
62.195975, -13.088651, 38.951646, 47
39.433461, -6.007918, 64.365139, 48
46.376526, 23.686586, 57.318374, 49
20.266800, 24.517452, 40.016396, 50
59.368335, 24.361856, 63.008374, 51
25.517165, 36.110762, 51.996663, 52
19.691559, -10.912755, 53.018661, 53
43.288003, 14.523131, 83.231636, 54
24.557185, 21.199155, 37.274001, 55
46.676811, 17.807349, 79.470751, 56
38.218661, 16.896725, 80.657296, 57
45.076169, -6.776421, 37.384964, 58
25.807572, 28.033117, 75.346747, 59
51.031807, 36.732913, 62.599771, 60
58.954063, 32.994644, 49.697214, 61
38.328686, -4.594797, 48.543568, 62
58.231218, 3.529772, 51.905998, 63
27.616137, 35.250785, 80.704321, 64
27.214029, -3.298651, 64.639040, 65
32.393889, 31.811167, 45.181977, 66
28.230889, 6.923225, 76.353891, 67
25.254434, -11.107199, 32.313057, 68
30.545273, 3.133377, 74.621372, 69
22.258276, -8.941418, 74.089871, 70
52.763914, -13.093960, 69.820101, 71
18.827387, 13.667740, 79.500502, 72
35.276808, 8.792348, 45.765911, 73
55.088680, 24.841495, 43.752234, 74
52.159253, -11.051073, 54.728775, 75
33.164547, 9.775815, 49.275558, 76
46.252388, 26.439712, 70.473944, 77
38.972534, -11.412446, 73.641936, 78
39.191450, 7.565798, 39.510948, 79
30.179105, 18.257125, 44.844717, 80
20.635214, 7.914442, 46.025926, 81
58.361188, 15.174824, 73.968839, 82
54.227946, -12.654966, 45.496781, 83
16.360074, 30.866726, 33.073863, 84
28.018212, 19.919408, 36.298022, 85
50.652806, -10.022681, 60.348999, 86
16.294594, 24.662720, 49.524302, 87
54.674398, 0.528644, 52.387046, 88
44.682594, 28.153117, 74.228071, 89
52.099356, -4.774395, 55.220776, 90
13.310288, 4.293835, 77.410398, 91
27.242056, -0.451578, 55.320818, 92
17.577155, -9.330231, 56.941040, 93
30.979799, -4.537158, 50.543351, 94
31.959544, 11.914018, 33.198285, 95
