x coord, y coord, z coord, scalar
58.131711, -25.362941, 628.810064, 0
44.439024, -28.515488, 654.568884, 1
82.034656, -18.176211, 647.849791, 2
48.414781, -13.793310, 659.567832, 3
52.451646, -18.314870, 633.196704, 4
74.439476, 11.014770, 627.095758, 5
46.770496, -25.999583, 629.961469, 6
49.899982, -38.727899, 661.273389, 7
46.436843, 4.547814, 656.982386, 8
68.550445, -27.005878, 626.475146, 9
70.826221, -11.885239, 641.341646, 1079.564487, -10.457379, 653.055100, 1162.522304, -22.973471, 623.569358, 1290.301083, -17.569904, 650.004620, 1378.258131, -8.129489, 620.379238, 1491.382965, -28.240761, 620.083816, 1546.867981, -24.481365, 634.313873, 1656.758162, -17.592551, 635.816029, 1746.420814, -14.166864, 629.052943, 1883.332015, -40.167182, 642.276195, 1989.735636, -12.352139, 670.620306, 2059.466002, -27.338433, 648.852884, 2192.449858, -7.827048, 666.108543, 2244.407646, -12.076716, 637.228627, 2374.341074, -28.369436, 669.328369, 2474.649295, -31.537267, 629.777500, 2574.662104, -27.680430, 645.525502, 2688.904636, -13.933421, 668.162090, 2753.109007, -10.523762, 642.685291, 2862.090515, -21.742537, 642.747549, 2984.295571, -26.557692, 670.624308, 3083.305150, -10.102893, 631.975803, 3160.547088, -12.203780, 664.378002, 3255.044898, -10.807297, 640.991435, 3372.202147, -31.017029, 652.850954, 3469.919768, 0.621127, 661.543024, 3579.625964, -19.267619, 622.552284, 3653.540556, -24.913683, 648.848414, 3750.091903, -14.815764, 627.014688, 3872.705696, 4.263478, 645.501152, 3943.842032, -5.991721, 659.172728, 4094.395201, -17.237387, 637.759595, 4154.760083, 0.298541, 665.785179, 4247.527257, -39.207348, 643.667617, 4368.447069, -10.016381, 652.880102, 4449.687162, -34.647390, 642.190878, 4591.159008, 1.967407, 663.152590, 4693.640151, -39.042821, 626.928586, 4770.877638, -31.962082, 652.342240, 4877.820717, -2.267586, 645.295541, 4951.711023, -1.436678, 627.993631, 5090.812521, -1.592313, 650.985404, 5156.961364, 10.156604, 639.973758, 5251.135731, -36.866910, 640.995744, 5374.732187, -11.431032, 671.208659, 5456.001460, -4.754942, 625.251529, 5578.120995, -8.146815, 667.447781, 5669.662846, -9.057438, 668.634336, 5776.520325, -32.730600, 625.361977, 5857.251759, 2.078956, 663.323792, 5982.475997, 10.778747, 650.576795, 6090.398254, 7.040473, 637.674216, 6169.772846, -30.548967, 636.520838, 6289.675397, -22.424403, 639.883062, 6359.060324, 9.296624, 668.681328, 6458.658207, -29.252811, 652.616167, 6563.838103, 5.857003, 633.159175, 6659.675072, -19.030936, 664.330959, 6756.698587, -37.061350, 620.289951, 6861.989455, -22.820784, 662.598448, 6953.702457, -34.895578, 662.066901, 7084.208094, -39.048125, 657.797107, 7150.271572, -12.286419, 667.477538, 7266.720966, -17.161838, 633.744396, 7386.532873, -1.112686, 631.729282, 7483.603429, -37.005242, 642.705810, 7564.608722, -16.178352, 637.253588, 7677.696576, 0.485546, 658.451002, 7770.416714, -37.366609, 661.618963, 7870.635558, -18.388475, 627.489472, 7961.623339, -7.697026, 632.823082, 8052.079386, -18.039681, 634.003545, 8189.805373, -10.779342, 661.945857, 8285.672119, -38.609137, 633.473776, 8347.804283, 4.912582, 621.050773, 8459.462578, -6.034677, 624.276034, 8582.096983, -35.976848, 648.326043, 8647.738792, -1.291426, 637.501493, 8786.118575, -25.425530, 640.364136, 8876.126781, 2.198953, 662.205110, 8983.543531, -30.728566, 643.197853, 9044.754471, -21.660324, 665.387426, 9158.686227, -26.405734, 643.298116, 9249.021330, -35.284386, 644.918119, 9362.423960, -30.491317, 638.520642, 9463.403750, -14.040147, 621.174818, 95