x coord, y coord, z coord, scalar
59.855398, -19.768383, 451.010370, 0
46.162699, -22.920919, 476.769374, 1
83.758332, -12.581639, 470.050255, 2
50.138456, -8.198740, 481.768316, 3
54.175321, -12.720311, 455.397001, 4
76.163147, 16.609345, 449.296268, 5
48.494173, -20.405021, 452.161929, 6
51.623657, -33.133329, 483.473893, 7
48.160517, 10.142384, 479.182881, 8
70.274139, -21.411307, 448.675531, 9
72.549896, -6.290665, 463.541992, 1081.288162, -4.862807, 475.255571, 1164.246025, -17.378923, 445.769611, 1292.024758, -11.975331, 472.205111, 1379.981805, -2.534901, 442.579792, 1493.106643, -22.646187, 442.284355, 1548.591657, -18.886801, 456.514314, 1658.481838, -11.997988, 458.016255, 1748.144485, -8.572305, 451.253365, 1885.055692, -34.572610, 464.476697, 1991.459311, -6.757568, 492.820815, 2061.189678, -21.743863, 471.053331, 2194.173533, -2.232477, 488.309051, 2246.131318, -6.482151, 459.429065, 2376.064749, -22.774866, 491.528871, 2476.372978, -25.942695, 451.977964, 2576.385781, -22.085859, 467.725954, 2690.628311, -8.338850, 490.362597, 2754.832680, -4.929194, 464.885681, 2863.814192, -16.147968, 464.947916, 2986.019247, -20.963121, 492.824815, 3085.028826, -4.508314, 454.176254, 3162.270762, -6.609210, 486.578488, 3256.768570, -5.212729, 463.191789, 3373.925824, -25.422458, 475.051430, 3471.643442, 6.215698, 483.743513, 3581.349648, -13.673036, 444.752793, 3655.264232, -19.319115, 471.048865, 3751.815572, -9.221213, 449.215045, 3874.429369, 9.858051, 467.701616, 3945.565706, -0.397151, 481.373219, 4096.118877, -11.642813, 459.960095, 4156.483757, 5.893112, 487.985676, 4249.250933, -33.612780, 465.868111, 4370.170743, -4.421810, 475.080549, 4451.410838, -29.052822, 464.391355, 4592.882682, 7.561979, 485.353098, 4695.363828, -33.448249, 449.129113, 4772.601314, -26.367511, 474.542716, 4879.544391, 3.326988, 467.495996, 4953.434686, 4.157888, 450.194065, 5092.536196, 4.002260, 473.185902, 5158.685035, 15.751175, 462.174236, 5252.859408, -31.272342, 463.196226, 5376.455862, -5.836461, 493.409160, 5457.725109, 0.839620, 447.451870, 5579.844670, -2.552244, 489.648279, 5671.386521, -3.462867, 490.834831, 5778.244007, -27.136028, 447.562481, 5858.975433, 7.673527, 485.524286, 5984.199671, 16.373319, 472.777295, 6092.121928, 12.635046, 459.874723, 6171.496527, -24.954396, 458.721260, 6291.399074, -16.829830, 462.083549, 6360.783998, 14.891195, 490.881833, 6460.381883, -23.658241, 474.816635, 6565.561771, 11.451576, 455.359621, 6661.398747, -13.436365, 486.531446, 6758.422268, -31.466784, 442.490492, 6863.713130, -17.226214, 484.798932, 6955.426132, -29.301008, 484.267399, 7085.931769, -33.453554, 479.997613, 7151.995246, -6.691849, 489.678035, 7268.444649, -11.567263, 455.944435, 7388.256547, 4.481890, 453.929775, 7485.327106, -31.410670, 464.906307, 7566.332399, -10.583781, 459.453770, 7679.420250, 6.080118, 480.651491, 7772.140390, -31.772039, 483.819462, 7872.359259, -12.793884, 449.689499, 7963.347001, -2.102454, 455.023159, 8053.803061, -12.445120, 456.203857, 8191.529048, -5.184771, 484.146359, 8287.395797, -33.014565, 455.674285, 8349.527951, 10.507150, 443.251309, 8461.186204, -0.440111, 446.476222, 8583.820660, -30.382276, 470.526537, 8649.462462, 4.303142, 459.701940, 8787.842252, -19.830957, 462.564615, 8877.850456, 7.793524, 484.405606, 8985.267209, -25.133994, 465.398336, 9046.478145, -16.065754, 487.587925, 9160.409904, -20.811166, 465.498530, 9250.745006, -29.689818, 467.118602, 9364.147640, -24.896749, 460.721058, 9465.127420, -8.445574, 443.375473, 95