x coord, y coord, z coord, scalar
28.772646, 2.013684, 34.577884, 0
15.079895, -1.138831, 60.337292, 1
52.675527, 9.200461, 53.618117, 2
19.055648, 13.583349, 65.336220, 3
23.092528, 9.061746, 38.964495, 4
45.080322, 38.391444, 32.864230, 5
17.411382, 1.377049, 35.729783, 6
20.540853, -11.351239, 67.041840, 7
17.077706, 31.924473, 62.750810, 8
39.191390, 0.370809, 32.243219, 9
41.467085, 15.491439, 47.109596, 10
50.205354, 16.919291, 58.823446, 11
33.163386, 4.403153, 29.337012, 12
60.941952, 9.806767, 55.773033, 13
48.898976, 19.247246, 26.147850, 14
62.023843, -0.864081, 25.852381, 15
17.508862, 2.895272, 40.082124, 16
27.399043, 9.784082, 41.583594, 17
17.061678, 13.209748, 34.821134, 18
53.972892, -12.790513, 48.044642, 19
60.376504, 15.024526, 76.388775, 20
30.106878, 0.038227, 54.621156, 21
63.090726, 19.549618, 71.877009, 22
15.048509, 15.299923, 42.996869, 23
44.981943, -0.992772, 75.096815, 24
45.290194, -4.160587, 35.545826, 25
45.302981, -0.303760, 51.293787, 26
59.545503, 13.443245, 73.930551, 27
23.749869, 16.852887, 48.453381, 28
32.731395, 5.634123, 48.515564, 29
54.936441, 0.818973, 76.392772, 30
53.946013, 17.273802, 37.744088, 31
31.187955, 15.172882, 70.146396, 32
25.685758, 16.569351, 46.759408, 33
42.843021, -3.640364, 58.619319, 34
40.560632, 27.997791, 67.311429, 35
50.266856, 8.109105, 28.320754, 36
24.181430, 2.462973, 54.616697, 37
20.732768, 12.560814, 32.782671, 38
43.346553, 31.640148, 51.269478, 39
14.482897, 21.384937, 64.941142, 40
65.036071, 10.139289, 43.528035, 41
25.400948, 27.675203, 71.553608, 42
18.168133, -11.830692, 49.436040, 43
39.087934, 17.360284, 58.648373, 44
20.328040, -7.270736, 47.959246, 45
61.799873, 29.344074, 68.921057, 46
64.281027, -11.666149, 32.697112, 47
41.518513, -4.585417, 58.110603, 48
48.461577, 25.109088, 51.063838, 49
22.351849, 25.939952, 33.761860, 50
61.453386, 25.784357, 56.753839, 51
27.602216, 37.533264, 45.742127, 52
21.776611, -9.490255, 46.764126, 53
45.373055, 15.945632, 76.977101, 54
26.642231, 22.621655, 31.019462, 55
48.761862, 19.229850, 73.216216, 56
40.303713, 18.319226, 74.402761, 57
47.161223, -5.353919, 31.130429, 58
27.892623, 29.455618, 69.092211, 59
53.116859, 38.155415, 56.345236, 60
61.039115, 34.417146, 43.442679, 61
40.413739, -3.172297, 42.289031, 62
60.316270, 4.952273, 45.651463, 63
29.701189, 36.673286, 74.449786, 64
29.299081, -1.876150, 58.384504, 65
34.478939, 33.233668, 38.927441, 66
30.315941, 8.345726, 70.099356, 67
27.339487, -9.684700, 26.058524, 68
32.630325, 4.555878, 68.366837, 69
24.343328, -7.518917, 67.835336, 70
54.848965, -11.671459, 63.565567, 71
20.912439, 15.090241, 73.245967, 72
37.361861, 10.214850, 39.511364, 73
57.173731, 26.263997, 37.497699, 74
54.244305, -9.628572, 48.474240, 75
35.249600, 11.198316, 43.021015, 76
48.337440, 27.862213, 64.219409, 77
41.057586, -9.989945, 67.387401, 78
41.276508, 8.988302, 33.256400, 79
32.264154, 19.679627, 38.590171, 80
22.720265, 9.336940, 39.771386, 81
60.446240, 16.597325, 67.714304, 82
56.312998, -11.232465, 39.242246, 83
18.445124, 32.289227, 26.819329, 84
30.103254, 21.341910, 30.043479, 85
52.737858, -8.600180, 54.094464, 86
18.379644, 26.085221, 43.269766, 87
56.759451, 1.951146, 46.132510, 88
46.767646, 29.575618, 67.973536, 89
54.184408, -3.351894, 48.966240, 90
15.395339, 5.716336, 71.155863, 91
29.327108, 0.970922, 49.066280, 92
19.662206, -7.907731, 50.686505, 93
33.064851, -3.114658, 44.288814, 94
34.044594, 13.336519, 26.943754, 95
