x coord, y coord, z coord, scalar
15.120629, 14.866384, 8.738280, 0
1.427861, 11.713870, 34.497702, 1
39.023491, 22.053166, 27.778524, 2
5.403614, 26.436050, 39.496630, 3
9.440500, 21.914440, 13.124890, 4
31.428281, 51.244147, 7.024642, 5
3.759354, 14.229746, 9.890191, 6
6.888819, 1.501463, 41.202251, 7
3.425670, 44.777173, 36.911221, 8
25.539370, 13.223524, 6.403621, 9
27.815048, 28.344143, 21.269994, 10
36.553317, 29.771994, 32.983855, 11
19.511402, 17.255868, 3.497403, 12
47.289916, 22.659471, 29.933443, 13
35.246928, 32.099962, 0.308265, 14
48.371809, 11.988626, 0.012794, 15
3.856833, 15.747969, 14.242530, 16
13.747014, 22.636778, 15.743983, 17
3.409647, 26.062439, 8.981539, 18
40.320858, 0.062191, 22.205053, 19
46.724468, 27.877229, 50.549186, 20
16.454845, 12.890929, 28.781563, 21
49.438690, 32.402321, 46.037421, 22
1.396475, 28.152619, 17.157275, 23
31.329908, 11.859930, 49.257226, 24
31.638164, 8.692121, 9.706234, 25
31.650948, 12.548944, 25.454194, 26
45.893468, 26.295948, 48.090962, 27
10.097834, 29.705585, 22.613783, 28
19.079363, 18.486825, 22.675965, 29
41.284405, 13.671676, 50.553184, 30
40.293974, 30.126511, 11.904495, 31
17.535920, 28.025583, 44.306806, 32
12.033723, 29.422049, 20.919807, 33
29.190987, 9.212340, 32.779728, 34
26.908596, 40.850493, 41.471839, 35
36.614821, 20.961823, 2.481166, 36
10.529397, 15.315674, 28.777103, 37
7.080741, 25.413497, 6.943071, 38
29.694515, 44.492850, 25.429886, 39
0.830862, 34.237638, 39.101552, 40
51.384035, 22.991994, 17.688445, 41
11.748913, 40.527904, 45.714019, 42
4.516101, 1.022009, 23.596450, 43
25.435898, 30.212987, 32.808780, 44
6.676008, 5.581965, 22.119655, 45
48.147837, 42.196776, 43.081469, 46
50.628993, 1.186555, 6.857525, 47
27.866479, 8.267287, 32.271012, 48
34.809540, 37.961791, 25.224245, 49
8.699808, 38.792643, 7.922265, 50
47.801350, 38.637061, 30.914250, 51
13.950178, 50.385963, 19.902536, 52
8.124579, 3.362446, 20.924535, 53
31.721019, 28.798335, 51.137512, 54
12.990181, 35.474333, 5.179860, 55
35.109827, 32.082553, 47.376626, 56
26.651678, 31.171928, 48.563171, 57
33.509192, 7.498789, 5.290840, 58
14.240587, 42.308319, 43.252622, 59
39.464822, 51.008117, 30.505647, 60
47.387077, 47.269849, 17.603090, 61
26.761709, 9.680410, 16.449436, 62
46.664235, 17.804979, 19.811872, 63
16.049153, 49.525988, 48.610197, 64
15.647047, 10.976551, 32.544912, 65
20.826897, 46.086368, 13.087847, 66
16.663906, 21.198428, 44.259766, 67
13.687460, 3.168003, 0.218937, 68
18.978290, 17.408580, 42.527247, 69
10.691294, 5.333784, 41.995746, 70
41.196931, 1.181244, 37.725978, 71
7.260404, 27.942943, 47.406377, 72
23.709830, 23.067560, 13.671738, 73
43.521692, 39.116703, 11.658109, 74
40.592271, 3.224132, 22.634650, 75
21.597566, 24.051020, 17.181401, 76
34.685403, 40.714915, 38.379819, 77
27.405551, 2.862757, 41.547812, 78
27.624479, 21.841037, 7.416774, 79
18.612108, 32.532321, 12.750548, 80
9.068236, 22.189634, 13.931782, 81
46.794204, 29.450028, 41.874715, 82
42.660964, 1.620240, 13.402657, 83
4.793085, 45.141922, 0.979743, 84
16.451184, 34.194576, 4.203865, 85
39.085824, 4.252524, 28.254874, 86
4.727607, 38.937918, 17.430172, 87
43.107416, 14.803851, 20.292919, 88
33.115610, 42.428320, 42.133946, 89
40.532374, 9.500811, 23.126650, 90
1.743305, 18.569037, 45.316274, 91
15.675077, 13.823624, 23.226684, 92
6.010174, 4.944971, 24.846914, 93
19.412821, 9.738046, 18.449218, 94
20.392554, 26.189220, 1.104176, 95
