x coord, y coord, z coord, scalar
67.766584, -27.184092, 699.527473, 0
54.073901, -30.336636, 725.286219, 1
91.669535, -19.997360, 718.567136, 2
58.049659, -15.614457, 730.285169, 3
62.086521, -20.136017, 703.914116, 4
84.074356, 9.193623, 697.813085, 5
56.405371, -27.820731, 700.678816, 6
59.534860, -40.549047, 731.990719, 7
56.071722, 2.726666, 727.699719, 8
78.185321, -28.827032, 697.192523, 9
80.461100, -13.706387, 712.059038, 1089.199366, -12.278527, 723.772443, 1172.157171, -24.794632, 694.286787, 1299.935962, -19.391052, 720.721954, 1387.893015, -9.950639, 691.096548, 14101.017844, -30.061910, 690.801132, 1556.502857, -26.302513, 705.031228, 1666.393038, -19.413698, 706.533470, 1756.055689, -15.988010, 699.770305, 1892.966894, -41.988330, 712.993525, 1999.370515, -14.173287, 741.337633, 2069.100880, -29.159581, 719.570236, 21102.084737, -9.648196, 736.825870, 2254.042523, -13.897863, 707.945983, 2383.975952, -30.190584, 740.045699, 2484.284173, -33.358418, 700.494845, 2584.296982, -29.501579, 716.242853, 2698.539514, -15.754569, 738.879418, 2762.743885, -12.344909, 713.402665, 2871.725393, -23.563686, 713.464933, 2993.930450, -28.378840, 741.341636, 3092.940030, -11.924042, 702.693153, 3170.181966, -14.024928, 735.095339, 3264.679776, -12.628443, 711.708825, 3381.837026, -32.838178, 723.568294, 3479.554647, -1.200021, 732.260360, 3589.260845, -21.088771, 693.269611, 3663.175434, -26.734831, 719.565765, 3759.726776, -16.636909, 697.732077, 3882.340575, 2.442331, 716.218497, 3953.476910, -7.812869, 729.890062, 40104.030080, -19.058536, 708.476926, 4164.394962, -1.522606, 736.502512, 4257.162134, -41.028496, 714.384950, 4378.081947, -11.837529, 723.597454, 4459.322039, -36.468538, 712.908218, 45100.793886, 0.146259, 733.869917, 46103.275030, -40.863970, 697.645907, 4780.512516, -33.783230, 723.059580, 4887.455597, -4.088733, 716.012890, 4961.345901, -3.257821, 698.710988, 50100.447400, -3.413461, 721.702735, 5166.596243, 8.335457, 710.691098, 5260.770608, -38.688058, 711.713083, 5384.367066, -13.252180, 741.925990, 5465.636339, -6.576081, 695.968924, 5587.755874, -9.967963, 738.165113, 5679.297725, -10.878586, 739.351669, 5786.155203, -34.551751, 696.079306, 5866.886637, 0.257808, 734.041126, 5992.110876, 8.957599, 721.294125, 60100.033133, 5.219325, 708.391544, 6179.407724, -32.370117, 707.238200, 6299.310276, -24.245552, 710.600397, 6368.695203, 7.475476, 739.398657, 6468.293085, -31.073959, 723.333511, 6573.472983, 4.035857, 703.876528, 6669.309950, -20.852084, 735.048296, 6766.333464, -38.882500, 691.007265, 6871.624333, -24.641932, 733.315785, 6963.337335, -36.716726, 732.784233, 7093.842972, -40.869273, 728.514436, 7159.906450, -14.107567, 738.194871, 7276.355845, -18.982989, 704.461912, 7396.167753, -2.933834, 702.446616, 7493.238307, -38.826390, 713.423143, 7574.243600, -17.999501, 707.971046, 7687.331454, -1.335602, 729.168337, 7780.051592, -39.187757, 732.336294, 7880.270441, -20.209633, 698.206993, 7971.258219, -9.518170, 703.540583, 8061.714262, -19.860828, 704.720951, 8199.440251, -12.600490, 732.663187, 8295.306997, -40.430286, 704.191103, 8357.439162, 3.091437, 691.768089, 8469.097459, -7.855809, 694.993490, 8591.731862, -37.797996, 719.043376, 8657.373670, -3.112572, 708.218845, 8795.753454, -27.246679, 711.081475, 8885.761660, 0.377805, 732.922443, 8993.178410, -32.549715, 713.915191, 9054.389349, -23.481471, 736.104757, 9168.321105, -28.226883, 714.015482, 9258.656207, -37.105534, 715.635457, 9372.058838, -32.312466, 709.238007, 9473.038630, -15.861293, 691.892087, 95