x coord, y coord, z coord, scalar
24.444675, 2.751607, 55.164877, 0
10.751927, -0.400914, 80.924269, 1
48.347558, 9.938377, 74.205095, 2
14.727681, 14.321265, 85.923197, 3
18.764562, 9.799667, 59.551489, 4
40.752356, 39.129358, 53.451205, 5
13.083415, 2.114969, 56.316763, 6
16.212885, -10.613323, 87.628815, 7
12.749739, 32.662389, 83.337787, 8
34.863414, 1.108728, 52.830205, 9
37.139117, 16.229353, 67.696585, 10
45.877385, 17.657206, 79.410425, 11
28.835403, 5.141087, 49.924009, 12
56.613983, 10.544683, 76.360009, 13
44.571005, 19.985154, 46.734821, 14
57.695873, -0.126166, 46.439353, 15
13.180895, 3.633191, 60.669105, 16
23.071076, 10.522001, 62.170594, 17
12.733714, 13.947668, 55.408117, 18
49.644923, -12.052597, 68.631618, 19
56.048536, 15.762442, 96.975750, 20
25.778910, 0.776144, 75.208137, 21
58.762758, 20.287533, 92.463984, 22
10.720543, 16.037841, 63.583850, 23
40.653975, -0.254856, 95.683791, 24
40.962222, -3.422671, 56.132805, 25
40.975012, 0.434155, 71.880767, 26
55.217535, 14.181161, 94.517526, 27
19.421902, 17.590803, 69.040367, 28
28.403426, 6.372040, 69.102552, 29
50.608472, 1.556889, 96.979747, 30
49.618044, 18.011715, 58.331068, 31
26.859987, 15.910798, 90.733373, 32
21.357792, 17.307267, 67.346397, 33
38.515053, -2.902448, 79.206297, 34
36.232665, 28.735707, 87.898406, 35
45.938882, 8.847018, 48.907729, 36
19.853462, 3.200890, 75.203677, 37
16.404807, 13.298737, 53.369660, 38
39.018585, 32.378062, 71.856457, 39
10.154930, 22.122853, 85.528118, 40
60.708102, 10.877204, 64.115010, 41
21.072981, 28.413118, 92.140584, 42
13.840165, -11.092775, 70.023016, 43
34.759966, 18.098200, 79.235353, 44
16.000072, -6.532818, 68.546224, 45
57.471905, 30.081989, 89.508032, 46
59.953058, -10.928234, 53.284085, 47
37.190544, -3.847501, 78.697581, 48
44.133610, 25.847002, 71.650817, 49
18.023887, 26.677868, 54.348841, 50
57.125418, 26.522272, 77.340815, 51
23.274250, 38.271179, 66.329105, 52
17.448643, -8.752338, 67.351103, 53
41.045087, 16.683548, 97.564077, 54
22.314276, 23.359569, 51.606452, 55
44.433894, 19.967766, 93.803191, 56
35.975745, 19.057142, 94.989737, 57
42.833251, -4.616003, 51.717405, 58
23.564656, 30.193533, 89.679188, 59
48.788891, 38.893330, 76.932212, 60
56.711147, 35.155060, 64.029654, 61
36.085769, -2.434380, 62.876014, 62
55.988301, 5.690188, 66.238439, 63
25.373221, 37.411202, 95.036761, 64
24.971112, -1.138234, 78.971483, 65
30.150974, 33.971582, 59.514421, 66
25.987973, 9.083642, 90.686333, 67
23.011517, -8.946781, 46.645495, 68
28.302357, 5.293794, 88.953814, 69
20.015360, -6.781001, 88.422311, 70
50.520997, -10.933543, 84.152542, 71
16.584471, 15.828157, 93.832943, 72
33.033889, 10.952766, 60.098381, 73
52.845763, 27.001911, 58.084675, 74
49.916336, -8.890656, 69.061216, 75
30.921631, 11.936232, 63.608019, 76
44.009472, 28.600128, 84.806385, 77
36.729617, -9.252029, 87.974377, 78
36.948525, 9.726214, 53.843418, 79
27.936191, 20.417540, 59.177184, 80
18.392299, 10.074860, 60.358378, 81
56.118272, 17.335240, 88.301279, 82
51.985028, -10.494549, 59.829221, 83
14.117160, 33.027142, 47.406301, 84
25.775307, 22.079818, 50.630482, 85
48.409889, -7.862264, 74.681440, 86
14.051679, 26.823137, 63.856746, 87
52.431481, 2.689061, 66.719488, 88
42.439678, 30.313533, 88.560512, 89
49.856439, -2.613978, 69.553218, 90
11.067372, 6.454252, 91.742839, 91
24.999140, 1.708839, 69.653264, 92
15.334238, -7.169813, 71.273482, 93
28.736882, -2.376740, 64.875797, 94
29.716628, 14.074433, 47.530716, 95
