x coord, y coord, z coord, scalar
36.799461, 3.789750, 91.123275, 0
23.106718, 0.637232, 116.882635, 1
60.702350, 10.976522, 110.163466, 2
27.082472, 15.359411, 121.881565, 3
31.119350, 10.837814, 95.509889, 4
53.107149, 40.167504, 89.409568, 5
25.438203, 3.153114, 92.275134, 6
28.567677, -9.575177, 123.587180, 7
25.104531, 33.700535, 119.296152, 8
47.218204, 2.146868, 88.788589, 9
49.493909, 17.267498, 103.654976, 1058.232177, 18.695351, 115.368794, 1141.190183, 6.179221, 85.882416, 12
68.968775, 11.582828, 112.318376, 1356.925802, 21.023298, 82.693177, 14
70.050666, 0.911978, 82.397711, 15
25.535685, 4.671337, 96.627480, 16
35.425865, 11.560147, 98.129005, 17
25.088503, 14.985816, 91.366495, 18
61.999714, -11.014452, 104.589982, 1968.403328, 16.800587, 132.934113, 2038.133701, 1.814289, 111.166510, 2171.117549, 21.325679, 128.422348, 2223.075334, 17.075988, 99.542225, 23
53.008767, 0.783289, 131.642155, 2453.317013, -2.384528, 92.091176, 25
53.329804, 1.472300, 107.839140, 2667.572327, 15.219306, 130.475890, 2731.776693, 18.628950, 104.998750, 2840.758217, 7.410185, 105.060939, 2962.963264, 2.595035, 132.938111, 3061.972837, 19.049860, 94.289441, 31
39.214779, 16.948943, 126.691740, 3233.712583, 18.345414, 103.304787, 3350.869844, -1.864302, 115.164665, 3448.587457, 29.773852, 123.856773, 3558.293677, 9.885159, 84.866092, 36
32.208253, 4.239035, 111.162050, 3728.759593, 14.336886, 89.328049, 38
51.373378, 33.416208, 107.814828, 3922.509721, 23.160999, 121.486484, 4073.062895, 11.915349, 100.073375, 4133.427772, 29.451264, 128.098950, 4226.194956, -10.054630, 105.981382, 4347.114758, 19.136345, 115.193727, 4428.354863, -5.494673, 104.504593, 4569.826697, 31.120134, 125.466395, 4672.307850, -9.890089, 89.242446, 47
49.545336, -2.809355, 114.655950, 4856.488402, 26.885148, 107.609190, 4930.378678, 27.716018, 90.307217, 50
69.480210, 27.560418, 113.299180, 5135.629042, 39.309325, 102.287473, 5229.803433, -7.714192, 103.309471, 5353.399878, 17.721694, 133.522442, 5434.669068, 24.397724, 87.564843, 55
56.788686, 21.005911, 129.761556, 5648.330537, 20.095287, 130.948103, 5755.188042, -3.577860, 87.675769, 58
35.919447, 31.231679, 125.637554, 5961.143683, 39.931475, 112.890577, 6069.065939, 36.193206, 99.988018, 61
48.440560, -1.396236, 98.834392, 62
68.343093, 6.728333, 102.196806, 6337.728013, 38.449348, 130.995125, 6437.325904, -0.100089, 114.929853, 6542.505767, 35.009729, 95.472796, 66
38.342764, 10.121788, 126.644700, 6735.366306, -7.908636, 82.603853, 68
40.657148, 6.331940, 124.912182, 6932.370151, -5.742856, 124.380676, 7062.875789, -9.895398, 120.110906, 7128.939263, 16.866303, 129.791308, 7245.388681, 11.990908, 96.056824, 73
65.200556, 28.040056, 94.043041, 74
62.271128, -7.852511, 105.019581, 7543.276422, 12.974377, 99.566438, 76
56.364264, 29.638274, 120.764752, 7749.084409, -8.213884, 123.932741, 7849.303320, 10.764349, 89.801864, 79
40.290984, 21.455689, 95.135621, 80
30.747088, 11.113007, 96.316775, 81
68.473064, 18.373386, 124.259644, 8264.339820, -9.456405, 95.787584, 83
26.471952, 34.065290, 83.364660, 84
38.130102, 23.117979, 86.588900, 85
60.764681, -6.824119, 110.639806, 8626.406470, 27.861284, 99.815120, 87
64.786273, 3.727206, 102.677856, 8854.794470, 31.351679, 124.518878, 8962.211231, -1.575834, 105.511585, 9023.422163, 7.492398, 127.701204, 9137.353930, 2.746985, 105.611643, 9227.689029, -6.131668, 107.231850, 9341.091672, -1.338596, 100.834177, 9442.071421, 15.112580, 83.489054, 95
