x coord, y coord, z coord, scalar
38.017829, -4.464581, 192.214039, 0
24.325101, -7.617111, 217.973303, 1
61.920733, 2.722175, 211.254148, 2
28.300856, 7.105068, 222.972236, 3
32.337732, 2.583482, 196.600657, 4
54.325538, 31.913156, 190.500225, 5
26.656583, -5.101221, 193.365817, 6
29.786059, -17.829520, 224.677840, 7
26.322916, 25.446191, 220.386817, 8
48.436566, -6.107480, 189.879311, 9
50.712293, 9.013150, 204.745718, 1059.450561, 10.441005, 216.459472, 1142.408511, -2.075105, 186.973206, 1270.187158, 3.328481, 213.409043, 1358.144189, 12.768934, 183.783811, 1471.269046, -7.342370, 183.488353, 1526.754066, -3.583000, 197.718173, 1636.644247, 3.305811, 199.219810, 1726.306889, 6.731485, 192.457198, 1863.218095, -19.268798, 205.680643, 1969.621711, 8.546242, 234.024771, 2039.352082, -6.440054, 212.257200, 2172.335933, 13.071334, 229.513006, 2224.293719, 8.821649, 200.632920, 2354.227150, -7.471055, 232.732817, 2454.535388, -10.638875, 193.181857, 2554.548185, -6.782046, 208.929828, 2668.790711, 6.964961, 231.566549, 2732.995079, 10.374609, 206.089470, 2841.976598, -0.844158, 206.151671, 2964.181647, -5.659310, 234.028769, 3063.191221, 10.795507, 195.380129, 3140.433162, 8.694599, 227.782410, 3234.930969, 10.091074, 204.395525, 3352.088226, -10.118647, 216.255340, 3449.805841, 21.519507, 224.947441, 3559.512051, 1.630800, 185.956750, 3633.426635, -4.015307, 212.252738, 3729.977980, 6.082564, 190.418786, 3852.591764, 25.161862, 208.905509, 3923.728106, 14.906656, 222.577151, 4074.281277, 3.661001, 201.164038, 4134.646157, 21.196920, 229.189614, 4227.413338, -18.308972, 207.072047, 4348.333142, 10.882000, 216.284417, 4429.573244, -13.749015, 205.595267, 4571.045081, 22.865789, 226.557054, 4673.526231, -18.144435, 190.333094, 4750.763717, -11.063700, 215.746625, 4857.706787, 18.630800, 208.699876, 4931.597074, 19.461681, 191.397914, 5070.698595, 19.306072, 214.389843, 5136.847430, 31.054981, 203.378147, 5231.021814, -15.968534, 204.400143, 5354.618262, 9.467349, 234.613104, 5435.887479, 16.143393, 188.655589, 5558.007070, 12.751566, 230.852220, 5649.548921, 11.840943, 232.038768, 5756.406417, -11.832208, 188.766429, 5837.137832, 22.977335, 226.728220, 5962.362068, 31.677129, 213.981239, 6070.284324, 27.938859, 201.078676, 6149.658936, -9.650581, 199.925095, 6269.561475, -1.526015, 203.287475, 6338.946397, 30.195003, 232.085785, 6438.544286, -8.354432, 216.020532, 6543.724159, 26.755383, 196.563487, 6639.561148, 1.867444, 227.735370, 6736.584682, -16.162976, 183.694494, 6841.875531, -1.922404, 226.002853, 6933.588534, -13.997199, 225.471340, 7064.094171, -18.149743, 221.201565, 7130.157646, 8.611959, 230.881973, 7246.607057, 3.736559, 197.147726, 7366.418941, 19.785706, 195.133707, 7463.489509, -16.106857, 206.110245, 7544.494803, 4.720031, 200.657265, 7657.582648, 21.383928, 221.855420, 7750.302791, -16.468228, 225.023405, 7850.521678, 2.509978, 190.892772, 7941.509382, 13.201345, 196.226504, 8031.965470, 2.858674, 197.407535, 8169.691447, 10.119040, 225.350305, 8265.558200, -17.710751, 196.878242, 8327.690343, 25.810950, 184.455304, 8439.348539, 14.863648, 187.679724, 8561.983063, -15.078464, 211.730472, 8627.624858, 19.606944, 200.905809, 8766.004654, -4.527142, 203.768529, 8856.012854, 23.097334, 225.609543, 8963.429612, -9.830180, 206.602256, 9024.640546, -0.761946, 228.791867, 9138.572311, -5.507358, 206.702351, 9228.907411, -14.386010, 208.322521, 9342.310050, -9.592938, 201.924883, 9443.289811, 6.858234, 184.579636, 95