x coord, y coord, z coord, scalar
71.259483, -32.808916, 743.781291, 0
57.566807, -35.961460, 769.539991, 1
95.162441, -25.622186, 762.820915, 2
61.542565, -21.239282, 774.538943, 3
65.579424, -25.760839, 748.167937, 4
87.567264, 3.568798, 742.066852, 5
59.898274, -33.445554, 744.932595, 6
63.027765, -46.173872, 776.244488, 7
59.564627, -2.898158, 771.953489, 8
81.678222, -34.451861, 741.446321, 9
83.954006, -19.331213, 756.312846, 1092.692272, -17.903352, 768.026220, 1175.650059, -30.419461, 738.540619, 12103.428867, -25.015878, 764.975725, 1391.385924, -15.575468, 735.350303, 14104.510750, -35.686737, 735.054891, 1559.995761, -31.927337, 749.285012, 1669.885942, -25.038521, 750.787308, 1759.548593, -21.612831, 744.024094, 1896.459799, -47.613156, 757.247294, 19102.863421, -19.798112, 785.591401, 2072.593785, -34.784406, 763.824019, 21105.577643, -15.273022, 781.079638, 2257.535428, -19.522686, 752.199768, 2387.468857, -35.815410, 784.299468, 2487.777077, -38.983245, 744.748624, 2587.789887, -35.126405, 760.496635, 26102.032420, -21.379394, 783.133186, 2766.236790, -17.969733, 757.656462, 2875.218297, -29.188511, 757.718736, 2997.423355, -34.003665, 785.595403, 3096.432937, -17.548869, 746.946934, 3173.674872, -19.649753, 779.349112, 3268.172681, -18.253267, 755.962631, 3385.329931, -38.463003, 767.822070, 3483.047553, -6.824846, 776.514132, 3592.753751, -26.713601, 737.523378, 3666.668338, -32.359656, 763.819547, 3763.219678, -22.261728, 741.985882, 3885.833482, -3.182494, 760.472275, 3956.969815, -13.437693, 774.143833, 40107.522986, -24.683362, 752.730695, 4167.887868, -7.147431, 780.756282, 4260.655039, -46.653321, 758.638721, 4381.574853, -17.462354, 767.851237, 4462.814943, -42.093363, 757.161993, 45104.286792, -5.478566, 778.123684, 46106.767935, -46.488796, 741.899669, 4784.005421, -39.408056, 767.313356, 4890.948503, -9.713559, 760.266671, 4964.838808, -8.882642, 742.964774, 50103.940306, -9.038286, 765.956505, 5170.089150, 2.710633, 754.944873, 5264.263513, -44.312883, 755.966857, 5387.859971, -18.877005, 786.179759, 5469.129249, -12.200898, 740.222733, 5591.248780, -15.592788, 782.418883, 5682.790630, -16.503411, 783.605439, 5789.648107, -40.176578, 740.333075, 5870.379543, -5.367016, 778.294897, 5995.603782, 3.332774, 765.547895, 60103.526040, -0.405500, 752.645312, 6182.900628, -37.994943, 751.491988, 62102.803182, -29.870378, 754.854170, 6372.188108, 1.850651, 783.652425, 6471.785989, -36.698784, 767.587288, 6576.965890, -1.588968, 748.130311, 6672.802856, -26.476908, 779.302068, 6769.826367, -44.507325, 735.261024, 6875.117238, -30.266757, 777.569559, 6966.830240, -42.341551, 777.038003, 7097.335877, -46.494099, 772.768203, 7163.399355, -19.732392, 782.448641, 7279.848749, -24.607816, 748.715797, 7399.660660, -8.558660, 746.700387, 7496.731212, -44.451216, 757.676913, 7577.736505, -23.624326, 752.224895, 7690.824360, -6.960427, 773.422109, 7783.544497, -44.812582, 776.590064, 7883.763345, -25.834469, 742.460882, 7974.751128, -15.142992, 747.794459, 8065.207165, -25.485650, 748.974768, 81102.933157, -18.225316, 776.916956, 8298.799902, -46.055112, 748.444871, 8360.932068, -2.533386, 736.021850, 8472.590376, -13.480622, 739.247337, 8595.224767, -43.422822, 763.297147, 8660.866576, -8.737395, 752.472628, 8799.246359, -32.871505, 755.335250, 8889.254566, -5.247020, 777.176213, 8996.671315, -38.174541, 758.168964, 9057.882254, -29.106296, 780.358527, 9171.814009, -33.851708, 758.269273, 9262.149112, -42.730359, 759.889230, 9375.551741, -37.937292, 753.491798, 9476.531537, -21.486117, 736.145818, 95