x coord, y coord, z coord, scalar
45.901989, -5.634566, 223.564639, 0
32.209265, -8.787094, 249.323873, 1
69.804897, 1.552192, 242.604722, 2
36.185020, 5.935086, 254.322807, 3
40.221893, 1.413500, 227.951259, 4
62.209703, 30.743174, 221.850792, 5
34.540746, -6.271204, 224.716392, 6
37.670223, -18.999503, 256.028408, 7
34.207080, 24.276209, 251.737386, 8
56.320729, -7.277467, 221.229899, 9
58.596458, 7.843167, 236.096312, 1067.334726, 9.271023, 247.810046, 1150.292667, -3.245098, 218.323816, 1278.071323, 2.158499, 244.759612, 1366.028358, 11.598950, 215.134371, 1479.153211, -8.512354, 214.838915, 1534.638228, -4.752983, 229.068752, 1644.528409, 2.135829, 230.570425, 1734.191051, 5.561504, 223.807779, 1871.102260, -20.438781, 237.031212, 1977.505876, 7.376260, 265.375338, 2047.236246, -7.610037, 243.607777, 2180.220098, 11.901351, 260.863573, 2232.177883, 7.651668, 231.983499, 2362.111314, -8.641038, 264.083385, 2462.419552, -11.808860, 224.532432, 2562.432349, -7.952029, 240.280404, 2676.674875, 5.794978, 262.917116, 2740.879243, 9.204627, 237.440056, 2849.860761, -2.014141, 237.502262, 2972.065812, -6.829293, 265.379336, 3071.075387, 9.625524, 226.730705, 3148.317327, 7.524617, 259.132981, 3242.815133, 8.921092, 235.746118, 3359.972391, -11.288630, 247.605913, 3457.690006, 20.349525, 256.298011, 3567.396218, 0.460814, 217.307317, 3641.310799, -5.185290, 243.603315, 3737.862140, 4.912584, 221.769378, 3860.475929, 23.991880, 240.256083, 3931.612270, 13.736674, 253.927721, 4082.165442, 2.491018, 232.514606, 4142.530321, 20.026938, 260.540183, 4235.297501, -19.478955, 238.422616, 4356.217307, 9.712018, 247.634995, 4437.457407, -14.918997, 236.945839, 4578.929246, 21.695807, 257.907621, 4681.410396, -19.314419, 221.683658, 4758.647882, -12.233683, 247.097197, 4865.590952, 17.460818, 240.050452, 4939.481238, 18.291701, 222.748494, 5078.582759, 18.136089, 245.740412, 5144.731595, 29.885000, 234.728720, 5238.905977, -17.138517, 235.750715, 5362.502427, 8.297366, 265.963672, 5443.771643, 14.973418, 220.006183, 5565.891234, 11.581584, 262.202789, 5657.433085, 10.670960, 263.389337, 5764.290582, -13.002193, 220.116997, 5845.021996, 21.807353, 258.078789, 5970.246233, 30.507147, 245.331807, 6078.168489, 26.768876, 232.429244, 6157.543100, -10.820565, 231.275676, 6277.445640, -2.695998, 234.638046, 6346.830562, 29.025021, 263.436352, 6446.428450, -9.524415, 247.371106, 6551.608324, 25.585402, 227.914064, 6647.445312, 0.697461, 259.085940, 6744.468845, -17.332960, 215.045056, 6849.759695, -3.092387, 257.353424, 6941.472698, -15.167182, 256.821909, 7071.978335, -19.319726, 252.552132, 7138.041811, 7.441977, 262.232542, 7254.491222, 2.566574, 228.498371, 7374.303107, 18.615724, 226.484277, 7471.373673, -17.276840, 237.460814, 7552.378967, 3.550048, 232.007886, 7665.466813, 20.213946, 253.205990, 7758.186956, -17.638211, 256.373973, 7858.405846, 1.339988, 222.243420, 7949.393548, 12.031366, 227.577143, 8039.849632, 1.688693, 228.758135, 8177.575612, 8.949058, 256.700873, 8273.442365, -18.880734, 228.228809, 8335.574507, 24.640969, 215.805866, 8447.232706, 13.693678, 219.030345, 8569.867227, -16.248447, 243.081041, 8635.509022, 18.436962, 232.256387, 8773.888819, -5.697125, 235.119101, 8863.897019, 21.927352, 256.960112, 8971.313776, -11.000163, 237.952827, 9032.524711, -1.931928, 260.142436, 9146.456474, -6.677341, 238.052934, 9236.791574, -15.555993, 239.673092, 9350.194213, -10.762922, 233.275465, 9451.173976, 5.688253, 215.930178, 95