x coord, y coord, z coord, scalar
56.729656, -30.432750, 548.963449, 0
43.036968, -33.585294, 574.722352, 1
80.632601, -23.246017, 568.003247, 2
47.012726, -18.863115, 579.721297, 3
51.049590, -23.384677, 553.350085, 4
73.037421, 5.944966, 547.249235, 5
45.368440, -31.069390, 550.114924, 6
48.497926, -43.797705, 581.426863, 7
45.034788, -0.521992, 577.135856, 8
67.148392, -32.075686, 546.628567, 9
69.424166, -16.955044, 561.495049, 1078.162432, -15.527184, 573.208559, 1161.120253, -28.043286, 543.722719, 1288.899028, -22.639709, 570.158088, 1376.856077, -13.199292, 540.532735, 1489.980911, -33.310566, 540.237307, 1545.465925, -29.551172, 554.467319, 1655.356106, -22.662358, 555.969378, 1745.018757, -19.236671, 549.206380, 1881.929960, -45.236987, 562.429669, 1988.333581, -17.421945, 590.773783, 2058.063947, -32.408239, 569.006333, 2191.047803, -12.896854, 586.262019, 2243.005590, -17.146522, 557.382071, 2372.939018, -33.439242, 589.481842, 2473.247241, -36.607073, 549.930957, 2573.260049, -32.750236, 565.678953, 2687.502580, -19.003226, 588.315566, 2751.706951, -15.593568, 562.838714, 2860.688460, -26.812343, 562.900962, 2982.893516, -31.627497, 590.777784, 3081.903095, -15.172697, 552.129253, 3159.145032, -17.273586, 584.531468, 3253.642842, -15.877102, 561.144842, 3370.800092, -36.086835, 573.004416, 3468.517713, -4.448679, 581.696492, 3578.223911, -24.337424, 542.705761, 3652.138501, -29.983489, 569.001865, 3748.689844, -19.885572, 547.168096, 3871.303641, -0.806327, 565.654608, 3942.439976, -11.061527, 579.326196, 4092.993146, -22.307192, 557.913068, 4153.358028, -4.771264, 585.938650, 4246.125201, -44.277154, 563.821087, 4367.045013, -15.086187, 573.033550, 4448.285106, -39.717196, 562.344340, 4589.756952, -3.102398, 583.306066, 4692.238096, -44.112627, 547.082071, 4769.475583, -37.031888, 572.495701, 4876.418662, -7.337391, 565.448993, 4950.308965, -6.506482, 548.147074, 5089.410466, -6.662118, 571.138876, 5155.559308, 5.086799, 560.127221, 5249.733676, -41.936716, 561.149209, 5373.330132, -16.500838, 591.362132, 5454.599400, -9.824746, 545.404930, 5576.718940, -13.216620, 587.601253, 5668.260791, -14.127243, 588.787806, 5775.118271, -37.800407, 545.515451, 5855.849703, -2.990850, 583.477262, 5981.073942, 5.708941, 570.730267, 6088.996199, 1.970668, 557.827692, 6168.370792, -35.618773, 556.674276, 6288.273343, -27.494208, 560.036529, 6357.658269, 4.226818, 588.834803, 6457.256151, -34.322617, 572.769625, 6562.436047, 0.787198, 553.312623, 6658.273017, -24.100741, 584.484426, 6755.296532, -42.131157, 540.443442, 6860.587399, -27.890590, 582.751913, 6952.300401, -39.965384, 582.220373, 7082.806038, -44.117931, 577.950582, 7148.869516, -17.356225, 587.631009, 7265.318912, -22.231644, 553.897661, 7385.130818, -6.182490, 551.882751, 7482.201374, -42.075047, 562.859281, 7563.206667, -21.248158, 557.406917, 7676.294520, -4.584259, 578.604470, 7769.014659, -42.436415, 581.772435, 7869.233509, -23.458281, 547.642732, 7960.221282, -12.766830, 552.976364, 8050.677330, -23.109488, 554.156933, 8188.403318, -15.849148, 582.099330, 8284.270064, -43.678943, 553.627253, 8346.402227, -0.157223, 541.204262, 8458.060515, -11.104478, 544.429366, 8580.694928, -41.046654, 568.479513, 8646.336736, -6.361231, 557.654942, 8784.716520, -30.495336, 560.517599, 8874.724726, -2.870853, 582.358581, 8982.141477, -35.798372, 563.351318, 9043.352415, -26.730129, 585.540898, 9157.284172, -31.475540, 563.451550, 9247.619274, -40.354192, 565.071584, 9361.021905, -35.561124, 558.674077, 9462.001694, -19.109951, 541.328361, 95