x coord, y coord, z coord, scalar
25.806526, 4.844368, 63.242790, 0
12.113778, 1.691847, 89.002175, 1
49.709409, 12.031137, 82.283003, 2
16.089532, 16.414026, 94.001104, 3
20.126413, 11.892428, 67.629402, 4
42.114206, 41.222118, 61.529110, 5
14.445266, 4.207729, 64.394670, 6
17.574736, -8.520562, 95.706721, 7
14.111590, 34.755149, 91.415692, 8
36.225265, 3.201489, 60.908115, 9
38.500967, 18.322113, 75.774496, 10
47.239236, 19.749967, 87.488331, 11
30.197254, 7.233849, 58.001924, 12
57.975834, 12.637443, 84.437916, 13
45.932855, 22.077915, 54.812725, 14
59.057724, 1.966595, 54.517257, 15
14.542746, 5.725951, 68.747013, 16
24.432927, 12.614762, 70.248510, 17
14.095565, 16.040429, 63.486026, 18
51.006773, -9.959836, 76.709523, 19
57.410387, 17.855203, 105.053655, 2027.140761, 2.868904, 83.286044, 21
60.124608, 22.380294, 100.541890, 2212.082394, 18.130601, 71.661758, 23
42.015826, 1.837904, 103.761697, 2442.324073, -1.329910, 64.210712, 25
42.336863, 2.526916, 79.958674, 26
56.579386, 16.273921, 102.595432, 2720.783753, 19.683564, 77.118277, 28
29.765277, 8.464800, 77.180463, 29
51.970323, 3.649650, 105.057653, 3050.979894, 20.104476, 66.408976, 31
28.221838, 18.003558, 98.811279, 32
22.719643, 19.400028, 75.424308, 33
39.876904, -0.809687, 87.284203, 34
37.594515, 30.828467, 95.976312, 35
47.300733, 10.939779, 56.985634, 36
21.215313, 5.293650, 83.281584, 37
17.766658, 15.391498, 61.447571, 38
40.380436, 34.470823, 79.934364, 39
11.516780, 24.215614, 93.606024, 40
62.069953, 12.969965, 72.192916, 41
22.434832, 30.505879, 100.218490, 4215.202016, -9.000014, 78.100922, 43
36.121817, 20.190960, 87.313261, 44
17.361923, -4.440058, 76.624131, 45
58.833756, 32.174749, 97.585938, 46
61.314909, -8.835473, 61.361990, 47
38.552395, -1.754740, 86.775488, 48
45.495460, 27.939763, 79.728725, 49
19.385738, 28.770629, 62.426749, 50
58.487269, 28.615033, 85.418721, 51
24.636101, 40.363939, 74.407011, 52
18.810493, -6.659577, 75.429010, 53
42.406937, 18.776309, 105.641983, 5423.676127, 25.452330, 59.684363, 55
45.795745, 22.060526, 101.881097, 5637.337596, 21.149902, 103.067643, 5744.195102, -2.523242, 59.795310, 58
24.926506, 32.286294, 97.757094, 59
50.150742, 40.986090, 85.010118, 60
58.072997, 37.247821, 72.107559, 61
37.447619, -0.341619, 70.953923, 62
57.350152, 7.782949, 74.316346, 63
26.735072, 39.503962, 103.114667, 6426.332963, 0.954527, 87.049390, 65
31.512825, 36.064342, 67.592329, 66
27.349823, 11.176403, 98.764239, 67
24.373368, -6.854020, 54.723400, 68
29.664207, 7.386555, 97.031721, 69
21.377211, -4.688241, 96.500217, 70
51.882848, -8.840783, 92.230447, 71
17.946322, 17.920918, 101.910849, 7234.395740, 13.045526, 68.176304, 73
54.207613, 29.094671, 66.162581, 74
51.278187, -6.797895, 77.139122, 75
32.283481, 14.028992, 71.685936, 76
45.371323, 30.692889, 92.884291, 77
38.091468, -7.159269, 96.052282, 78
38.310375, 11.818975, 61.921342, 79
29.298042, 22.510300, 67.255106, 80
19.754150, 12.167621, 68.436291, 81
57.480123, 19.428001, 96.379185, 82
53.346879, -8.401789, 67.907126, 83
15.479011, 35.119903, 55.484206, 84
27.137159, 24.172578, 58.708399, 85
49.771740, -5.769503, 82.759346, 86
15.413530, 28.915897, 71.934654, 87
53.793332, 4.781822, 74.797394, 88
43.801529, 32.406294, 96.638418, 89
51.218289, -0.521218, 77.631124, 90
12.429222, 8.547013, 99.820745, 91
26.360991, 3.801600, 77.731173, 92
16.696089, -5.077053, 79.351388, 93
30.098732, -0.283979, 72.953706, 94
31.078479, 16.167194, 55.608616, 95
