x coord, y coord, z coord, scalar
45.353664, -17.227932, 352.437159, 0
31.660957, -20.380470, 378.196263, 1
69.256589, -10.041189, 371.477130, 2
35.636713, -5.658292, 383.195202, 3
39.673584, -10.179865, 356.823785, 4
61.661401, 19.149792, 350.723168, 5
33.992434, -17.864573, 353.588803, 6
37.121915, -30.592881, 384.900789, 7
33.658774, 12.682831, 380.609773, 8
55.772400, -18.870850, 350.102363, 9
58.048151, -3.750216, 364.968803, 1066.786418, -2.322358, 376.682449, 1149.744302, -14.838459, 347.196372, 1277.523015, -9.434882, 373.632001, 1365.480054, 0.005551, 344.006716, 1478.604900, -20.105736, 343.711271, 1534.089918, -16.346354, 357.941176, 1643.980099, -9.457541, 359.443000, 1733.642746, -6.031861, 352.680217, 1870.553950, -32.032161, 365.903593, 1976.957568, -4.217119, 394.247715, 2046.687937, -19.203415, 372.480197, 2179.671790, 0.307972, 389.735950, 2231.629577, -3.941704, 360.855926, 2361.563006, -20.234417, 392.955767, 2461.871236, -23.402242, 353.404840, 2561.884038, -19.545409, 369.152822, 2676.126568, -5.798401, 391.789495, 2740.330938, -2.388748, 366.312516, 2849.312451, -13.607519, 366.374738, 2971.517504, -18.422672, 394.251714, 3070.527080, -1.967864, 355.603122, 3147.769019, -4.068762, 388.005375, 3242.266828, -2.672283, 364.618604, 3359.424081, -22.882009, 376.478312, 3457.141699, 8.756146, 385.170402, 3566.847902, -11.132580, 346.179693, 3640.762490, -16.778666, 372.475733, 3737.313836, -6.680771, 350.641861, 3859.927624, 12.398499, 369.128491, 3931.063963, 2.143296, 382.800110, 4081.617134, -9.102364, 361.386989, 4141.982014, 8.433560, 389.412569, 4234.749191, -31.072331, 367.295003, 4355.669000, -1.881362, 376.507415, 4436.909097, -26.512373, 365.818238, 4578.380939, 10.102427, 386.779998, 4680.862085, -30.907799, 350.556022, 4758.099572, -23.827062, 375.969597, 4865.042647, 5.867436, 368.922866, 4938.932943, 6.698330, 351.620923, 5078.034452, 6.542709, 374.612796, 5144.183291, 18.291621, 363.601118, 5238.357667, -28.731893, 364.623111, 5361.954119, -3.296013, 394.836055, 5443.223364, 3.380054, 348.878678, 5565.342927, -0.011795, 391.075173, 5656.884778, -0.922419, 392.261723, 5763.742265, -24.595575, 348.989377, 5844.473690, 10.213974, 386.951177, 5969.697927, 18.913767, 374.204190, 6077.620183, 15.175495, 361.301622, 6156.994786, -22.413945, 360.148113, 6276.897330, -14.289380, 363.510437, 6346.282255, 17.431643, 392.308731, 6445.880140, -21.117792, 376.243512, 6551.060025, 13.992022, 356.786486, 6646.897004, -10.895917, 387.958333, 6743.920529, -28.926334, 343.917410, 6849.211387, -14.685765, 386.225818, 6940.924390, -26.760560, 385.694293, 7071.430027, -30.913105, 381.424511, 7137.493503, -4.151401, 391.104927, 7253.942906, -9.026811, 357.371078, 7373.754801, 7.022339, 355.356665, 7470.825363, -28.870220, 366.333200, 7551.830657, -8.043331, 360.880492, 7664.918506, 8.620566, 382.078380, 7757.638647, -29.231590, 385.246357, 7857.857512, -10.253419, 351.116135, 7948.845255, 0.437989, 356.449822, 8039.301323, -9.904674, 357.630650, 8177.027304, -2.644322, 385.573255, 8272.894054, -30.474115, 357.101185, 8335.026208, 13.047595, 344.678224, 8446.684453, 2.100314, 347.902946, 8569.318917, -27.841827, 371.953428, 8634.960720, 6.843588, 361.128806, 8773.340509, -17.290507, 363.991499, 8863.348712, 10.333972, 385.832498, 8970.765466, -22.593544, 366.825222, 9031.976403, -13.525306, 389.014819, 9145.908163, -18.270717, 366.925377, 9236.243265, -27.149369, 368.545487, 9349.645899, -22.356299, 362.147907, 9450.625675, -5.905127, 344.802453, 95