x coord, y coord, z coord, scalar
45.829899, -19.860700, 322.314481, 0
32.137191, -23.013236, 348.073616, 1
69.732824, -12.673954, 341.354479, 2
36.112948, -8.291057, 353.072553, 3
40.149817, -12.812631, 326.701105, 4
62.137636, 16.517028, 320.600524, 5
34.468668, -20.497339, 323.466151, 6
37.598150, -33.225646, 354.778144, 7
34.135009, 10.050066, 350.487126, 8
56.248637, -21.503617, 319.979698, 9
58.524386, -6.382980, 334.846132, 1067.262653, -4.955123, 346.559799, 1150.220540, -17.471231, 317.073685, 1277.999250, -12.067647, 343.509354, 1365.956290, -2.627212, 313.884079, 1479.081136, -22.738502, 313.588632, 1534.566152, -18.979120, 327.818521, 1644.456333, -12.090307, 329.320309, 1734.118980, -8.664627, 322.557559, 1871.030185, -34.664926, 335.780948, 1977.433803, -6.849885, 364.125070, 2047.164172, -21.836180, 342.357543, 2180.148025, -2.324793, 359.613306, 2232.105811, -6.574470, 330.733270, 2362.039241, -22.867182, 362.833121, 2462.347472, -26.035008, 323.282188, 2562.360274, -22.178174, 339.030168, 2676.602803, -8.431166, 361.666850, 2740.807172, -5.021513, 336.189852, 2849.788686, -16.240284, 336.252070, 2971.993739, -21.055437, 364.129070, 3071.003315, -4.600628, 325.480469, 3148.245254, -6.701527, 357.882727, 3242.743062, -5.305048, 334.495934, 3359.900316, -25.514775, 346.355663, 3457.617934, 6.123381, 355.047754, 3567.324139, -13.765345, 316.057049, 3641.238725, -19.411432, 342.353079, 3737.790069, -9.313538, 320.519192, 3860.403859, 9.765734, 339.005840, 3931.540198, -0.489469, 352.677463, 4082.093369, -11.735129, 331.264344, 4142.458249, 5.800795, 359.289922, 4235.225426, -33.705097, 337.172357, 4356.145235, -4.514127, 346.384760, 4437.385332, -29.145139, 335.695588, 4578.857174, 7.469662, 356.657353, 4681.338321, -33.540564, 320.433381, 4758.575807, -26.459827, 345.846948, 4865.518882, 3.234672, 338.800213, 4939.409176, 4.065566, 321.498267, 5078.510687, 3.909944, 344.490150, 5144.659526, 15.658857, 333.478469, 5238.833902, -31.364659, 334.500462, 5362.430354, -5.928778, 364.713409, 5443.699596, 0.747291, 318.756006, 5565.819162, -2.644560, 360.952527, 5657.361013, -3.555184, 362.139077, 5764.218501, -27.228341, 318.866732, 5844.949925, 7.581209, 356.828530, 5970.174162, 16.281002, 344.081545, 6078.096418, 12.542730, 331.178977, 6157.471021, -25.046711, 330.025455, 6277.373566, -16.922145, 333.387790, 6346.758490, 14.798877, 362.186087, 6446.356375, -23.750558, 346.120861, 6551.536260, 11.359257, 326.663831, 6647.373239, -13.528682, 357.835685, 6744.396764, -31.559101, 313.794771, 6849.687622, -17.318531, 356.103170, 6941.400625, -29.393325, 355.571647, 7071.906262, -33.545870, 351.301867, 7137.969738, -6.784166, 360.982281, 7254.419142, -11.659576, 327.248356, 7374.231037, 4.389575, 325.234019, 7471.301598, -31.502986, 336.210554, 7552.306892, -10.676097, 330.757794, 7665.394741, 5.987801, 351.955733, 7758.114882, -31.864355, 355.123711, 7858.333752, -12.886185, 320.993411, 7949.321488, -2.194775, 326.327107, 8039.777557, -12.537440, 327.507973, 8177.503539, -5.277087, 355.450610, 8273.370289, -33.106880, 326.978541, 8335.502441, 10.414830, 314.555584, 8447.160683, -0.532447, 317.780249, 8569.795152, -30.474592, 341.830782, 8635.436954, 4.210823, 331.006152, 8773.816744, -19.923272, 333.868850, 8863.824947, 7.701207, 355.709852, 8971.241701, -25.226309, 336.702574, 9032.452638, -16.158071, 358.892174, 9146.384398, -20.903483, 336.802717, 9236.719499, -29.782135, 338.422839, 9350.122135, -24.989065, 332.025248, 9451.101909, -8.537892, 314.679833, 95