x coord, y coord, z coord, scalar
60.610515, -27.579016, 498.771328, 0
46.917823, -30.731554, 524.530282, 1
84.513457, -20.392276, 517.811170, 2
50.893581, -16.009375, 529.529226, 3
54.930444, -20.530942, 503.157961, 4
76.918275, 8.798708, 497.057171, 5
49.249295, -28.215653, 499.922846, 6
52.378782, -40.943965, 531.234797, 7
48.915642, 2.331748, 526.943788, 8
71.029255, -29.221946, 496.436467, 9
73.305021, -14.101302, 511.302939, 1082.043287, -12.673443, 523.016484, 1165.001125, -25.189558, 493.530583, 1292.779883, -19.785968, 519.966019, 1380.736934, -10.345544, 490.340683, 1493.861768, -30.456825, 490.045251, 1549.346781, -26.697434, 504.275236, 1659.236961, -19.808620, 505.777234, 1748.899610, -16.382935, 499.014291, 1885.810816, -42.383247, 512.237603, 1992.214436, -14.568204, 540.581718, 2061.944803, -29.554499, 518.814251, 2194.928659, -10.043113, 536.069954, 2246.886443, -14.292783, 507.189987, 2376.819874, -30.585501, 539.289776, 2477.128099, -33.753333, 499.738880, 2577.140905, -29.896496, 515.486872, 2691.383436, -16.149486, 538.123501, 2755.587805, -12.739828, 512.646616, 2864.569316, -23.958603, 512.708857, 2986.774372, -28.773757, 540.585719, 3085.783952, -12.318954, 501.937173, 3163.025887, -14.419845, 534.339397, 3257.523696, -13.023363, 510.952734, 3374.680948, -33.233094, 522.812342, 3472.398568, -1.594938, 531.504422, 3582.104771, -21.483679, 492.513696, 3656.019356, -27.129750, 518.809784, 3752.570696, -17.031839, 496.975989, 3875.184495, 2.047415, 515.462531, 3946.320831, -8.207786, 529.134127, 4096.874002, -19.453451, 507.721001, 4157.238883, -1.917524, 535.746582, 4250.006057, -41.423415, 513.629019, 4370.925868, -12.232446, 522.841469, 4452.165962, -36.863457, 512.152267, 4593.637808, -0.248658, 533.114002, 4696.118953, -41.258886, 496.890012, 4773.356439, -34.178147, 522.303628, 4880.299517, -4.483649, 515.256914, 4954.189816, -3.652743, 497.954988, 5093.291322, -3.808377, 520.946808, 5159.440162, 7.940540, 509.935147, 5253.614532, -39.082977, 510.957137, 5377.210987, -13.647097, 541.170065, 5458.480244, -6.971007, 495.212818, 5580.599795, -10.362880, 537.409186, 5672.141646, -11.273503, 538.595738, 5778.999129, -34.946666, 495.323385, 5859.730558, -0.137109, 533.285193, 5984.954797, 8.562683, 520.538201, 6092.877054, 4.824410, 507.635627, 6172.251649, -32.765033, 506.482187, 6292.154199, -24.640467, 509.844458, 6361.539124, 7.080559, 538.642738, 6461.137007, -31.468876, 522.577549, 6566.316899, 3.640940, 503.120541, 6662.153872, -21.247001, 534.292355, 6759.177390, -39.277419, 490.251387, 6864.468255, -25.036849, 532.559842, 6956.181257, -37.111644, 532.028306, 7086.686894, -41.264190, 527.758517, 7152.750371, -14.502484, 537.438942, 7269.199771, -19.377902, 503.705464, 7389.011673, -3.328748, 501.690682, 7486.082230, -39.221307, 512.667214, 7567.087523, -18.394417, 507.214761, 7680.175375, -1.730518, 528.412400, 7772.895514, -39.582674, 531.580368, 7873.114377, -20.604534, 497.450531, 7964.102132, -9.913088, 502.784178, 8054.558184, -20.255751, 503.964813, 8192.284173, -12.995407, 531.907264, 8288.150921, -40.825202, 503.435189, 8350.283079, 2.696517, 491.012205, 8461.941350, -8.250735, 494.237211, 8584.575784, -38.192913, 518.287444, 8650.217589, -3.507491, 507.462860, 8788.597377, -27.641594, 510.325527, 8878.605581, -0.017112, 532.166513, 8986.022333, -32.944631, 513.159247, 9047.233270, -23.876389, 535.348831, 9161.165028, -28.621801, 513.259459, 9251.500130, -37.500453, 514.879512, 9364.902763, -32.707384, 508.481987, 9465.882548, -16.256209, 491.136338, 95