x coord, y coord, z coord, scalar
70.719132, -38.410486, 789.402639, 0
57.026461, -41.563033, 815.161291, 1
94.622095, -31.223760, 808.442221, 2
61.002220, -26.840855, 820.160245, 3
65.039078, -31.362408, 793.789287, 4
87.026921, -2.032776, 787.688146, 5
59.357928, -39.047125, 790.553903, 6
62.487420, -51.775445, 821.865784, 7
59.024283, -8.499731, 817.574788, 8
81.137870, -40.053437, 787.067649, 9
83.413662, -24.932788, 801.934183, 1092.151927, -23.504926, 813.647525, 1175.109696, -36.021031, 784.161980, 12102.888522, -30.617452, 810.597025, 1390.845581, -21.177048, 780.971587, 14103.970404, -41.288311, 780.676179, 1559.455415, -37.528908, 794.906325, 1669.345595, -30.640092, 796.408677, 1759.008249, -27.214400, 789.645412, 1895.919453, -53.214730, 802.868591, 19102.323075, -25.399686, 831.212696, 2072.053439, -40.385979, 809.445330, 21105.037298, -20.874595, 826.700933, 2256.995083, -25.124257, 797.821081, 2386.928512, -41.416983, 829.920765, 2487.236729, -44.584820, 790.369931, 2587.249541, -40.727979, 806.117945, 26101.492075, -26.980968, 828.754482, 2765.696446, -23.571305, 803.277788, 2874.677951, -34.790084, 803.340069, 2996.883010, -39.605238, 831.216699, 3095.892593, -23.150445, 792.568245, 3173.134527, -25.251326, 824.970414, 3267.632337, -23.854839, 801.583967, 3384.789585, -44.064577, 813.443373, 3482.507208, -12.426420, 822.135432, 3592.213404, -32.315180, 783.144673, 3666.127993, -37.961229, 809.440857, 3762.679333, -27.863293, 787.607217, 3885.293137, -8.784068, 806.093582, 3956.429471, -19.039266, 819.765133, 40106.982641, -30.284936, 798.351993, 4167.347523, -12.749004, 826.377580, 4260.114693, -52.254894, 804.260020, 4381.034508, -23.063928, 813.472548, 4462.274597, -47.694935, 802.783296, 45103.746447, -11.080140, 823.744980, 46106.227589, -52.090370, 787.520960, 4783.465076, -45.009629, 812.934659, 4890.408159, -15.315133, 805.887980, 4964.298467, -14.484213, 788.586089, 50103.399961, -14.639860, 811.577803, 5169.548806, -2.890940, 800.566176, 5263.723167, -49.914456, 801.588159, 5387.319626, -24.478578, 831.801056, 5468.588912, -17.802465, 785.844072, 5590.708435, -21.194361, 828.040181, 5682.250285, -22.104984, 829.226738, 5789.107759, -45.778153, 785.954371, 5869.839198, -10.968590, 823.916196, 5995.063437, -2.268800, 811.169192, 60102.985695, -6.007074, 798.266607, 6182.360280, -43.596517, 797.113306, 62102.262836, -35.471952, 800.475471, 6371.647763, -3.750922, 829.273721, 6471.245644, -42.300357, 813.208594, 6576.425548, -7.190541, 793.751623, 6672.262510, -32.078482, 824.923370, 6769.286019, -50.108897, 780.882311, 6874.576893, -35.868330, 823.190860, 6966.289895, -47.943124, 822.659301, 7096.795532, -52.095672, 818.389499, 7162.859010, -25.333965, 828.069940, 7279.308402, -30.209392, 794.337215, 7399.120316, -14.160235, 792.321687, 7496.190866, -50.052790, 803.298211, 7577.196159, -29.225900, 797.846275, 7690.284015, -12.562000, 819.043409, 7783.004152, -50.414156, 822.211362, 7883.222992, -31.436052, 788.082303, 7974.210787, -20.744564, 793.415867, 8064.666819, -31.087220, 794.596114, 81102.392812, -23.826889, 822.538253, 8298.259556, -51.656686, 794.066166, 8360.391726, -8.134957, 781.643138, 8472.050047, -19.082188, 784.868716, 8594.684421, -49.024396, 808.918446, 8660.326232, -14.338967, 798.093939, 8798.706014, -38.473080, 800.956553, 8888.714221, -10.848594, 822.797512, 8996.130969, -43.776115, 803.790266, 9057.341909, -34.707869, 825.979825, 9171.273663, -39.453280, 803.890593, 9261.608766, -48.331932, 805.510532, 9375.011394, -43.538865, 799.113117, 9475.991194, -27.087691, 781.767075, 95