x coord, y coord, z coord, scalar
71.310543, -36.774766, 774.043575, 0
57.617870, -39.927312, 799.802243, 1
95.213504, -29.588038, 793.083172, 2
61.593628, -25.205133, 804.801197, 3
65.630486, -29.726688, 778.430223, 4
87.618328, -0.397054, 772.329101, 5
59.949336, -37.411404, 775.194852, 6
63.078828, -50.139724, 806.506738, 7
59.615691, -6.864010, 802.215741, 8
81.729281, -38.417715, 771.708592, 9
84.005070, -23.297066, 786.575123, 1092.743335, -21.869205, 798.288475, 1175.701110, -34.385312, 768.802912, 12103.479931, -28.981730, 795.237978, 1391.436990, -19.541324, 765.612545, 14104.561813, -39.652589, 765.317136, 1560.046824, -35.893187, 779.547273, 1669.937004, -29.004372, 781.049606, 1759.599657, -25.578680, 774.286358, 1896.510861, -51.579008, 787.509545, 19102.914484, -23.763964, 815.853650, 2072.644848, -38.750258, 794.086278, 21105.628706, -19.238874, 811.341887, 2257.586491, -23.488536, 782.462029, 2387.519921, -39.781261, 814.561718, 2487.828138, -42.949098, 775.010881, 2587.840950, -39.092257, 790.758894, 26102.083483, -25.345246, 813.395436, 2766.287854, -21.935584, 787.918732, 2875.269360, -33.154362, 787.981010, 2997.474419, -37.969517, 815.857652, 3096.484001, -21.514722, 777.209194, 3173.725935, -23.615605, 809.611366, 3268.223745, -22.219118, 786.224907, 3385.380994, -42.428855, 798.084324, 3483.098616, -10.790698, 806.776384, 3592.804813, -30.679457, 767.785627, 3666.719401, -36.325507, 794.081806, 3763.270741, -26.227574, 772.248157, 3885.884546, -7.148346, 790.734532, 3957.020879, -17.403545, 804.406085, 40107.574050, -28.649214, 782.992946, 4167.938931, -11.113283, 811.018533, 4260.706102, -50.619173, 788.900972, 4381.625917, -21.428206, 798.113496, 4462.866006, -46.059214, 787.424247, 45104.337856, -9.444418, 808.385934, 46106.818998, -50.454648, 772.161915, 4784.056484, -43.373908, 797.575610, 4890.999567, -13.679411, 790.528929, 4964.889874, -12.848492, 773.227037, 50103.991370, -13.004138, 796.218756, 5170.140214, -1.255219, 785.207128, 5264.314575, -48.278734, 786.229111, 5387.911035, -22.842857, 816.442010, 5469.180318, -16.166746, 770.485011, 5591.299843, -19.558640, 812.681134, 5682.841694, -20.469263, 813.867691, 5789.699169, -44.142431, 770.595325, 5870.430607, -9.332868, 808.557149, 5995.654846, -0.633078, 795.810145, 60103.577103, -4.371353, 782.907561, 6182.951690, -41.960796, 781.754253, 62102.854245, -33.836231, 785.116423, 6372.239172, -2.115200, 813.914674, 6471.837052, -40.664636, 797.849545, 6577.016956, -5.554819, 778.392572, 6672.853919, -30.442760, 809.564322, 6769.877428, -48.473176, 765.523267, 6875.168302, -34.232609, 807.831812, 6966.881303, -46.307403, 807.300254, 7097.386940, -50.459951, 803.030453, 7163.450419, -23.698243, 812.710893, 7279.899811, -28.573670, 778.978128, 7399.711724, -12.524513, 776.962639, 7496.782275, -48.417068, 787.939164, 7577.787568, -27.590178, 782.487200, 7690.875424, -10.926279, 803.684361, 7783.595560, -48.778434, 806.852315, 7883.814404, -29.800328, 772.723214, 7974.802194, -19.108843, 778.056783, 8065.258227, -29.451499, 779.237051, 81102.984221, -22.191168, 807.179206, 8298.850965, -50.020964, 778.707120, 8360.983133, -6.499236, 766.284094, 8472.641450, -17.446468, 769.509642, 8595.275830, -47.388674, 793.559398, 8660.917640, -12.703246, 782.734887, 8799.297422, -36.837358, 785.597504, 8889.305630, -9.212872, 807.438465, 8996.722378, -42.140393, 788.431218, 9057.933317, -33.072148, 810.620778, 9171.865071, -37.817559, 788.531539, 9262.200175, -46.696210, 790.151484, 9375.602803, -41.903144, 783.754063, 9476.582602, -25.451969, 766.408042, 95