x coord, y coord, z coord, scalar
60.737133, -21.796538, 462.722688, 0
47.044435, -24.949074, 488.481680, 1
84.640069, -14.609794, 481.762562, 2
51.020192, -10.226895, 493.480622, 3
55.057057, -14.748465, 467.109319, 4
77.044884, 14.581190, 461.008572, 5
49.375908, -22.433175, 463.874237, 6
52.505394, -35.161484, 495.186197, 7
49.042253, 8.114229, 490.895186, 8
71.155873, -23.439463, 460.387844, 9
73.431632, -8.318820, 475.254307, 1082.169898, -6.890962, 486.967878, 1165.127755, -19.407079, 457.481933, 1292.906495, -14.003487, 483.917417, 1380.863543, -4.563058, 454.292093, 1493.988380, -24.674343, 453.996658, 1549.473393, -20.914956, 468.226623, 1659.363574, -14.026142, 469.728578, 1749.026221, -10.600458, 462.965675, 1885.937428, -36.600765, 476.189002, 1992.341048, -8.785723, 504.533119, 2062.071415, -23.772018, 482.765640, 2195.055270, -4.260632, 500.021355, 2247.013054, -8.510305, 471.141374, 2376.946485, -24.803021, 503.241176, 2477.254713, -27.970850, 463.690272, 2577.267517, -24.114014, 479.438262, 2691.510047, -10.367005, 502.074901, 2755.714416, -6.957349, 476.597993, 2864.695928, -18.176123, 476.660230, 2986.900983, -22.991276, 504.537120, 3085.910562, -6.536470, 465.888562, 3163.152499, -8.637365, 498.290794, 3257.650306, -7.240883, 474.904104, 3374.807560, -27.450614, 486.763737, 3472.525179, 4.187543, 495.455819, 3582.231384, -15.701193, 456.465098, 3656.145968, -21.347270, 482.761173, 3752.697307, -11.249366, 460.927359, 3875.311105, 7.829896, 479.413923, 3946.447442, -2.425306, 493.085525, 4097.000614, -13.670969, 471.672400, 4157.365494, 3.864957, 499.697981, 4250.132669, -35.640935, 477.580417, 4371.052480, -6.449965, 486.792857, 4452.292574, -31.080977, 476.103662, 4593.764419, 5.533823, 497.065403, 4696.245565, -35.476404, 460.841416, 4773.483051, -28.395666, 486.255022, 4880.426128, 1.298833, 479.208304, 4954.316423, 2.129735, 461.906374, 5093.417933, 1.974105, 484.898207, 5159.566772, 13.723020, 473.886542, 5253.741144, -33.300497, 474.908532, 5377.337598, -7.864616, 505.121465, 5458.606847, -1.188533, 459.164186, 5580.726407, -4.580399, 501.360584, 5672.268257, -5.491022, 502.547136, 5779.125743, -29.164183, 459.274785, 5859.857169, 5.645372, 497.236591, 5985.081407, 14.345164, 484.489600, 6093.003664, 10.606891, 471.587028, 6172.378263, -26.982552, 470.433571, 6292.280810, -18.857985, 473.795855, 6361.665735, 12.863040, 502.594138, 6461.263619, -25.686396, 486.528942, 6566.443508, 9.423421, 467.071929, 6662.280483, -15.464520, 498.243752, 6759.304004, -33.494940, 454.202795, 6864.594866, -19.254369, 496.511238, 6956.307868, -31.329163, 495.979705, 7086.813506, -35.481709, 491.709918, 7152.876982, -8.720004, 501.390340, 7269.326385, -13.595419, 467.656770, 7389.138284, 2.453735, 465.642080, 7486.208842, -33.438825, 476.618612, 7567.214135, -12.611936, 471.166096, 7680.301986, 4.051963, 492.363797, 7773.022126, -33.800194, 495.531767, 7873.240994, -14.822043, 461.401835, 7964.228739, -4.130608, 466.735492, 8054.684797, -14.473274, 467.916175, 8192.410784, -7.212926, 495.858664, 8288.277533, -35.042720, 467.386590, 8350.409688, 8.478996, 454.963612, 8462.067945, -2.468262, 458.188547, 8584.702396, -32.410432, 482.238842, 8650.344199, 2.274988, 471.414249, 8788.723989, -21.859112, 474.276922, 8878.732192, 5.765369, 496.117911, 8986.148945, -27.162149, 477.110643, 9047.359882, -18.093909, 499.300230, 9161.291641, -22.839321, 477.210840, 9251.626742, -31.717973, 478.830908, 9365.029376, -26.924904, 472.433369, 9466.009157, -10.473729, 455.087768, 95