x coord, y coord, z coord, scalar
25.692347, 0.586261, 44.187616, 0
11.999599, -2.566257, 69.947016, 1
49.595230, 7.773034, 63.227842, 2
15.975352, 12.155922, 74.945945, 3
20.012232, 7.634323, 48.574227, 4
42.000027, 36.964016, 42.473954, 5
14.331086, -0.050376, 45.339509, 6
17.460557, -12.778666, 76.651564, 7
13.997410, 30.497046, 72.360534, 8
36.111089, -1.056617, 41.852947, 9
38.386789, 14.064010, 56.719326, 10
47.125057, 15.491863, 68.433171, 11
30.083078, 2.975736, 38.946745, 12
57.861655, 8.379340, 65.382757, 13
45.818678, 17.819814, 35.757572, 14
58.943546, -2.291509, 35.462103, 15
14.428566, 1.467847, 49.691850, 16
24.318747, 8.356657, 51.193329, 17
13.981384, 11.782324, 44.430861, 18
50.892595, -14.217940, 57.654366, 19
57.296208, 13.597099, 85.998498, 20
27.026582, -1.389200, 64.230882, 21
60.010429, 18.122191, 81.486733, 22
11.968214, 13.872497, 52.606595, 23
41.901647, -2.420199, 84.706539, 24
42.209895, -5.588014, 45.155552, 25
42.222684, -1.731188, 60.903513, 26
56.465207, 12.015818, 83.540274, 27
20.669573, 15.425460, 58.063109, 28
29.651098, 4.206696, 58.125293, 29
51.856144, -0.608454, 86.002496, 30
50.865716, 15.846373, 47.353814, 31
28.107659, 13.745455, 79.756120, 32
22.605463, 15.141924, 56.369138, 33
39.762725, -5.067791, 68.229044, 34
37.480336, 26.570364, 76.921153, 35
47.186556, 6.681675, 37.930478, 36
21.101133, 1.035546, 64.226422, 37
17.652475, 11.133392, 42.392401, 38
40.266257, 30.212720, 60.879203, 39
11.402601, 19.957510, 74.550866, 40
61.955774, 8.711861, 53.137759, 41
22.320652, 26.247776, 81.163332, 42
15.087837, -13.258118, 59.045764, 43
36.007638, 15.932857, 68.258099, 44
17.247744, -8.698162, 57.568971, 45
58.719577, 27.916646, 78.530781, 46
61.200730, -13.093577, 42.306835, 47
38.438216, -6.012844, 67.720328, 48
45.381281, 23.681660, 60.673563, 49
19.271557, 24.512526, 43.371586, 50
58.373090, 24.356930, 66.363563, 51
24.521921, 36.105836, 55.351852, 52
18.696314, -10.917681, 56.373851, 53
42.292758, 14.518205, 86.586825, 54
23.561943, 21.194228, 40.629192, 55
45.681566, 17.802423, 82.825939, 56
37.223417, 16.891799, 84.012485, 57
44.080924, -6.781347, 40.740153, 58
24.812327, 28.028191, 78.701935, 59
50.036563, 36.727987, 65.954960, 60
57.958818, 32.989718, 53.052402, 61
37.333441, -4.599723, 51.898758, 62
57.235973, 3.524845, 55.261187, 63
26.620893, 35.245859, 84.059509, 64
26.218784, -3.303577, 67.994229, 65
31.398645, 31.806240, 48.537167, 66
27.235644, 6.918299, 79.709080, 67
24.259189, -11.112125, 35.668246, 68
29.550028, 3.128451, 77.976562, 69
21.263032, -8.946344, 77.445059, 70
51.768669, -13.098886, 73.175290, 71
17.832143, 13.662814, 82.855691, 72
34.281562, 8.787422, 49.121106, 73
54.093435, 24.836569, 47.107423, 74
51.164008, -11.055999, 58.083964, 75
32.169303, 9.770889, 52.630751, 76
45.257144, 26.434785, 73.829133, 77
37.977289, -11.417372, 76.997125, 78
38.196202, 7.560871, 42.866143, 79
29.183861, 18.252198, 48.199912, 80
19.639970, 7.909516, 49.381117, 81
57.365944, 15.169898, 77.324028, 82
53.232701, -12.659892, 48.851969, 83
15.364830, 30.861800, 36.429051, 84
27.022972, 19.914480, 39.653215, 85
49.657561, -10.027607, 63.704188, 86
15.299349, 24.657794, 52.879491, 87
53.679153, 0.523718, 55.742235, 88
43.687350, 28.148191, 77.583260, 89
51.104111, -4.779321, 58.575965, 90
12.315043, 4.288909, 80.765587, 91
26.246811, -0.456504, 58.676008, 92
16.581910, -9.335157, 60.296229, 93
29.984554, -4.542084, 53.898541, 94
30.964300, 11.909091, 36.553471, 95
