x coord, y coord, z coord, scalar
-27.211437, -21.999572, 55.441817, 0
-0.685139, 1.910664, -6.982868, 1
10.989758, -4.065712, -3.600254, 2
-2.221748, -3.823467, -4.483199, 3
3.271749, -0.649875, -14.480635, 4
-3.293040, 1.622932, -15.080773, 5
0.318933, -3.339943, -14.510316, 6
7.174939, 6.017714, -6.200820, 7
0.511531, 3.236346, -4.530143, 8
6.192506, 4.816372, -0.152585, 9
-1.556636, -2.145658, -8.690621, 10
9.844019, -0.754265, -2.821840, 11
4.570963, 4.371385, -0.751559, 12
13.354338, -6.701947, -2.281348, 13
0.278373, 1.495933, -7.566525, 14
6.414782, 4.581604, -6.985102, 15
-2.871152, 10.005756, -4.862918, 16
3.469224, 2.786756, -8.623997, 17
3.271530, 2.117865, -2.999624, 18
-8.148054, 14.250190, 1.662080, 19
