x coord, y coord, z coord, scalar
-29.100469, -23.530610, 59.240734, 0
-0.734496, 2.023321, -7.459969, 1
11.705397, -4.342015, -3.872258, 2
-2.374966, -4.084816, -4.815563, 3
3.480576, -0.702761, -15.472986, 4
-3.519120, 1.720739, -16.114527, 5
0.332423, -3.570897, -15.505350, 6
7.636828, 6.401788, -6.640464, 7
0.537436, 3.425056, -4.839595, 8
6.579207, 5.113528, -0.198477, 9
-1.663665, -2.293100, -9.288545, 10
10.477823, -0.812104, -3.040808, 11
4.846679, 4.632438, -0.833725, 12
14.232517, -7.155369, -2.467900, 13
0.289840, 1.582698, -8.083349, 14
6.825584, 4.870811, -7.474419, 15
-3.065972, 10.652448, -5.216968, 16
3.687254, 2.958350, -9.217672, 17
3.458074, 2.234730, -3.209280, 18
-8.696372, 15.189767, 1.735562, 19
