x coord, y coord, z coord, scalar
-7.109633, -5.707180, 15.018123, 0
-0.156382, 0.711069, -1.899218, 1
3.359531, -1.116980, -0.703870, 2
-0.584781, -1.033828, -0.944356, 3
1.046245, -0.084384, -3.900098, 4
-0.879916, 0.581247, -4.058856, 5
0.176950, -0.875145, -3.901491, 6
2.250667, 1.922999, -1.515828, 7
0.237727, 1.225753, -1.234791, 8
2.070833, 1.649236, 0.331737, 9
-0.412768, -0.571227, -2.318363, 10
3.086645, -0.135494, -0.491169, 11
1.633045, 1.589353, 0.119542, 12
3.990604, -1.864149, -0.296433, 13
0.158357, 0.572406, -2.059049, 14
2.035395, 1.498702, -1.770355, 15
-0.791015, 3.110445, -1.091509, 16
1.145887, 0.958299, -2.296323, 17
1.284574, 0.873556, -0.768730, 18
-2.297340, 4.231886, 0.872626, 19
