x coord, y coord, z coord, scalar
-17.144600, -13.840501, 35.197324, 0
-0.421519, 1.310177, -4.439237, 1
7.173558, -2.591844, -2.150399, 2
-1.404146, -2.429285, -2.711648, 3
2.158340, -0.367587, -9.188854, 4
-2.087011, 1.101559, -9.568222, 5
0.247308, -2.107970, -9.204282, 6
4.711957, 3.969667, -3.856816, 7
0.373796, 2.230281, -2.880650, 8
4.130618, 3.231961, 0.091300, 9
-0.985440, -1.359012, -5.502626, 10
6.464263, -0.445482, -1.654843, 11
3.100988, 2.979524, -0.314235, 12
8.671296, -4.283477, -1.287238, 13
0.217601, 1.033513, -4.811020, 14
4.224255, 3.039495, -4.376188, 15
-1.831765, 6.557185, -2.975507, 16
2.306783, 1.871904, -5.458545, 17
2.277105, 1.494963, -1.882374, 18
-5.223355, 9.239749, 1.269237, 19
