x coord, y coord, z coord, scalar
-16.516073, -13.331084, 33.933376, 0
-0.405012, 1.272675, -4.280334, 1
6.935089, -2.499707, -2.059851, 2
-1.353010, -2.342123, -2.601013, 3
2.088779, -0.349926, -8.858179, 4
-2.011612, 1.068995, -9.223753, 5
0.242858, -2.030954, -8.872721, 6
4.558055, 3.841693, -3.710377, 7
0.365222, 2.167434, -2.777631, 8
4.001793, 3.132969, 0.106473, 9
-0.949709, -1.309823, -5.303452, 10
6.253072, -0.426158, -1.581974, 11
3.009155, 2.892567, -0.286974, 12
8.378654, -4.132305, -1.225173, 13
0.213834, 1.004639, -4.638873, 14
4.087381, 2.943140, -4.213193, 15
-1.766775, 6.341686, -2.857614, 16
2.234162, 1.814751, -5.260771, 17
2.214992, 1.456063, -1.812620, 18
-5.040535, 8.926648, 1.244607, 19
