x coord, y coord, z coord, scalar
-6.485223, -5.201090, 13.762607, 0
-0.139681, 0.673744, -1.740782, 1
3.121346, -1.024715, -0.613751, 2
-0.533416, -0.946501, -0.834276, 3
0.976852, -0.066605, -3.569814, 4
-0.804381, 0.548819, -3.714798, 5
0.172662, -0.798021, -3.570349, 6
2.096984, 1.795203, -1.369778, 7
0.229366, 1.163104, -1.132240, 8
1.942282, 1.550464, 0.346465, 9
-0.376849, -0.521893, -2.119674, 10
2.875732, -0.116015, -0.418728, 11
1.541477, 1.502616, 0.146345, 12
3.698268, -1.712867, -0.234796, 13
0.154786, 0.543700, -1.887358, 14
1.898737, 1.402517, -1.607758, 15
-0.725850, 2.895185, -0.974057, 16
1.073465, 0.901307, -2.098965, 17
1.222706, 0.834847, -0.699439, 18
-2.114351, 3.919124, 0.847507, 19
