x coord, y coord, z coord, scalar
-9.612215, -7.735531, 20.050304, 0
-0.222957, 0.860580, -2.533525, 1
4.312615, -1.485886, -1.064859, 2
-0.789964, -1.382939, -1.385349, 3
1.324015, -0.155361, -5.221702, 4
-1.181894, 0.711120, -5.435581, 5
0.194296, -1.183514, -5.226561, 6
2.865662, 2.434400, -2.100493, 7
0.271425, 1.476588, -1.645556, 8
2.585370, 2.044589, 0.272293, 9
-0.556219, -0.768392, -3.113705, 10
3.930633, -0.213222, -0.781446, 11
1.999636, 1.936567, 0.011781, 12
5.160319, -2.469145, -0.543495, 13
0.172875, 0.687430, -2.746358, 14
2.582288, 1.883646, -2.421219, 15
-1.051464, 3.971773, -1.561849, 16
1.435814, 1.186460, -3.086255, 17
1.532341, 1.028620, -1.046448, 18
-3.029097, 5.483346, 0.972510, 19
