x coord, y coord, z coord, scalar
-27.841075, -22.509887, 56.708043, 0
-0.701593, 1.948215, -7.141898, 1
11.228302, -4.157814, -3.690918, 2
-2.272823, -3.910585, -4.593982, 3
3.341356, -0.667505, -14.811415, 4
-3.368401, 1.655533, -15.425354, 5
0.323428, -3.416929, -14.841990, 6
7.328900, 6.145737, -6.347365, 7
0.520164, 3.299247, -4.633289, 8
6.321404, 4.915422, -0.167878, 9
-1.592314, -2.194807, -8.889925, 10
10.055284, -0.773546, -2.894825, 11
4.662866, 4.458401, -0.778943, 12
13.647061, -6.853088, -2.343528, 13
0.282193, 1.524853, -7.738795, 14
6.551714, 4.678005, -7.148204, 15
-2.936094, 10.221318, -4.980930, 16
3.541899, 2.843953, -8.821885, 17
3.333709, 2.156818, -3.069505, 18
-8.330828, 14.563379, 1.686579, 19
