x coord, y coord, z coord, scalar
-22.175994, -17.918401, 45.315422, 0
-0.553426, 1.610333, -5.710823, 1
9.081521, -3.328842, -2.875115, 2
-1.813059, -3.126457, -3.597155, 3
2.714961, -0.508790, -11.834552, 4
-2.690094, 1.362177, -12.324296, 5
0.283040, -2.724011, -11.857093, 6
5.943341, 4.993603, -5.028626, 7
0.442557, 2.733216, -3.705165, 8
5.161429, 4.024060, -0.030423, 9
-1.271132, -1.752408, -7.096387, 10
8.154006, -0.599950, -2.238130, 11
3.835847, 3.675348, -0.532671, 12
11.012669, -5.492767, -1.784083, 13
0.247889, 1.264639, -6.188548, 14
5.319413, 3.810466, -5.680448, 15
-2.351546, 8.281355, -3.918996, 16
2.887905, 2.329251, -7.041066, 17
2.774197, 1.806319, -2.440769, 18
-6.685789, 11.744808, 1.465897, 19
