x coord, y coord, z coord, scalar
-14.003162, -11.294384, 28.880034, 0
-0.338925, 1.122717, -3.644857, 1
5.981297, -2.131120, -1.697783, 2
-1.148400, -1.993425, -2.158629, 3
1.810584, -0.279244, -7.535595, 4
-1.709977, 0.938778, -7.845994, 5
0.225103, -1.722859, -7.546599, 6
3.942511, 3.329845, -3.124736, 7
0.330987, 1.916100, -2.365692, 8
3.486570, 2.737067, 0.167033, 9
-0.806734, -1.113025, -4.506897, 10
5.408386, -0.348818, -1.290621, 11
2.641903, 2.544802, -0.178067, 12
7.208172, -3.527585, -0.977039, 13
0.198824, 0.889191, -3.950417, 14
3.539948, 2.557769, -3.561333, 15
-1.506766, 5.479760, -2.386168, 16
1.943737, 1.586187, -4.469793, 17
1.966612, 1.300516, -1.533739, 18
-4.309203, 7.674342, 1.145949, 19
