x coord, y coord, z coord, scalar
-20.288642, -16.388720, 41.519949, 0
-0.503989, 1.497749, -5.233913, 1
8.365995, -3.052486, -2.603286, 2
-1.659749, -2.865041, -3.265013, 3
2.506204, -0.455856, -10.842360, 4
-2.463957, 1.264426, -11.290710, 5
0.269618, -2.493011, -10.862230, 6
5.481541, 4.609602, -4.589142, 7
0.416741, 2.544588, -3.395906, 8
4.774837, 3.726992, 0.015286, 9
-1.164024, -1.604905, -6.498659, 10
7.520314, -0.542046, -2.019337, 11
3.560238, 3.414383, -0.450692, 12
10.134612, -5.039299, -1.597706, 13
0.236503, 1.177943, -5.671910, 14
4.908698, 3.521328, -5.191294, 15
-2.156653, 7.634758, -3.565126, 16
2.669956, 2.157723, -6.447562, 17
2.587753, 1.689533, -2.231305, 18
-6.137400, 10.805365, 1.392218, 19
