x coord, y coord, z coord, scalar
-15.259359, -12.312525, 31.406175, 0
-0.371981, 1.197685, -3.962566, 1
6.458176, -2.315422, -1.878790, 2
-1.250719, -2.167784, -2.379787, 3
1.949671, -0.314592, -8.196862, 4
-1.860803, 1.003878, -8.534848, 5
0.233970, -1.876913, -8.209633, 6
4.250270, 3.585758, -3.417532, 7
0.348091, 2.041755, -2.571632, 8
3.744165, 2.935004, 0.136781, 9
-0.878234, -1.211433, -4.905144, 10
5.830712, -0.387498, -1.436271, 11
2.825513, 2.718671, -0.232492, 12
7.793394, -3.829952, -1.101080, 13
0.206316, 0.946904, -4.294616, 14
3.813651, 2.750444, -3.887238, 15
-1.636782, 5.910708, -2.621863, 16
2.088937, 1.700459, -4.865255, 17
2.090787, 1.378277, -1.673150, 18
-4.674879, 8.300475, 1.195309, 19
