x coord, y coord, z coord, scalar
-20.917691, -16.898559, 42.784967, 0
-0.520471, 1.535274, -5.392875, 1
8.604499, -3.144607, -2.693889, 2
-1.710856, -2.952182, -3.375718, 3
2.575787, -0.473502, -11.173084, 4
-2.539338, 1.297008, -11.635232, 5
0.274089, -2.570013, -11.193844, 6
5.635471, 4.737600, -4.735630, 7
0.425343, 2.607461, -3.498984, 8
4.903697, 3.826011, 0.000057, 9
-1.199730, -1.654075, -6.697894, 10
7.731540, -0.561350, -2.092261, 11
3.652103, 3.501368, -0.478011, 12
10.427293, -5.190457, -1.659825, 13
0.240295, 1.206839, -5.844115, 14
5.045600, 3.617704, -5.354339, 15
-2.221620, 7.850286, -3.683075, 16
2.742603, 2.214896, -6.645389, 17
2.649897, 1.728459, -2.301118, 18
-6.320199, 11.118507, 1.416785, 19
