x coord, y coord, z coord, scalar
0.380343, -0.037228, 0.440174, 0
0.081002, 0.735631, -0.169041, 1
0.269006, 0.233240, 0.136256, 2
0.990969, 1.371078, 0.676344, 3
-0.235087, 0.868879, 0.090372, 4
0.478902, 0.787390, -0.176392, 5
-0.336338, 0.486870, -0.047888, 6
0.552885, 0.893829, -0.011596, 7
-0.005363, 0.646591, -0.203098, 8
-0.141406, 0.499066, -0.245479, 9
-0.391385, 0.225510, -0.158579, 10
0.483591, 0.636089, -0.335620, 11
-0.658534, 0.131280, 0.154219, 12
-0.188876, -0.000577, -0.374225, 13
-0.588738, 0.508414, 0.221935, 14
0.498403, 0.702914, -1.372419, 15
0.623584, 0.219636, -0.558234, 16
-0.110374, 0.081212, -0.414117, 17
-0.123428, 1.680748, 0.302288, 18
0.405211, 0.785043, -0.305739, 19
