x coord, y coord, z coord, scalar
0.427124, 0.093419, 0.531361, 0
-0.006546, 0.931761, -0.345089, 1
0.301376, 0.323248, 0.200433, 2
1.217703, 1.881440, 0.758040, 3
-0.455486, 1.161874, -0.040650, 4
0.500033, 0.988578, -0.346990, 5
-0.545869, 0.619165, -0.195236, 6
0.594971, 1.131405, -0.143624, 7
-0.106618, 0.802880, -0.371776, 8
-0.296898, 0.636249, -0.451230, 9
-0.633830, 0.287964, -0.350919, 10
0.508250, 0.812899, -0.568164, 11
-1.026379, 0.168749, 0.045488, 12
-0.368716, -0.007205, -0.632275, 13
-0.935711, 0.678173, 0.135928, 14
0.538155, 0.947346, -2.047923, 15
0.698595, 0.284609, -0.898093, 16
-0.262183, 0.099154, -0.677593, 17
-0.317542, 2.296616, 0.245931, 18
0.407685, 1.039808, -0.565341, 19
