x coord, y coord, z coord, scalar
0.389086, -0.010938, 0.456772, 0
0.094485, 0.705460, -0.141947, 1
0.274965, 0.251877, 0.147284, 2
0.953811, 1.287461, 0.662940, 3
-0.199920, 0.822155, 0.111258, 4
0.475663, 0.756598, -0.150278, 5
-0.303966, 0.466474, -0.025140, 6
0.546409, 0.857316, 0.008684, 7
0.010062, 0.622822, -0.177421, 8
-0.117338, 0.477878, -0.213650, 9
-0.353583, 0.215822, -0.128603, 10
0.479772, 0.608735, -0.299613, 11
-0.599993, 0.125357, 0.171511, 12
-0.160865, 0.000510, -0.334048, 13
-0.533332, 0.481339, 0.235653, 14
0.491825, 0.662496, -1.260688, 15
0.611739, 0.209418, -0.504568, 16
-0.086802, 0.078480, -0.373225, 17
-0.091420, 1.579197, 0.311567, 18
0.404817, 0.744678, -0.264594, 19
