x coord, y coord, z coord, scalar
0.360170, -0.110752, 0.410495, 0
-0.343965, 1.687562, -1.024416, 1
0.256577, 0.179138, 0.120392, 2
1.996380, 3.634786, 1.038009, 3
-1.248879, 2.216687, -0.513250, 4
0.581964, 1.772496, -1.012984, 5
-1.346927, 1.125640, -0.759605, 6
0.757193, 2.049764, -0.655610, 7
-0.505732, 1.419226, -1.037602, 8
-0.889265, 1.159579, -1.235981, 9
-1.543124, 0.523212, -1.073150, 10
0.601793, 1.486163, -1.454173, 11
-2.354553, 0.304789, -0.347864, 12
-1.044060, -0.030827, -1.602080, 13
-2.182030, 1.288414, -0.173887, 14
0.672376, 1.773611, -4.330823, 15
0.973136, 0.523361, -2.143414, 16
-0.835943, 0.168218, -1.674186, 17
-0.977212, 4.389385, 0.053919, 18
0.416429, 1.967693, -1.511490, 19
