x coord, y coord, z coord, scalar
0.392794, -0.000078, 0.463040, 0
0.120215, 0.647869, -0.090263, 1
0.277481, 0.259529, 0.151419, 2
0.880281, 1.122023, 0.636386, 3
-0.131456, 0.731184, 0.151881, 4
0.469486, 0.697988, -0.100611, 5
-0.242057, 0.427479, 0.018333, 6
0.534046, 0.787692, 0.047305, 7
0.039340, 0.577704, -0.128706, 8
-0.071262, 0.437324, -0.152742, 9
-0.280905, 0.197215, -0.071000, 10
0.472445, 0.556355, -0.230694, 11
-0.486144, 0.113856, 0.205107, 12
-0.107031, 0.002627, -0.256856, 13
-0.425393, 0.428603, 0.262338, 14
0.478722, 0.582038, -1.038259, 15
0.588792, 0.189648, -0.400677, 16
-0.041580, 0.073267, -0.294796, 17
-0.027829, 1.377436, 0.329977, 18
0.404040, 0.666372, -0.184813, 19
