x coord, y coord, z coord, scalar
0.381738, -0.033857, 0.444440, 0
0.023731, 0.863876, -0.284184, 1
0.270048, 0.235520, 0.139430, 2
1.141530, 1.709961, 0.730606, 3
-0.380521, 1.062183, 0.003930, 4
0.492703, 0.918777, -0.287825, 5
-0.473503, 0.573417, -0.144335, 6
0.580405, 1.049153, -0.097918, 7
-0.071413, 0.748480, -0.313111, 8
-0.243243, 0.588853, -0.380217, 9
-0.550458, 0.266430, -0.284767, 10
0.499740, 0.751867, -0.487943, 11
-0.901105, 0.155945, 0.082525, 12
-0.306839, -0.004986, -0.543475, 13
-0.817733, 0.620414, 0.165183, 14
0.524859, 0.865565, -1.821944, 15
0.672951, 0.262354, -0.781923, 16
-0.209873, 0.092908, -0.586788, 17
-0.252513, 2.090291, 0.264822, 18
0.406840, 0.952859, -0.476764, 19
