x coord, y coord, z coord, scalar
0.422685, 0.075985, 0.525948, 0
-0.152391, 1.258417, -0.638622, 1
0.298623, 0.310675, 0.197274, 2
1.565280, 2.664013, 0.883070, 3
-0.805150, 1.626718, -0.248836, 4
0.535371, 1.326277, -0.633778, 5
-0.892930, 0.838487, -0.439636, 6
0.665079, 1.528004, -0.364570, 7
-0.277955, 1.067399, -0.657499, 8
-0.553801, 0.863100, -0.791464, 9
-1.029979, 0.390317, -0.665479, 10
0.548858, 1.104906, -0.952426, 11
-1.611250, 0.228556, -0.127649, 12
-0.662836, -0.017656, -1.054550, 13
-1.485318, 0.947209, -0.000605, 14
0.598335, 1.317721, -3.071303, 15
0.819022, 0.389218, -1.444224, 16
-0.511595, 0.129012, -1.110718, 17
-0.612821, 3.233383, 0.160034, 18
0.411549, 1.447392, -0.980905, 19
