x coord, y coord, z coord, scalar
0.463777, 0.178697, 0.607276, 0
-0.397815, 1.808267, -1.132887, 1
0.328706, 0.377556, 0.259057, 2
2.114686, 3.901211, 1.080518, 3
-1.371812, 2.380175, -0.586521, 4
0.595098, 1.898303, -1.119865, 5
-1.474353, 1.206309, -0.849430, 6
0.783100, 2.196554, -0.737483, 7
-0.570104, 1.518743, -1.145051, 8
-0.983350, 1.242804, -1.360673, 9
-1.686565, 0.560428, -1.187121, 10
0.616639, 1.593117, -1.594864, 11
-2.560649, 0.325973, -0.408933, 12
-1.150663, -0.034438, -1.755206, 13
-2.374984, 1.382951, -0.221889, 14
0.692629, 1.898333, -4.675373, 15
1.016003, 0.560721, -2.337878, 16
-0.926768, 0.179273, -1.831993, 17
-1.077002, 4.705969, 0.024850, 18
0.417785, 2.112235, -1.658861, 19
