x coord, y coord, z coord, scalar
0.414517, 0.060011, 0.506240, 0
0.053002, 0.798394, -0.225325, 1
0.292486, 0.300828, 0.182036, 2
1.065892, 1.539706, 0.703363, 3
-0.306919, 0.964390, 0.047704, 4
0.485659, 0.851579, -0.230761, 5
-0.403512, 0.529288, -0.095092, 6
0.566352, 0.969764, -0.053732, 7
-0.037566, 0.696319, -0.256720, 8
-0.191304, 0.543096, -0.311478, 9
-0.469524, 0.245633, -0.220539, 10
0.491521, 0.692851, -0.410224, 11
-0.778342, 0.143478, 0.118835, 12
-0.246823, -0.002727, -0.457350, 13
-0.701905, 0.563785, 0.193917, 14
0.511608, 0.784074, -1.596718, 15
0.647931, 0.240710, -0.668466, 16
-0.159203, 0.086971, -0.498843, 17
-0.187775, 1.884915, 0.283625, 18
0.406028, 0.867825, -0.390048, 19
