x coord, y coord, z coord, scalar
0.347692, -0.144493, 0.386260, 0
-0.326140, 1.647622, -0.988513, 1
0.248255, 0.154917, 0.104561, 2
1.957001, 3.546108, 1.023860, 3
-1.208050, 2.162397, -0.488915, 4
0.577621, 1.730889, -0.977626, 5
-1.304739, 1.098943, -0.729865, 6
0.748620, 2.001189, -0.628509, 7
-0.484452, 1.386344, -1.002084, 8
-0.858109, 1.132031, -1.194690, 9
-1.495591, 0.510888, -1.035381, 10
0.596878, 1.450752, -1.407578, 11
-2.286123, 0.297762, -0.327586, 12
-1.008738, -0.029621, -1.551344, 13
-2.117943, 1.257021, -0.157943, 14
0.665630, 1.732069, -4.216056, 15
0.958915, 0.510973, -2.078893, 16
-0.805858, 0.164567, -1.621916, 17
-0.943981, 4.283960, 0.063599, 18
0.415979, 1.919723, -1.462574, 19
