x coord, y coord, z coord, scalar
0.374892, -0.061467, 0.436185, 0
-0.203529, 1.372934, -0.741586, 1
0.265947, 0.215089, 0.135749, 2
1.682341, 2.927606, 0.925151, 3
-0.924830, 1.785821, -0.320140, 4
0.547786, 1.445146, -0.734804, 5
-1.014255, 0.915185, -0.525129, 6
0.689660, 1.667201, -0.442208, 7
-0.338527, 1.160914, -0.758558, 8
-0.643497, 0.942331, -0.910303, 9
-1.167513, 0.425895, -0.774731, 10
0.563014, 1.206836, -1.086599, 11
-1.811624, 0.249079, -0.187004, 12
-0.764988, -0.021229, -1.201251, 13
-1.673282, 1.039239, -0.047344, 14
0.618487, 1.441787, -3.414086, 15
0.860476, 0.425270, -1.632293, 16
-0.598420, 0.139462, -1.261537, 17
-0.711915, 3.547747, 0.131184, 18
0.412863, 1.587461, -1.123753, 19
