x coord, y coord, z coord, scalar
0.422043, 0.079999, 0.521471, 0
0.008723, 0.897559, -0.314374, 1
0.297813, 0.314258, 0.193144, 2
1.179549, 1.795547, 0.744303, 3
-0.417833, 1.111817, -0.018251, 4
0.496343, 0.953382, -0.317126, 5
-0.509411, 0.596137, -0.169582, 6
0.587632, 1.089935, -0.120553, 7
-0.088847, 0.775448, -0.342159, 8
-0.269872, 0.612396, -0.415455, 9
-0.591883, 0.277144, -0.317628, 10
0.503970, 0.782173, -0.527743, 11
-0.963473, 0.162330, 0.064095, 12
-0.337588, -0.006076, -0.587599, 13
-0.876473, 0.649183, 0.150626, 14
0.531503, 0.906427, -1.934848, 15
0.685714, 0.273437, -0.839707, 16
-0.235857, 0.096025, -0.631891, 17
-0.284990, 2.193341, 0.255391, 18
0.407265, 0.996125, -0.520818, 19
