x coord, y coord, z coord, scalar
0.382171, -0.037932, 0.448719, 0
-0.135594, 1.220745, -0.604805, 1
0.270682, 0.232026, 0.143513, 2
1.526375, 2.576411, 0.869079, 3
-0.765556, 1.574056, -0.225259, 4
0.531282, 1.287232, -0.600652, 5
-0.853009, 0.813217, -0.411523, 6
0.656994, 1.482269, -0.339108, 7
-0.258101, 1.036692, -0.624380, 8
-0.524278, 0.836986, -0.752359, 9
-0.984618, 0.378557, -0.629459, 10
0.544186, 1.071329, -0.908289, 11
-1.544934, 0.221747, -0.108019, 12
-0.629137, -0.016499, -1.006162, 13
-1.423100, 0.916728, 0.014851, 14
0.591625, 1.276417, -2.957192, 15
0.805311, 0.377282, -1.382075, 16
-0.482974, 0.125543, -1.061006, 17
-0.579855, 3.128792, 0.169627, 18
0.411106, 1.401075, -0.933706, 19
