x coord, y coord, z coord, scalar
0.420459, 0.076639, 0.517037, 0
0.067182, 0.766654, -0.196819, 1
0.296600, 0.312191, 0.189733, 2
1.028327, 1.455156, 0.689823, 3
-0.270750, 0.916322, 0.069201, 4
0.482246, 0.819081, -0.203192, 5
-0.369541, 0.507864, -0.071206, 6
0.559540, 0.931320, -0.032363, 7
-0.021237, 0.671142, -0.229525, 8
-0.166077, 0.520864, -0.278102, 9
-0.430082, 0.235497, -0.189252, 10
0.487522, 0.664175, -0.372485, 11
-0.718039, 0.137354, 0.136658, 12
-0.217580, -0.001624, -0.415394, 13
-0.644950, 0.535935, 0.208032, 14
0.505000, 0.743451, -1.484440, 15
0.635672, 0.230109, -0.612911, 16
-0.134547, 0.084083, -0.456056, 17
-0.155544, 1.782660, 0.292978, 18
0.405624, 0.826130, -0.347549, 19
